AnGiang,25-07-2019,506152,27053,13046,76452,21297,60628,82429,10199,17354,20770,67948,82941,6386,5077,6960,0435,685,06
AnGiang,18-07-2019,364736,40988,56734,05720,76955,11700,72224,03463,52403,40453,83008,71816,9468,9192,6072,9069,723,64
AnGiang,11-07-2019,517418,68169,59411,92924,15109,78519,89810,49788,12842,83762,44795,54039,9783,6683,6689,4658,263,76
AnGiang,04-07-2019,779579,28092,74810,67133,33403,79046,10859,70502,85022,40168,72138,12606,2784,6074,9329,9103,136,71
AnGiang,27-06-2019,269873,54728,95147,38906,60541,21023,32181,41148,89792,35578,90193,50672,3794,0684,0136,8479,261,72
AnGiang,20-06-2019,090052,87865,28545,19412,83273,91389,96443,29357,86661,91015,12484,64095,1461,3850,8628,7123,744,53
AnGiang,13-06-2019,380259,81140,42657,58665,91961,11239,88446,61936,60999,63190,08841,63054,1776,6501,7550,6713,409,95
AnGiang,06-06-2019,147502,00568,01411,25330,79117,33361,29591,46953,08474,58246,56448,71196,2943,8555,3558,0642,355,67
AnGiang,30-05-2019,840467,39797,40219,26567,00311,32479,85129,21272,38200,31288,01930,22500,4993,8106,7298,4392,588,84
AnGiang,23-05-2019,904802,83017,57532,83958,61077,69835,58605,58910,88938,78928,42778,97458,9870,0243,9952,5748,266,64
AnGiang,16-05-2019,191473,69300,93414,91904,79268,93515,02245,72615,81232,86087,12673,13447,5846,6791,4709,5064,231,75
AnGiang,09-05-2019,971592,04364,68281,62449,82435,10905,53398,50768,54546,25129,72288,93498,7473,8441,0948,1367,586,08
AnGiang,02-05-2019,002039,80780,80791,37372,56318,98101,28938,13819,39916,60230,83986,75894,2502,7752,7437,7124,278,36
AnGiang,25-04-2019,674990,83770,42488,83691,98567,71873,88045,32357,03485,37527,63093,34178,5290,0052,1438,7449,683,14
AnGiang,18-04-2019,548238,22354,32118,30528,79376,67182,77446,12536,06884,21329,01389,18423,4110,6387,9044,8662,902,16
AnGiang,11-04-2019,805535,72610,41124,61621,96065,20046,85456,20864,11498,53665,09797,89245,4854,9164,1174,9377,911,60
AnGiang,04-04-2019,372154,09420,81555,83381,56105,25722,77621,82919,75270,96677,55070,64559,4125,4782,8879,9051,344,34
AnGiang,28-03-2019,636659,71074,63253,06919,25684,53412,78600,28261,88113,06283,04831,29537,8711,2571,7675,6657,015,81
AnGiang,21-03-2019,301299,75194,67558,64940,01942,21488,63722,46666,62809,05525,79855,55971,7061,2237,7863,9036,916,31
AnGiang,14-03-2019,993561,09866,46785,67933,11627,46259,33714,10985,51424,79684,02185,64821,9889,6614,7982,1560,392,78
AnGiang,07-03-2019,278929,39502,88549,54105,68703,05605,27679,28662,27923,17015,13564,84333,4181,9279,3198,3312,912,36
AnGiang,28-02-2019,259641,94270,42709,89984,86992,05637,20718,87625,46928,16222,62628,90240,5885,1693,8987,2997,296,16
AnGiang,21-02-2019,769718,70688,56217,40825,36028,54372,95207,16517,19540,16193,16115,78251,5368,5551,3771,8584,815,36
AnGiang,14-02-2019,845513,30754,65616,27287,89287,52626,02493,35304,18143,86280,39725,99657,3735,2957,9688,1844,360,15
AnGiang,07-02-2019,965894,94999,77759,29034,05239,56504,19456,42020,44560,84088,63615,56105,0601,6291,6711,0319,540,19
AnGiang,31-01-2019,871306,10134,39833,25467,00991,96895,22834,74625,75888,70856,21685,22506,0514,9896,5211,0011,882,23
AnGiang,24-01-2019,605839,14889,67399,88348,16082,61627,67268,44361,64095,41559,27015,78510,2802,2742,5882,2451,346,14
AnGiang,17-01-2019,826694,49448,19776,52365,93537,18353,91282,16142,32860,08853,67217,37591,7063,2742,6546,0694,061,24
AnGiang,10-01-2019,855373,44930,71737,26221,21319,99481,92893,31405,25745,95881,49216,66346,9819,5571,4682,2405,009,85
AnGiang,03-01-2019,879353,95753,76768,41205,31698,40180,58798,83766,84081,58418,94589,71057,5591,5375,8738,3002,131,62
AnGiang,20-12-2018,615780,16542,01753,92600,90374,32339,06647,64332,42756,76506,63497,24500,3938,0821,1400,6907,067,76
AnGiang,13-12-2018,402839,27973,45317,25083,70121,48679,88620,52961,75053,04937,57391,80700,1581,8676,9392,1167,872,97
AnGiang,06-12-2018,875712,79294,38456,84640,48570,74848,34461,27036,81169,34325,89667,65505,3294,5556,0496,9145,397,54
AnGiang,29-11-2018,584623,97075,25741,35235,57608,97507,93837,99311,54982,74773,39456,51718,6042,3207,9325,8551,390,17
AnGiang,22-11-2018,886042,43952,38908,37812,70965,01463,60294,53354,73549,06360,71045,91496,6171,0962,4113,1446,385,69
AnGiang,15-11-2018,765280,87460,56027,28316,81159,54057,07512,99920,10516,03653,38095,30851,9101,0232,2456,1797,509,98
AnGiang,08-11-2018,350128,19314,71926,70983,31832,79185,94938,06481,00861,66948,30156,96298,2390,2369,2016,7648,292,97
AnGiang,01-11-2018,041260,31647,30759,97373,08224,35772,20565,55380,10921,79205,68790,30879,4303,4401,8017,0828,456,89
AnGiang,25-10-2018,046992,01774,94159,38063,23857,11724,10893,73375,01325,38315,94572,52387,1304,9743,3628,1500,082,18
AnGiang,18-10-2018,173595,47918,35797,22177,09721,80662,65147,22439,21079,03431,68682,16304,3900,9864,0184,5588,563,71
AnGiang,11-10-2018,774041,27711,81392,42384,09700,60645,55048,39965,84987,87481,81894,28538,7807,1392,0678,5936,501,88
AnGiang,04-10-2018,146408,06925,39262,25621,70992,20050,83823,38385,11530,98454,01930,25115,6986,1296,9358,3287,307,10
AnGiang,20-09-2018,757816,56991,77138,49178,69140,87192,53245,40123,10631,60441,23929,65041,9225,1463,3830,6146,915,59
AnGiang,13-09-2018,778797,60225,28054,99772,94662,93584,90469,67821,95224,66139,79706,68410,7073,9947,9573,6653,177,88
AnGiang,06-09-2018,885660,93792,70745,51605,64867,35003,31806,54506,99249,27724,21940,38844,9835,5772,1881,1478,706,58
AnGiang,30-08-2018,562625,52693,78859,43803,68216,61724,35877,39084,48454,87509,03968,67525,2258,7647,6605,5132,129,92
AnGiang,22-08-2018,312238,58398,97995,05284,28547,10590,52463,78656,71199,06475,51218,22172,0871,4653,4606,8167,603,54
AnGiang,16-08-2018,622774,62416,81786,34548,80641,83018,48562,17120,63828,85786,14484,43360,9744,5989,9192,3301,283,00
AnGiang,09-08-2018,084980,50322,88809,79530,19926,89034,68010,78808,84925,86261,98306,36993,7345,1819,5995,8995,876,74
AnGiang,27-07-2018,492996,45699,75597,23564,25906,20920,15338,35543,48050,91566,18687,47615,7623,3337,1802,8861,853,09
AnGiang,26-07-2018,253156,42496,74599,40702,57290,00823,96504,07031,98045,29971,96617,68138,3284,8033,6936,5751,348,86
AnGiang,19-07-2018,451979,05161,00560,46038,76062,04389,02060,40101,91347,99048,45269,35551,0876,1156,7679,6460,347,14
AnGiang,12-07-2018,693029,65134,62931,01728,59791,05316,54886,34797,52146,25139,86016,09043,1751,3263,6105,4327,131,64
AnGiang,05-07-2018,185058,62662,17974,76009,18428,68438,05270,26699,19460,43516,64205,11177,3780,6391,6179,4477,829,68
AnGiang,28-06-2018,002540,46012,77019,75959,16411,63490,38558,24640,77174,96937,52261,91520,4570,4915,3023,1140,910,19
AnGiang,21-06-2018,091186,66125,08825,55897,01025,70122,81163,47969,82368,94322,12952,79238,6701,5194,2149,0586,291,82
AnGiang,14-06-2018,682341,01954,47478,84621,79134,57937,20751,58349,46085,99168,27497,99186,2004,9097,4960,9378,337,06
AnGiang,07-06-2018,893294,28353,66226,22855,38398,05640,79948,21824,14483,71873,56091,45672,1356,9620,8822,9658,356,11
AnGiang,31-05-2018,362151,31340,17371,12148,34056,40555,73554,91653,78139,50607,07009,23969,4833,2690,5992,1214,067,65
AnGiang,24-05-2018,245787,43389,93033,27754,02149,27734,70204,36634,24802,69670,29777,57372,0271,5140,3308,1360,665,69
AnGiang,17-05-2018,046984,04955,32990,91186,99520,47435,82120,74793,58931,38300,68963,42988,7802,1044,7984,2942,869,74
AnGiang,10-05-2018,450580,23741,31879,09383,08366,45457,15597,79475,32808,44451,07640,06155,2262,3623,4593,4384,932,52
AnGiang,03-05-2018,005462,12953,37368,34572,72987,20138,93334,90095,35491,35696,02050,03079,3312,0187,4573,3878,794,94
AnGiang,26-04-2018,507492,31355,93191,15280,64362,15009,83493,56786,37546,36841,56478,21562,8556,3283,3367,2634,180,09
AnGiang,19-04-2018,105489,95496,89839,07050,49325,32652,02215,34758,98637,22937,37082,03220,2591,9409,0260,0926,585,68
AnGiang,12-04-2018,296175,57050,08118,03291,22173,31445,50309,88715,62779,34675,72351,28031,0346,7343,6928,7242,685,86
AnGiang,05-04-2018,611891,93542,06706,37793,01968,46575,68416,16494,83163,95891,93058,49552,2423,0007,6370,9824,758,92
AnGiang,29-03-2018,800146,28896,66063,11391,85183,52199,25107,85110,45464,25206,51234,41104,7746,7436,7788,7991,247,33
AnGiang,22-03-2018,960415,48487,32171,46892,69380,97253,92573,97980,78750,69332,67115,35467,0601,8135,2564,2627,972,61
AnGiang,15-03-2018,576466,83019,07239,68396,09510,05087,22395,36105,04726,85980,28621,00287,8535,3003,4568,3670,096,00
AnGiang,08-03-2018,539054,51107,27966,31797,24492,68508,37074,25889,45278,76050,06841,24228,7406,1013,5141,3718,381,59
AnGiang,01-03-2018,998577,80070,75140,08002,17993,48236,20814,26116,54698,86810,86735,80393,8579,2847,2379,4852,989,68
AnGiang,22-02-2018,918800,61899,26523,52127,52991,15210,59600,37528,94612,13150,10647,35175,1708,2453,7696,5159,382,73
AnGiang,15-02-2018,351215,78689,38374,28624,99843,02551,58886,67680,13515,11885,82516,06026,4290,0458,5329,6816,059,58
AnGiang,08-02-2018,041393,19428,45590,52209,33356,78480,28374,82998,27332,25608,03976,60376,7169,9416,3251,9769,669,61
AnGiang,01-02-2018,778211,26485,61053,05200,23446,30764,11178,01594,99181,56794,96601,25213,9509,7523,2119,2565,205,17
AnGiang,25-01-2018,234226,89595,30606,22298,20963,35037,32436,23781,61577,26774,42712,53509,3956,7397,5140,9892,566,83
AnGiang,18-01-2018,517570,60312,35365,37793,96682,04185,21786,35553,00293,35503,01469,75950,6657,1138,3694,9085,276,28
AnGiang,11-01-2018,678619,56988,92203,49498,58324,56130,83369,74150,82556,49820,41003,19961,5342,6629,7227,2110,480,86
AnGiang,04-01-2018,710798,69990,09944,09708,97243,98517,84572,81284,25734,90229,54000,61120,7429,5913,4764,0946,469,52
AnGiang,28-12-2017,107879,41049,09290,33331,11184,63160,25774,15672,92556,27812,87993,91003,6993,7331,2077,7397,706,92
AnGiang,21-12-2017,177692,48429,72360,69999,40355,09687,79618,07189,40828,65703,25293,51515,9405,9712,3876,5753,014,48
AnGiang,14-12-2017,714452,45738,04027,26475,26553,30937,10993,60910,54076,10285,34215,84515,8870,1116,9605,1071,108,31
AnGiang,07-12-2017,095880,97369,64221,86323,10247,41550,07332,42127,83335,03865,86576,60622,8956,6062,0644,2822,771,19
AnGiang,30-11-2017,246669,33508,23870,47921,48163,91035,02763,03086,26773,50250,04117,13402,5116,2284,2179,7857,430,83
AnGiang,23-11-2017,061074,06806,26549,76722,16664,10899,05699,89856,53608,41995,90459,18629,0384,5448,0964,7808,190,95
AnGiang,16-11-2017,500382,02407,16805,10380,76434,79248,43555,75450,39588,73268,11056,06131,1674,9958,1373,3775,166,92
AnGiang,09-11-2017,549799,09852,57574,75120,25549,65028,40026,38313,92324,39835,91440,04831,9477,5087,0015,2478,687,76
AnGiang,02-11-2017,278636,82260,36288,92588,55321,45674,84356,72066,12457,90569,86839,64798,4514,9179,8036,9520,097,78
AnGiang,26-10-2017,030918,43627,30757,54553,53928,70754,86901,27960,44206,54969,95473,74160,9900,4623,0512,0893,013,14
AnGiang,19-10-2017,152041,95958,31873,96337,03482,43703,70630,46615,85248,09927,52531,19940,9382,7761,1113,6303,692,72
AnGiang,12-10-2017,207987,79648,51601,96331,29552,00659,41854,27688,06003,04920,65274,58304,4520,9388,3353,2060,341,65
AnGiang,05-10-2017,425960,54314,24440,10668,19932,66022,37660,80797,63625,31480,59263,16596,8940,3393,5968,3084,459,07
AnGiang,28-09-2017,986819,85598,03529,99138,44941,75014,07508,45523,46691,58729,42373,49240,4717,1880,6811,4334,209,12
AnGiang,21-09-2017,908153,85333,77096,42554,45988,96965,82137,18919,79039,31669,95742,28753,7288,2371,7681,6796,836,73
AnGiang,14-09-2017,466816,74453,82310,51692,45367,38653,94659,99863,14108,07297,23186,54834,2518,0253,8439,8532,629,70
AnGiang,07-09-2017,061289,92027,10492,04117,52259,38290,55053,74657,40003,77224,01290,83422,5340,6726,7905,5024,935,76
AnGiang,31-08-2017,757663,60913,91814,16118,40970,75962,14641,92735,47247,22393,31430,62877,4792,0708,1901,0706,566,88
AnGiang,24-08-2017,990643,05228,99636,93469,99808,47960,58717,11326,64973,08483,06511,72355,2268,7789,8857,3599,270,15
AnGiang,17-08-2017,172890,37613,94902,86559,39876,62205,92714,34857,88934,49738,00601,24630,2355,5209,9020,1574,798,53
AnGiang,10-08-2017,214883,83917,72755,91372,46887,76732,16291,58229,42050,04924,97026,28114,2188,3344,2885,0579,952,10
AnGiang,03-08-2017,598108,54970,12611,15058,32867,24088,41313,27006,89306,23235,96086,92357,2250,0027,8762,9247,185,28
AnGiang,27-07-2017,213649,78603,27485,73355,19027,39955,27733,66308,38355,34957,69633,59221,3171,9428,9560,0782,321,87
AnGiang,13-07-2017,524034,19136,07703,64228,40921,45857,23194,91482,89148,81175,93300,96306,1208,1410,3578,2469,094,65
AnGiang,06-07-2017,237922,29075,70103,63718,08159,81401,07030,48558,45498,72125,83828,72607,5540,3861,8992,3784,251,92
AnGiang,29-06-2017,500802,44013,27670,99753,19751,13907,16052,67818,47903,14743,42764,60959,6009,7747,6281,8770,815,64
AnGiang,22-06-2017,053756,60981,61117,37219,94968,40667,07404,52792,42356,26202,42733,41762,3128,9663,5073,3596,035,75
AnGiang,15-06-2017,285548,47186,74895,86498,86324,01713,11908,88732,11628,90015,71383,44332,2958,0410,3565,1544,910,98
AnGiang,08-06-2017,421894,60182,30934,12077,00399,49671,83110,08508,93772,50236,02173,23217,3997,3103,3164,8079,818,44
AnGiang,01-06-2017,907245,95670,05661,66463,41208,67269,85329,54891,12672,34930,81961,99858,4095,2870,9527,1783,475,28
AnGiang,25-05-2017,397608,19497,43021,79307,63705,29112,32208,70941,49854,18147,82452,08779,7478,1971,7198,0197,371,03
AnGiang,18-05-2017,452424,32967,36239,01453,00965,50493,17959,04487,27954,93975,25540,18006,5279,7299,2964,8464,339,39
AnGiang,11-05-2017,718022,31869,81458,87485,77885,25159,24313,38700,32543,96388,69893,88541,0047,9958,1382,5555,558,70
AnGiang,04-05-2017,520051,24684,51770,82338,07497,50138,24064,28499,23695,02953,29606,06557,4543,4627,7864,4744,423,77
AnGiang,27-04-2017,688093,16174,94662,64561,72595,45570,16934,94129,43739,65476,27493,27635,3065,2666,2997,6963,512,59
AnGiang,20-04-2017,751631,32025,41796,24077,25939,14723,84344,87384,17889,57866,55883,93963,9020,3421,7679,8389,795,92
AnGiang,13-04-2017,547587,56335,76256,34018,31779,80695,54180,92825,63213,78699,60760,19188,0360,4303,0280,3340,576,36
AnGiang,06-04-2017,812131,60870,84607,40627,80372,08859,72434,37539,15644,20118,51239,58410,2192,0161,4373,5219,360,97
AnGiang,30-03-2017,482973,18580,82198,74003,26427,70453,56644,91525,88111,88175,32461,91743,6737,8877,4427,8239,705,85
AnGiang,23-03-2017,775868,20016,98175,90280,50053,37178,88572,93043,40476,18439,33428,54269,3704,5166,2089,0646,430,60
AnGiang,16-03-2017,018259,41119,25849,93010,37313,41626,47235,02239,53984,71715,65782,31470,9402,8634,3440,5428,232,60
AnGiang,09-03-2017,973447,32163,93129,28105,07103,07666,15620,15134,48715,86638,40178,70169,9081,9865,7792,2880,915,03
AnGiang,02-03-2017,391310,73970,92009,04216,97415,13346,82603,46485,97247,72064,87536,57651,0014,6440,4150,8692,149,54
AnGiang,23-02-2017,464115,70623,29839,76037,37855,88244,83880,99182,62630,78031,28130,09345,0350,4664,6605,3991,032,50
AnGiang,16-02-2017,852839,86744,87529,30251,76178,22861,67086,02744,07204,41915,44431,01963,2754,6067,1639,7365,357,26
AnGiang,09-02-2017,469749,74365,96957,84049,07466,22497,96373,33161,71007,38349,75225,63049,6473,6515,6755,1684,240,46
AnGiang,02-02-2017,061218,60554,29940,84851,08888,83248,80683,20531,22707,38626,88187,05248,8488,6746,5456,1834,813,15
AnGiang,26-01-2017,886148,65307,68354,04350,27101,53012,78870,19980,03041,14763,57789,39528,0987,9208,0794,4790,877,20
AnGiang,19-01-2017,550554,65349,29419,06456,86143,59682,31513,59847,74516,99209,88397,54300,9553,9697,7634,4839,582,65
AnGiang,12-01-2017,874770,29351,56501,86644,82338,54704,51623,20105,92427,93127,72553,34954,3793,5553,8682,4810,758,49
AnGiang,05-01-2017,223012,43275,55235,03105,87744,97768,90898,93188,09908,36384,52277,89184,0918,2232,7100,0612,615,04
AnGiang,29-12-2016,989555,20637,02440,38821,96513,64005,08570,41117,23893,06846,01507,45430,5860,8263,9308,3173,038,08
AnGiang,22-12-2016,442386,55953,41927,43834,21264,60844,05000,35410,05082,23021,75532,44049,2195,5059,7438,3161,412,59
AnGiang,15-12-2016,088546,69573,04834,31259,57090,18248,69380,38333,58404,19518,90242,25939,5174,7426,4129,5005,160,53
AnGiang,08-12-2016,880962,70536,93387,38334,61862,55957,80457,59852,28778,64018,04392,42864,2072,4867,6557,1930,032,62
AnGiang,24-11-2016,797121,39377,38968,99840,69401,05304,78355,63288,45256,45550,61275,66911,4275,1289,9680,2794,310,44
AnGiang,17-11-2016,359935,90686,92585,47737,30215,16953,45780,96490,49809,55070,68745,85328,8171,0939,9561,8059,407,99
AnGiang,10-11-2016,665909,74778,79796,50274,65869,75557,69545,93970,70090,10604,85012,00302,5685,8262,6140,0403,219,95
AnGiang,03-11-2016,272551,34795,55470,92709,05307,90778,76208,19343,21644,53833,20577,24704,4514,7369,0251,9652,057,42
AnGiang,27-10-2016,556999,66477,15694,98010,37072,37995,28862,94943,98574,19053,15450,30516,5834,4114,1186,0992,451,59
AnGiang,20-10-2016,700361,84346,19080,79434,50142,12358,30687,22067,15484,68121,02954,37715,3480,5618,8568,7091,958,40
AnGiang,13-10-2016,806319,51654,81113,95363,22027,05440,80622,79926,80126,85436,64981,23756,4703,1662,6045,4160,189,02
AnGiang,06-10-2016,320457,87879,90500,79174,89685,93265,18524,34078,50878,21532,26384,16773,7163,1757,0945,3920,760,23
AnGiang,29-09-2016,256106,40250,38180,77846,76735,75228,36949,03371,36675,34113,33336,95886,2301,1012,6258,4041,004,77
AnGiang,22-09-2016,761738,68998,68875,23837,57328,82129,59693,89831,49160,73532,98546,18801,3664,8326,4946,9771,442,66
AnGiang,15-09-2016,433574,70811,18635,32994,95298,81331,61406,34956,64056,21976,28548,98139,9707,9875,8546,5271,974,14
AnGiang,08-09-2016,607699,17988,78865,20294,77479,84191,97543,06779,16551,23172,08540,67773,5324,7344,1428,1946,448,53
AnGiang,01-09-2016,570526,77893,40881,29741,18209,57854,44746,80134,68751,53451,59329,27643,3193,4346,9774,0478,006,96
AnGiang,25-08-2016,740181,06666,73321,40739,50921,22375,37633,02721,11543,08487,01401,13243,8023,1511,3887,8664,302,06
AnGiang,18-08-2016,462171,19176,93638,90899,47763,28585,03990,05751,89660,34676,50495,80441,7659,9759,4310,8407,762,93
AnGiang,11-08-2016,647597,45430,10400,81663,91504,08613,99804,79313,02655,30009,38929,46637,3823,1477,7272,8924,809,58
AnGiang,04-08-2016,718616,27350,35982,55665,34303,95987,47601,66840,12316,21482,08526,05681,4993,8493,3622,6476,207,84
AnGiang,28-07-2016,847596,61550,33702,50121,25052,56184,14578,64352,13915,41403,62243,52911,8912,0607,5681,2321,422,57
AnGiang,21-07-2016,487123,93853,04493,77165,68958,36367,56783,81178,54798,18285,63204,22051,1199,0178,6153,3223,218,95
AnGiang,14-07-2016,484557,95497,57537,39420,78851,18243,11682,98200,92443,44225,84684,68344,1340,5039,8712,8969,914,18
AnGiang,07-07-2016,657352,26282,58309,07894,46054,84156,36627,77446,74397,84779,14580,14826,5930,5555,5640,7120,130,52
AnGiang,30-06-2016,806627,13946,25760,56219,48680,37416,13185,67367,71695,27054,84314,22789,0326,8132,4429,1339,487,69
AnGiang,23-06-2016,749494,34712,80358,81844,26732,44211,89704,17134,93558,24099,91583,09245,0904,7244,2684,6847,363,20
AnGiang,16-06-2016,701422,63753,48096,25285,00074,16195,01983,46929,43527,26634,02116,53760,2242,3962,8265,3222,234,21
AnGiang,09-06-2016,197107,80528,12729,35557,82534,87401,21351,71605,81864,86423,23049,01315,8894,9728,3654,8150,592,91
AnGiang,02-06-2016,094696,71775,30313,93169,32113,85815,35792,06539,10375,99401,61912,95846,7178,9205,4999,9761,555,64
AnGiang,26-05-2016,489559,54682,54496,17600,55781,26393,75090,38693,26932,87499,27772,56448,4996,6667,2157,5929,455,43
AnGiang,19-05-2016,281997,93073,23114,38659,69733,43687,35406,57111,08603,40001,63851,49408,1135,4323,2189,1761,858,68
AnGiang,12-05-2016,011998,06495,41822,21307,99112,79900,93043,38731,18455,96551,75042,27426,0202,5571,2139,1148,034,50
AnGiang,05-05-2016,778196,01238,01494,02676,63642,95136,34878,56006,45243,18203,99812,87183,7770,8095,0458,4498,652,58
AnGiang,28-04-2016,278192,53929,79823,42137,16542,58471,49318,52900,76944,31922,16721,71705,0502,8400,3954,7592,105,26
AnGiang,21-04-2016,758921,97585,50652,05245,55588,42337,31213,06902,39780,17010,91309,92958,6738,1690,7962,4834,375,68
AnGiang,14-04-2016,731309,93054,85625,64686,66471,38137,44168,05713,90706,64904,85726,48637,4918,6998,1828,8999,932,30
AnGiang,31-03-2016,379021,04953,45386,57633,83530,11605,08379,39053,83607,43431,75170,57290,3958,1617,8938,9604,372,21
AnGiang,24-03-2016,104866,92702,69496,37492,84370,59022,24317,34707,19642,95920,63364,75615,6065,4176,7120,7753,065,97
AnGiang,17-03-2016,838277,74584,85592,37988,84054,25947,24147,40707,74157,63911,99701,09243,0076,7348,6506,0729,705,28
AnGiang,10-03-2016,045501,43217,40163,95119,06548,34715,90750,17960,23977,82625,94622,27246,6032,7360,6368,2267,315,86
AnGiang,03-03-2016,240440,90295,16406,09366,34889,00535,85402,31837,27313,28154,63257,61532,9631,7526,0277,9207,973,61
AnGiang,25-02-2016,435576,05395,64478,14615,84199,57713,84461,09336,85409,25806,70170,45570,1448,9427,5438,5082,399,74
AnGiang,18-02-2016,513715,08917,18472,86534,00841,98331,35282,37560,44511,73901,57940,15332,2117,2448,3415,5522,668,32
AnGiang,11-02-2016,061972,44515,44892,84979,00133,64409,28911,42057,22232,56228,08827,54184,7055,8794,9689,3110,180,06
AnGiang,04-02-2016,123883,70010,60294,64622,72582,84893,61308,10229,40139,10269,11143,15497,2366,4648,7579,8739,472,32
AnGiang,28-01-2016,549843,27560,80283,87982,84227,58907,30509,39810,89895,87013,76914,27239,4386,5583,4214,0946,308,02
AnGiang,21-01-2016,380478,80108,13720,62459,50939,84550,85108,94848,86513,27641,58585,52967,8383,6062,7398,2666,697,58
AnGiang,14-01-2016,373833,98284,36971,89101,79140,75878,20443,38546,28884,80441,50359,93694,7665,8534,3833,4154,722,95
AnGiang,07-01-2016,813209,23684,52504,40468,99656,90466,25342,72852,28422,75830,72499,85094,4334,7899,5070,2908,465,23
AnGiang,24-12-2015,836603,00345,93655,82707,03223,08196,46634,08877,75898,22082,76075,86131,7260,2254,7035,5005,058,14
AnGiang,17-12-2015,588386,07899,32968,93635,21528,53760,72936,21229,28857,25624,16070,76213,7945,6960,0370,3931,226,48
AnGiang,10-12-2015,706960,22180,61098,51347,14218,44721,95408,22780,52464,00981,10157,57240,0702,8180,4049,9292,820,39
AnGiang,03-12-2015,078506,87703,36232,58394,97632,72950,99380,30598,21217,57300,78903,12310,1645,4814,9192,4177,627,09
AnGiang,26-11-2015,226840,79710,29871,77228,23957,04134,74525,85755,83892,56009,21168,22984,9672,3198,6190,4837,861,20
AnGiang,19-11-2015,373149,01635,14450,08366,71324,94521,65977,07602,16631,47295,31359,16930,0181,0682,2344,3503,082,99
AnGiang,12-11-2015,213202,20261,37199,57119,02823,27403,59392,85348,12083,19834,25111,23685,4932,3290,1253,4038,168,56
AnGiang,05-11-2015,384592,99121,73071,69041,38320,12044,52259,46184,70138,25861,67291,24703,6027,1600,1784,4258,511,41
AnGiang,29-10-2015,672180,66220,52623,65374,48421,89904,55492,97430,86659,40862,95302,42091,5023,0608,8120,1383,787,71
AnGiang,22-10-2015,726488,42413,32687,45737,19000,56991,61392,21027,07567,87740,16210,27967,3987,2032,5538,3411,608,27
AnGiang,15-10-2015,073990,47977,41066,14923,82230,40022,49048,24288,61175,31232,61655,81553,7792,9446,6986,7837,807,21
AnGiang,08-10-2015,810964,74092,35424,91638,40504,86863,74160,27764,27052,47074,90660,17594,4990,2160,6251,8535,125,54
AnGiang,01-10-2015,615588,00276,47487,20823,52788,79387,01485,54010,89806,47216,42776,60434,4615,3844,3525,9887,492,49
AnGiang,24-09-2015,828024,24637,06706,48666,52022,70593,95961,39113,75117,81009,22018,48170,1825,0224,7791,7466,367,18
AnGiang,17-09-2015,938622,17385,92210,16259,09989,30398,76728,93276,53036,87044,51640,47770,6145,0035,3909,1635,034,31
AnGiang,10-09-2015,659472,29482,30803,15620,90562,09009,44501,89967,54399,59423,42181,75565,4234,5321,0693,4034,725,25
AnGiang,03-09-2015,885807,91996,69736,41770,11073,03006,52828,83550,46843,66336,23421,68640,2946,8698,8991,4180,042,89
AnGiang,27-08-2015,941063,24818,42693,39341,20476,07444,68690,27183,09550,71363,35022,57502,2682,1629,7537,5061,651,05
AnGiang,20-08-2015,848622,95311,89458,52386,95508,25107,08754,33870,00527,12170,50297,30072,6890,0207,2342,4633,345,65
AnGiang,13-08-2015,024702,29425,99111,98898,34577,10510,83198,29046,18382,99667,07518,92267,2768,7631,8357,5193,605,03
AnGiang,06-08-2015,674404,69638,55087,58443,04243,54712,45873,27399,77707,82614,54088,63907,5113,9161,0600,3092,932,64
AnGiang,30-07-2015,216236,61630,93617,62954,77210,08055,18324,14714,83106,93584,49989,93892,0409,9069,2680,9613,603,97
AnGiang,23-07-2015,967261,12258,90283,87241,09540,85457,64561,92974,98655,67722,48044,51050,6564,2003,4751,3761,652,36
AnGiang,16-07-2015,060760,43367,60576,44861,81794,41886,65240,54447,10231,94137,72618,14014,0280,4489,2501,7220,744,77
AnGiang,09-07-2015,727595,45386,01893,06874,96451,61197,55054,08592,36766,99517,49794,45190,9206,3109,6386,1406,559,00
AnGiang,02-07-2015,379251,02346,44697,14329,62084,87455,70914,89032,90846,59927,98725,44527,8512,5601,6311,4374,979,65
AnGiang,25-06-2015,490056,73799,52838,26062,93949,62736,52803,37802,38515,73864,05640,44235,9953,8875,9456,9148,536,16
AnGiang,18-06-2015,586583,64349,20524,83410,38322,26934,00164,64225,38565,77551,04117,77193,5639,3523,4189,5144,664,15
AnGiang,11-06-2015,352996,04639,76008,21956,47639,83743,63049,02687,31516,14573,89006,05617,6056,3858,9415,9928,940,57
AnGiang,04-06-2015,425553,23739,78127,85557,87649,88216,28446,01608,99470,06927,44929,97904,2688,3643,5364,6082,086,19
AnGiang,28-05-2015,584595,97446,90320,37533,68827,48543,97042,85108,44929,69454,53366,52363,4479,0409,6338,9044,687,37
AnGiang,21-05-2015,800872,09485,27011,11400,48091,63702,42421,27688,13564,27219,41434,47711,9754,6333,7364,8230,629,47
AnGiang,14-05-2015,294482,58491,28099,67242,71675,84213,60133,98183,72338,93451,11641,20941,5802,3379,1156,0029,522,55
AnGiang,07-05-2015,953927,10917,19512,90238,68346,17607,89393,27916,21735,28416,15864,75215,7810,0840,1056,5684,697,34
AnGiang,30-04-2015,203608,83825,04820,31007,64348,49333,83552,81438,53266,87381,75159,85698,1206,2088,1600,9467,959,88
AnGiang,23-04-2015,223389,99710,74448,09966,25392,99009,40440,99793,22235,46994,42426,51030,9315,2665,3265,0981,734,26
AnGiang,16-04-2015,458668,55628,21100,29749,38806,78721,77872,34076,26848,55786,86773,71003,9969,2100,8199,3513,032,04
AnGiang,09-04-2015,217955,11489,27335,73851,62535,57000,42088,01407,89696,04148,41009,23102,6565,3439,3113,3763,971,87
AnGiang,02-04-2015,674587,09670,59126,35072,08918,42826,29548,48751,41102,30878,78238,98958,9386,6663,4240,4077,941,01
AnGiang,26-03-2015,755483,21929,82240,74961,46474,08562,72322,66704,97926,88789,64958,67209,9841,3809,2875,4976,275,40
AnGiang,19-03-2015,704675,97111,49893,32344,31367,69500,96782,13059,70505,86150,20722,34930,6433,5687,6399,3856,144,51
AnGiang,12-03-2015,403136,42501,76884,91851,03990,95427,70882,63275,62824,96440,69847,47539,8649,9174,7337,2259,561,34
AnGiang,05-03-2015,867333,44031,26456,85787,99648,27250,78916,02837,60713,41724,19949,29826,0632,4808,4392,9783,097,97
AnGiang,26-02-2015,016565,64900,13833,30078,10006,75309,22740,69868,55361,01730,96652,74880,0018,4910,3885,9765,938,71
AnGiang,19-02-2015,126983,44760,96017,33784,42286,88510,78570,81020,29627,96410,93565,20429,1470,5882,9426,7618,483,32
AnGiang,12-02-2015,331765,25642,21145,30480,80794,99599,58523,74665,70567,48708,87755,34885,4034,1640,1655,3852,785,44
AnGiang,05-02-2015,482675,49042,99715,26070,01715,61294,30547,05336,41207,63934,19842,18964,2791,7184,2721,4613,675,34
AnGiang,29-01-2015,317546,76413,97814,08194,88243,69646,09505,57094,04680,01065,28748,99017,8999,8074,9223,7470,568,97
AnGiang,22-01-2015,146804,17121,45540,25500,08544,30813,17437,88179,29362,09253,30384,87780,2274,7142,4669,4240,486,97
AnGiang,15-01-2015,228351,75544,64439,17926,14868,32053,25360,88070,99019,07888,79021,68220,0224,2442,3823,1824,713,35
AnGiang,08-01-2015,059466,93814,71610,48779,68708,51727,87628,43859,59882,87222,77499,35794,2065,5109,9405,7803,812,39
AnGiang,01-01-2015,678511,12784,93649,06819,52498,31747,37101,47671,43382,15730,10139,62703,2310,7260,3938,4236,081,10
AnGiang,25-12-2014,484814,80409,31288,75157,38891,95652,08582,41509,33920,14571,83412,10326,0434,0890,7813,5387,739,62
AnGiang,18-12-2014,381280,24969,36508,24836,56861,36962,99166,51427,26209,07657,70395,11475,0533,7105,7180,2666,364,15
AnGiang,11-12-2014,951856,40899,16318,23993,07027,85490,95662,55223,55788,07203,37888,16244,5343,9157,9267,5717,816,81
AnGiang,04-12-2014,760490,72265,60081,74614,59451,98252,62773,54813,89318,95804,67641,19449,1940,8259,6588,4134,907,24
AnGiang,27-11-2014,754677,55413,60888,43911,80888,45116,28549,34750,74612,59171,14948,43566,3931,5660,7848,1357,174,44
AnGiang,20-11-2014,578885,77018,94646,08735,41428,24465,70091,28602,52490,51731,47291,94477,5928,1286,8216,5339,542,41
AnGiang,13-11-2014,486444,65871,77223,45343,53117,35883,63114,17858,94674,19098,64740,38193,3928,9201,5531,4106,505,68
AnGiang,06-11-2014,897649,16240,91883,71820,66375,95801,63491,29555,40517,22448,27245,77377,2021,8158,1716,8378,027,00
AnGiang,30-10-2014,795888,16635,87089,44757,45782,06830,99525,87170,09125,31855,25900,75433,6320,2669,6661,1639,462,94
AnGiang,23-10-2014,135955,66448,66088,62581,82222,93466,54894,42966,14046,43333,36397,29193,6510,4541,1197,9677,069,57
AnGiang,16-10-2014,472072,17741,74027,97286,63372,74004,11468,28898,74809,46796,95210,62039,5952,2478,3300,6813,351,05
AnGiang,09-10-2014,627011,68044,28201,72150,20841,70874,57165,24984,77967,31148,01430,29468,5880,2528,6317,4315,820,96
AnGiang,02-10-2014,555519,56260,92200,43872,56570,66014,18193,72206,66645,54564,12148,53092,8420,3608,6213,5944,399,13
AnGiang,25-09-2014,309087,07690,96074,12420,97513,71205,56028,25190,26128,37472,88162,88220,6618,6752,9916,2983,325,60
AnGiang,18-09-2014,915215,63317,34318,03721,44750,85430,59839,24737,21627,97024,79943,71250,6577,8864,0222,7356,940,96
AnGiang,11-09-2014,279157,06859,03501,17755,72797,09650,34773,64427,42319,62176,11638,51023,3588,8358,5226,6729,754,91
AnGiang,04-09-2014,867010,02371,75837,39386,96795,51738,83459,98799,48285,72063,85886,54504,4909,8936,9201,1715,268,16
AnGiang,28-08-2014,425372,12564,41249,08133,44656,04802,07889,15868,40880,06541,50877,51748,3661,1988,3591,2133,432,83
AnGiang,21-08-2014,534084,26705,55981,49733,12184,72883,25188,63093,41459,60713,58755,91556,2393,3315,7563,5489,058,97
AnGiang,14-08-2014,890595,29526,28728,57854,03427,98923,14488,63328,05081,27624,45764,90090,2587,8121,5339,0950,130,88
AnGiang,07-08-2014,177318,13926,18037,43632,53680,58758,14548,75401,00352,70996,31237,04380,3508,7536,2306,7512,926,98
AnGiang,31-07-2014,342632,35853,32266,19637,02157,48193,53198,57089,16404,43121,01181,63533,5090,8910,2965,5118,522,65
AnGiang,24-07-2014,105490,38727,24938,67950,72627,05002,08159,82773,32117,67136,91569,84486,8960,4858,7508,2131,518,56
AnGiang,17-07-2014,459490,71348,83871,33578,37347,35939,28252,88903,07771,82047,79382,25431,5406,0357,5079,3681,590,83
AnGiang,10-07-2014,295398,29454,45748,91915,22199,82270,37594,50071,71444,27452,55937,68611,5840,7949,1364,2082,413,97
AnGiang,03-07-2014,902569,83878,04004,62265,10410,82119,54211,70887,34174,48708,95408,08891,7414,7285,3653,4096,510,73
AnGiang,26-06-2014,075527,40796,81665,59446,63252,95497,16552,93631,53617,56674,66215,19151,0269,5304,8871,4102,467,64
AnGiang,19-06-2014,656144,23643,40771,73469,20542,98250,32840,58708,69523,45027,15717,98661,8860,0412,3815,6562,094,77
AnGiang,12-06-2014,838703,68193,01462,20547,16101,53144,62755,27007,68776,89242,00705,53007,1641,4514,7604,1281,673,51
AnGiang,05-06-2014,266277,70430,86481,78985,94456,54903,46038,94710,59460,89302,50603,06383,3862,3826,3400,9110,289,88
AnGiang,29-05-2014,268926,65311,53192,37567,91865,60652,61482,89088,36128,59624,68757,42376,2193,4403,4922,9712,263,00
AnGiang,22-05-2014,078619,74591,79304,32837,71898,42439,68816,87164,07994,32477,34736,63046,8570,4376,0500,3497,562,37
AnGiang,15-05-2014,006829,29963,67314,57573,32949,84178,17877,53523,03448,76847,22930,19328,0698,2346,0064,9200,576,48
AnGiang,08-05-2014,716722,35880,41563,60890,79037,87624,40806,90953,27501,08796,52207,50318,6094,0764,4939,4912,619,94
AnGiang,01-05-2014,354832,04577,40534,11493,92939,16548,77902,90868,15985,20147,16591,26176,9831,4506,9724,4876,532,37
AnGiang,24-04-2014,462739,82838,15179,70865,12550,36193,84861,21741,66607,31093,32311,80902,6411,0004,9502,6763,225,24
AnGiang,17-04-2014,789490,31881,89989,27759,43527,51251,53736,84342,49079,67947,04438,85770,8718,0918,7345,1966,656,71
AnGiang,10-04-2014,676770,70086,56408,16144,61119,52175,46588,68490,26260,12608,27313,58563,4362,7244,4973,7973,459,81
AnGiang,03-04-2014,196352,10859,81191,37029,73636,63651,39925,47126,13345,03559,94470,82986,2338,3504,0126,2153,612,22
AnGiang,27-03-2014,457299,53639,27584,11159,96985,06365,38851,63605,22346,99133,28967,25396,7060,9899,1307,3001,131,19
AnGiang,20-03-2014,472274,81170,61549,09881,13675,21286,56841,93274,45123,46108,94188,66407,5424,4448,1936,3141,437,79
AnGiang,13-03-2014,691952,10604,10715,38314,23380,79491,12403,38714,30415,09298,04436,12890,6152,0233,6545,8537,431,06
AnGiang,06-03-2014,780793,70493,04095,60728,12835,67723,74184,19089,56107,72664,60212,57652,1533,6187,9196,5510,196,49
AnGiang,27-02-2014,614355,26200,42696,59771,36699,19618,10803,57111,47399,33219,88610,97538,3403,3234,1834,9838,794,61
AnGiang,20-02-2014,870662,53258,92438,71655,85936,50187,33903,56588,98737,24784,51467,17894,6740,5870,2813,0385,134,53
AnGiang,13-02-2014,031349,40137,61308,95195,57133,49691,90745,02029,73923,54220,37952,56847,0627,3678,2921,4219,609,28
AnGiang,06-02-2014,005947,30410,08284,54711,30358,68789,37683,59118,34188,78355,82862,22508,5498,7167,7955,3652,928,37
AnGiang,30-01-2014,940932,97979,63243,94338,76639,95999,06189,70394,92346,74428,04260,80017,2886,8091,4836,6618,361,60
AnGiang,23-01-2014,635431,68828,07097,96273,29471,78360,25868,89637,40889,20005,82126,25634,0481,8636,7946,5850,834,06
AnGiang,16-01-2014,675720,89734,53074,41959,06566,65058,43988,53773,70148,16220,48472,29747,8810,1727,8891,2160,464,57
AnGiang,09-01-2014,427836,69209,56934,44075,85848,16228,17965,32690,39779,54748,65743,02147,6978,9249,5761,6697,536,82
AnGiang,02-01-2014,793727,63343,75205,95113,67153,30393,27979,69117,92945,15558,12289,30233,7010,3548,2964,9933,533,11
AnGiang,26-12-2013,156679,64645,25360,13062,38917,79461,91910,59724,88912,86430,39225,25037,0973,9152,6700,6427,513,30
AnGiang,19-12-2013,161506,28013,54188,43001,00461,71763,53459,52489,25340,88178,79468,32085,7038,3955,3406,8978,973,51
AnGiang,12-12-2013,542050,94419,07296,40283,97963,39852,66993,32068,19554,89978,65804,37365,4803,7689,2390,8293,380,74
AnGiang,05-12-2013,666059,61011,97789,84046,30906,21137,89816,92882,11236,03141,98754,39131,4617,2727,1883,8449,414,50
AnGiang,28-11-2013,595593,81900,33515,06460,18495,10369,99172,30418,64296,08179,74667,66260,1517,3340,7781,5823,431,23
AnGiang,21-11-2013,179284,25795,51353,67405,94104,03194,12262,96392,63507,38502,44533,72841,9330,5212,1250,0865,051,57
AnGiang,14-11-2013,918429,81373,71220,35699,35539,07973,27389,06741,14850,91448,38618,34470,0057,7908,6313,5302,391,54
AnGiang,07-11-2013,705496,70461,91462,55594,34330,10901,11443,27666,15190,98836,77416,48782,2199,6229,3515,5268,959,36
AnGiang,31-10-2013,406357,95912,05662,87996,64990,96178,68208,15795,44999,69852,29610,65042,1577,3902,6778,3384,375,66
AnGiang,24-10-2013,084754,45416,88975,58520,55541,97970,87377,63025,56874,80798,40563,72550,5311,5793,8479,3095,991,86
AnGiang,17-10-2013,962087,12571,13515,68055,50542,95542,79752,92162,14988,56054,13645,34632,2119,6323,1480,0245,089,18
AnGiang,10-10-2013,699259,55629,79299,59831,56609,51685,04797,59844,13378,18998,67264,94950,0878,7849,3254,2964,938,01
AnGiang,03-10-2013,559881,71447,49581,72228,23847,64362,66684,02609,35221,10306,60124,67487,8983,6776,0521,5666,275,18
AnGiang,26-09-2013,066327,57549,35304,43293,37173,70239,24211,51834,10996,64460,71794,33512,7724,2426,2856,2634,894,93
AnGiang,19-09-2013,313590,09120,37405,88197,11052,94837,02328,88753,11947,97053,04651,43335,2913,8117,4353,2300,059,71
AnGiang,12-09-2013,393775,10343,33644,91595,85054,81450,13592,75173,45294,88230,80292,11810,0406,0394,4938,5205,887,18
AnGiang,05-09-2013,862026,28351,38266,54441,88264,99688,35948,60245,63149,02944,24022,23589,5478,9739,9847,8475,373,93
AnGiang,29-08-2013,169085,82925,26531,72975,96755,22133,57309,95291,37511,73193,68249,87078,5063,2427,6335,7605,830,59
AnGiang,22-08-2013,768418,30511,58282,48916,90358,45729,56547,64570,65835,27146,19144,40224,7362,0188,6096,0342,670,52
AnGiang,15-08-2013,848557,01447,11129,04293,56190,50364,09928,44093,37141,77335,35191,52170,2887,7412,8954,4562,114,74
AnGiang,08-08-2013,103690,15157,90519,03279,95871,09119,97307,24317,24693,32207,73023,59336,0538,4088,3404,6516,554,49
AnGiang,01-08-2013,971931,19668,67112,98515,47439,16747,10467,15440,87818,49524,10081,23858,1936,4341,6736,5714,112,19
AnGiang,25-07-2013,367067,99815,06016,74306,76123,82184,38521,80855,38633,56050,18324,69921,0422,0210,2643,8978,012,08
AnGiang,18-07-2013,989379,70615,62316,03343,74590,46317,57314,34726,09480,49649,54251,21522,9557,2016,1217,7226,029,62
AnGiang,11-07-2013,704217,27038,02184,70286,91735,42789,81268,45733,30905,70144,02716,84673,1701,9443,1227,4000,291,33
AnGiang,04-07-2013,999355,81361,96485,21326,35512,79542,59733,55794,46658,69826,28889,67090,7044,2843,4313,7003,429,39
AnGiang,27-06-2013,754393,28312,68883,16290,29317,04696,60734,72663,81157,22880,67418,54330,5759,2155,7435,3850,727,97
AnGiang,20-06-2013,752783,43009,16525,30494,44038,65229,15813,95781,58661,92148,16862,04057,3853,6002,8981,2487,213,45
AnGiang,13-06-2013,392167,27148,40174,59682,00658,77722,59057,05963,72064,98879,41225,31401,7477,4256,0079,4394,256,25
AnGiang,06-06-2013,647434,20196,62775,73650,12204,55403,72884,42737,49337,26697,55482,22672,8404,7753,7259,9178,048,41
AnGiang,30-05-2013,905283,18174,73190,59456,14721,67567,28739,37771,17864,76485,76193,37759,7912,5333,3770,7868,581,41
AnGiang,23-05-2013,604354,37071,28465,24621,26130,02540,19766,21983,97428,25744,26852,56717,9054,6262,4622,2959,764,54
AnGiang,16-05-2013,135954,05746,38342,60938,24953,80597,05567,70247,12845,30433,88427,87976,5659,1101,7772,8942,579,61
AnGiang,09-05-2013,168504,61477,83971,64695,92461,74717,46659,41020,20853,14611,09287,24237,1413,7743,8864,6791,783,21
AnGiang,02-05-2013,208344,90124,36934,05436,59258,53256,37094,32909,73355,90849,38412,12542,1617,8336,1061,7129,363,63
AnGiang,25-04-2013,233680,03117,88267,90142,90815,21420,27656,45613,41367,79203,61908,11851,5990,5139,4531,6966,942,23
AnGiang,18-04-2013,461746,20575,49125,00524,37405,54051,09986,91661,77311,45318,91258,98479,2180,1495,0536,1576,931,23
AnGiang,11-04-2013,869680,40891,86029,10724,32643,48583,55703,45775,16761,86342,75045,56560,1381,9925,9741,8272,445,48
AnGiang,04-04-2013,127732,40386,64401,98688,43297,29093,72655,66392,95881,94596,94213,38932,4409,6651,2481,3184,989,06
AnGiang,28-03-2013,312270,15364,18377,03486,32940,35386,67784,69668,77819,24884,78722,64743,4559,5753,6008,4020,309,86
AnGiang,21-03-2013,970219,63137,97985,25878,51603,88467,34955,01625,49481,74845,88558,47868,2765,5197,8384,4929,293,45
AnGiang,14-03-2013,014005,51518,20116,42916,82392,40776,23501,86226,85109,84650,19333,09629,0573,2692,9673,7935,175,58
AnGiang,07-03-2013,513946,97193,55677,30624,49382,73336,81402,06903,03519,63478,25482,29597,1196,6699,3456,4666,594,68
AnGiang,28-02-2013,582781,83694,00709,09823,21016,44183,95416,93766,98838,17272,03334,79488,0191,0052,2472,4683,572,19
AnGiang,21-02-2013,055211,36764,01523,62606,33102,70278,35374,85501,30229,16141,41674,20136,8544,5424,5821,0810,168,67
AnGiang,14-02-2013,570063,14068,50029,16815,16762,15431,09436,19970,76649,84856,88215,00117,1231,4061,2549,8788,440,62
AnGiang,07-02-2013,287993,94718,51343,48668,78784,92870,00020,89221,77559,82434,12499,16753,8300,7655,1816,5793,917,24
AnGiang,31-01-2013,903345,12487,58852,49363,68866,35393,71086,50463,90727,97732,47405,17999,9588,8433,9199,4897,491,40
AnGiang,24-01-2013,878833,74870,05521,73745,13007,97690,99274,32442,69432,04855,10132,17085,9739,3654,5162,3097,264,50
AnGiang,17-01-2013,961315,02109,10403,42625,96044,54923,00978,21197,44175,90578,56061,75402,2265,0360,1312,5116,536,87
AnGiang,10-01-2013,214115,73278,96529,00018,33100,62449,26296,96194,25497,49789,91522,12462,2966,3772,0688,8613,146,71
AnGiang,03-01-2013,699849,44304,70721,19128,74608,23506,87635,94582,14892,70711,20391,59454,7972,4140,6782,7691,246,11
AnGiang,27-12-2012,174680,16510,44060,54640,42090,94487,46685,28571,19115,84794,69444,54138,2043,3282,9615,9322,206,78
AnGiang,20-12-2012,819275,10357,15749,61707,44029,59665,66572,70688,55800,03250,67974,26632,2641,5283,5655,5238,222,30
AnGiang,06-12-2012,003534,29982,82107,69964,98994,29299,48564,20738,08712,66030,04480,61822,4407,4955,3276,4414,509,98
AnGiang,29-11-2012,567622,10998,00738,00792,53413,96922,43807,20899,11954,74644,10363,46330,6874,6719,3320,4876,490,32
AnGiang,22-11-2012,942115,96690,78036,88861,82231,03422,92553,91793,91432,74663,65012,79586,2567,8655,5689,7867,640,14
AnGiang,15-11-2012,234192,04742,25990,61458,80097,80864,67164,95496,13156,51761,37591,83088,2506,9959,7069,0879,216,84
AnGiang,08-11-2012,187906,92971,91791,12158,83856,05287,14744,71568,93564,73288,83457,15085,1077,9644,4599,5394,752,79
AnGiang,01-11-2012,090372,17912,45881,19810,98158,51301,76130,23622,41139,18559,47767,30407,3967,7776,6671,7330,143,04
AnGiang,25-10-2012,743161,98283,61017,07230,76137,76252,73591,20192,73076,32670,41737,03147,3639,2782,8353,1159,095,21
AnGiang,18-10-2012,877248,78391,51078,07372,43454,86708,46743,31558,40909,91020,63191,53516,4171,7445,8265,8102,162,41
AnGiang,11-10-2012,376667,59159,12627,68395,78981,51304,22665,98139,41170,77181,25464,41974,2405,5695,5679,6531,068,08
AnGiang,04-10-2012,009229,23734,93908,34942,87643,90372,18012,94857,17081,13326,72417,15907,4109,6710,2908,6848,342,22
AnGiang,27-09-2012,274301,09539,06618,88018,07882,41153,92832,18433,98974,01896,14071,61510,8136,4279,5416,3838,525,27
AnGiang,20-09-2012,380242,68522,23120,27486,42255,71535,23033,06774,44603,60509,05596,27310,5501,4427,6657,5663,483,86
AnGiang,13-09-2012,151308,08909,64689,69922,50240,33598,93811,98713,17745,22585,64813,28220,4350,1082,3138,6892,683,53
AnGiang,06-09-2012,110712,95762,32419,61211,40413,69732,74616,65892,27550,69461,05805,09528,4106,4036,4777,5097,109,39
AnGiang,30-08-2012,938119,30902,31066,40975,43592,16266,55069,49023,05918,85957,02521,58876,8462,6695,6699,0128,183,66
AnGiang,23-08-2012,645150,93074,85761,82411,11366,61856,69267,43453,56577,73588,82933,32899,3372,7030,7742,3791,233,21
AnGiang,16-08-2012,120246,37669,38052,35729,26148,75276,49398,10510,55403,14966,90124,09578,8871,2078,2313,8718,457,68
AnGiang,09-08-2012,837449,59193,23864,22343,46946,67098,49606,70240,48466,71752,30695,84088,4505,2346,3037,7119,298,70
AnGiang,02-08-2012,115059,36355,39192,53494,84252,03356,89699,45928,40284,45391,15152,19046,3684,1352,4041,9126,308,50
AnGiang,26-07-2012,983178,44201,36706,86424,70860,69215,44720,26814,73298,64376,60695,33315,9706,3640,0964,6805,444,78
AnGiang,19-07-2012,339661,92157,78040,73647,44116,44154,57835,26059,17027,34341,59025,87677,7855,1535,3810,8192,623,22
AnGiang,12-07-2012,065590,66362,35455,03457,81119,36367,34903,83562,29748,53304,17770,11706,1172,2957,5742,1836,266,02
AnGiang,05-07-2012,137962,33106,81137,82799,54947,01358,96543,13046,90833,83103,70528,96794,0108,9637,3376,3049,050,49
AnGiang,28-06-2012,718576,12452,94953,67171,76524,63674,18503,99010,08830,37535,30861,92839,6581,1006,7525,9880,560,51
AnGiang,21-06-2012,852208,03065,57739,43629,30424,24827,36368,28227,86459,78108,71939,85919,1904,8369,9281,5466,148,04
AnGiang,14-06-2012,217578,14037,06713,89716,56359,37949,42677,11350,30459,29310,32742,85857,3271,0385,0829,5278,958,94
AnGiang,07-06-2012,452969,83836,87735,20596,01389,52348,01991,88537,47947,97688,26569,22789,1384,8991,3618,5449,625,11
AnGiang,02-06-2012,323247,06794,85589,83433,65297,79000,88707,24962,56272,73098,76579,85947,6750,7853,5056,6300,076,25
AnGiang,31-05-2012,323247,06794,85589,83433,65297,79000,88707,24962,56272,73098,76579,85947,6750,7853,5056,6300,076,25
AnGiang,24-05-2012,673575,15645,33255,86983,10296,00674,39610,71287,20499,96880,85898,20170,9088,0415,0718,7903,894,19
AnGiang,18-05-2012,113968,68579,35952,86998,28468,33065,71959,88327,76035,52051,01608,36447,0077,8013,0715,0025,870,38
AnGiang,17-05-2012,113968,68579,35952,86998,28468,33065,71959,88327,76035,52051,01608,36447,0077,8013,0715,0025,870,38
AnGiang,10-05-2012,196464,70981,98351,11313,62498,56289,29373,86408,55406,52282,95225,52265,5121,6816,7695,8059,426,37
AnGiang,03-05-2012,589413,12107,01050,00920,18886,35059,95871,37625,02207,55013,01063,08084,7023,4202,4410,1270,407,08
AnGiang,26-04-2012,648608,80677,72168,23041,07602,61944,90222,96858,56154,66126,43480,74201,2906,8793,7773,7322,873,25
AnGiang,19-04-2012,558445,09701,61428,69671,32345,90126,54813,07339,92105,51558,12664,87516,2082,6644,4767,8247,061,54
AnGiang,12-04-2012,062094,21625,35117,56975,59373,82438,25164,39609,09692,35385,97413,28509,1668,3792,7376,4691,959,80
AnGiang,05-04-2012,684804,16343,55778,73967,15617,04345,03270,57232,46065,01641,43714,90807,5149,1892,7771,6928,235,12
AnGiang,29-03-2012,373990,57431,56341,90843,77563,88738,54374,97913,69105,44941,04950,79366,3855,3081,8553,3369,397,03
AnGiang,22-03-2012,971819,77556,76598,24175,11651,77409,14027,31041,26167,70546,01640,19936,4958,6577,8114,1474,890,85
AnGiang,15-03-2012,544301,73825,18780,14036,64491,48518,67621,45008,68564,40875,36583,18512,4672,3312,2873,8677,543,12
AnGiang,08-03-2012,757248,53347,09244,20790,91608,53596,39145,09656,17327,60102,65412,95828,4355,6183,7744,8187,523,55
AnGiang,01-03-2012,541281,36228,11068,05338,51758,66420,13055,36399,94243,65854,22411,21258,5748,3271,3073,3254,878,87
AnGiang,23-02-2012,416177,56830,53419,49764,11113,16617,38113,28358,83066,10743,71036,03549,5991,0018,3347,0726,693,35
AnGiang,21-02-2012,199194,68415,65247,72609,83435,86792,61490,00693,16852,84260,25551,97029,2560,9879,9416,6682,266,34
AnGiang,16-02-2012,199194,68415,65247,72609,83435,86792,61490,00693,16852,84260,25551,97029,2560,9879,9416,6682,266,34
AnGiang,09-02-2012,088158,97256,25838,15905,73542,68988,00972,21967,51812,19088,13319,78542,2576,8755,8702,3906,790,58
AnGiang,02-02-2012,756312,97833,24686,40509,37090,91372,90508,99844,03218,20121,44769,27728,6720,9838,6111,9499,658,93
AnGiang,26-01-2012,361334,06366,71885,57108,32537,30253,13200,73082,59796,85763,56648,45832,7301,3274,5113,4445,379,33
AnGiang,19-01-2012,912283,36719,38919,18253,13243,24361,26373,43718,40964,46908,97108,57161,2024,0064,8078,4111,280,30
AnGiang,12-01-2012,752194,86628,39370,62604,35446,04582,22540,96409,47223,02299,55949,94948,2141,9390,1433,0421,971,09
AnGiang,05-01-2012,849644,31508,67942,66141,01399,78164,74739,29597,78325,45538,00322,61787,5676,7778,9256,9304,408,08
AnGiang,29-12-2011,078518,09632,32694,89521,75100,13286,23775,84931,72365,56257,54409,24981,8542,4287,0140,5052,525,45
AnGiang,22-12-2011,208456,20899,69951,11889,10318,69299,48115,81962,42660,26027,89209,54598,7619,4635,4626,6707,507,63
AnGiang,15-12-2011,781573,70768,17219,29031,00409,30239,78267,26528,55185,96366,28603,63199,9729,3458,3818,5730,558,53
AnGiang,08-12-2011,967451,88281,91023,74398,06754,17747,14683,09017,50762,88257,66098,45336,7485,6643,2534,4272,055,34
AnGiang,01-12-2011,012342,36743,71339,73686,33725,63161,33217,46834,17930,48192,35770,62374,7055,5805,1740,5560,547,77
AnGiang,24-11-2011,458265,86421,19200,93597,32323,50644,84428,97246,85854,93714,36921,72061,2071,8018,5171,5898,476,14
AnGiang,17-11-2011,945716,08724,55017,19707,18664,91776,63761,72419,27546,02282,27879,08007,7849,1909,5944,8560,581,19
AnGiang,10-11-2011,518531,15502,58800,42180,06865,04934,48975,24564,71488,57197,19475,95811,1105,8333,7289,6773,728,94
AnGiang,03-11-2011,375774,18759,59628,73109,54001,47592,12434,77797,71091,92335,43379,50172,8487,1322,7321,8013,021,60
AnGiang,27-10-2011,092850,18680,81678,58687,56885,76586,68554,21119,65695,79662,46126,31647,2626,1035,8576,6442,914,13
AnGiang,20-10-2011,848677,97003,49489,27924,56720,85884,55945,29002,61393,68654,77998,97993,6651,7758,6785,8481,877,48
AnGiang,13-10-2011,886355,13812,04446,14176,23450,65776,48961,88788,07203,61284,47158,58095,0823,6271,6443,6975,604,14
AnGiang,06-10-2011,845841,70125,17052,35266,52874,55802,57562,86500,12996,20458,29052,87705,3601,2457,4247,6263,233,17
AnGiang,29-09-2011,384699,42885,72742,67914,14286,55385,58757,78248,51746,58263,06922,65770,4947,7677,1877,0036,460,70
AnGiang,22-09-2011,166692,60074,71696,01319,65646,70263,31823,24303,04991,09137,47541,28774,8596,0652,1138,3082,681,22
AnGiang,15-09-2011,994813,31406,38717,22913,17756,55989,37832,24275,25795,62162,26929,17960,3283,1926,6897,2949,771,07
AnGiang,08-09-2011,980427,34213,94720,65856,00914,47347,35096,88829,09425,87656,42021,88201,8006,6356,9004,4558,092,34
AnGiang,01-09-2011,226899,17595,07910,49015,67771,34554,71705,40673,47877,26574,62206,29573,2676,9803,2395,8136,632,37
AnGiang,25-08-2011,057620,18261,09459,05735,48906,51435,86603,64861,02215,90977,90138,56513,7965,4218,2125,6060,527,02
AnGiang,18-08-2011,592930,92531,98623,21898,09549,76957,88594,27913,42147,53888,03554,07559,7925,6062,7260,1293,535,57
AnGiang,11-08-2011,457171,18326,62501,68137,18046,01684,60161,99425,28993,07797,40426,52061,4306,8558,0468,2391,325,15
AnGiang,04-08-2011,783350,15755,30577,59978,69876,06705,20555,80387,18832,83348,83365,32596,1331,7801,4684,8760,370,90
AnGiang,28-07-2011,282666,84702,62476,22663,53534,95486,01869,96363,51826,82637,24709,36636,7823,6052,8408,5471,578,91
AnGiang,21-07-2011,938368,26408,29010,21077,53579,73187,25340,11850,23781,81820,00541,25007,3733,7508,8576,1850,774,96
AnGiang,14-07-2011,199295,09371,29860,17117,01230,22936,07614,42997,59073,72367,21378,19909,9175,5526,9887,7132,812,80
AnGiang,07-07-2011,408964,44720,79601,23802,13464,88559,94687,47773,59054,85086,94641,08874,7317,4928,8734,9435,710,97
AnGiang,30-06-2011,185999,23714,21115,48775,33512,96848,63648,89841,40575,03681,57541,90941,2496,8872,8179,7985,267,85
AnGiang,23-06-2011,540781,88032,18368,54679,02068,51264,11284,41294,62604,27100,46966,15002,5440,9716,3753,9895,555,14
AnGiang,16-06-2011,600185,30876,47431,90188,41420,18336,54737,59880,47756,73575,49861,77558,3480,2664,6755,5439,031,82
AnGiang,09-06-2011,342779,23176,55765,71161,27146,29242,81962,17829,13804,90529,08982,31227,8097,7168,6531,7599,486,22
AnGiang,02-06-2011,108223,13005,72930,52091,57928,36428,70949,50113,26701,13200,49659,51318,9202,9534,1372,1157,181,66
AnGiang,26-05-2011,470660,41151,14781,17739,71141,90433,36294,83626,35850,67210,91055,85797,2569,2726,6526,1683,457,69
AnGiang,19-05-2011,310769,63058,19161,24601,30868,72257,80552,93639,10374,89604,11159,08464,3964,5406,1317,5206,784,34
AnGiang,12-05-2011,193690,77025,86357,51871,29037,76184,20596,23563,38846,36770,24556,75829,2457,0818,2365,6788,474,57
AnGiang,05-05-2011,805493,48106,69033,15450,44075,91200,29114,00188,07239,53066,77521,96637,0051,8787,6397,4959,073,75
AnGiang,28-04-2011,625924,65123,88619,27125,60397,43077,55399,79791,32678,45138,51347,38770,5865,0865,3065,8817,165,70
AnGiang,21-04-2011,922083,75884,44432,69812,10912,33654,37986,62733,93798,90109,70465,32935,0442,9595,7089,3865,807,07
AnGiang,14-04-2011,259010,93293,31452,75165,91026,15075,61678,97651,52713,72666,01139,39481,3782,3264,6865,8862,857,17
AnGiang,07-04-2011,645348,70576,09890,96643,42905,56728,55097,17188,06972,18731,67466,75948,5011,2230,9727,0487,208,29
AnGiang,31-03-2011,318190,41923,32548,33791,72032,05259,14871,19522,39041,29452,03528,90886,3728,7712,8816,4348,967,48
AnGiang,24-03-2011,094329,82628,30338,74735,18766,12285,28376,09227,25785,24958,92048,41483,5315,9176,6585,1585,397,12
AnGiang,17-03-2011,966907,05013,02702,42195,20612,76916,11311,07447,70186,53178,67118,93636,4070,5572,8957,0476,046,16
AnGiang,10-03-2011,237743,53308,17759,49147,75795,49816,84169,01759,88951,74806,97785,22798,0481,7730,3353,9723,755,78
AnGiang,03-03-2011,753347,50662,48238,96305,05441,28493,34946,09203,83888,41479,78589,65092,9141,3708,5048,2549,509,68
AnGiang,24-02-2011,427561,77509,72661,43485,39692,65795,53762,76687,90201,85906,17070,51029,2051,9037,3420,3378,080,88
AnGiang,17-02-2011,836055,31212,95542,36644,95511,11584,73899,60313,12906,34188,92874,26294,0568,5758,8269,2702,577,81
AnGiang,10-02-2011,963461,17135,90986,55513,17192,81208,11852,93089,88913,98838,57966,86266,4498,7838,2691,2259,176,71
AnGiang,27-01-2011,446530,20953,49820,24799,86385,64749,22963,31597,72261,51746,83647,53878,5307,5436,4335,8804,972,94
AnGiang,20-01-2011,354371,08197,62172,70104,54220,07493,69682,63878,26146,81436,57146,61920,8736,8517,7383,1144,106,91
AnGiang,13-01-2011,305763,74656,57699,59289,69506,22032,68947,69389,32999,28924,70314,42804,6219,5057,3974,3450,901,84
AnGiang,06-01-2011,967818,85954,99232,01072,52946,02610,97766,14963,04173,31887,28979,28007,9059,3541,0506,8994,093,17
AnGiang,30-12-2010,871311,62496,33346,87180,31941,14211,22669,13775,56136,80478,60740,10575,3288,2770,2871,1983,606,99
AnGiang,23-12-2010,684672,15953,16556,25398,50863,39594,23191,06996,71301,36411,41368,29764,0823,3690,4559,9422,595,03
AnGiang,16-12-2010,135177,07664,68810,13988,60486,18855,26490,71502,70228,63769,84517,92228,8676,1760,3130,2952,056,94
AnGiang,09-12-2010,408160,34411,13315,97866,15281,01109,57299,28422,79078,77574,27142,96342,0545,2240,3951,9810,378,00
AnGiang,02-12-2010,276903,65789,10638,13247,01037,17196,33780,92301,81131,00478,99467,65645,2127,1964,8046,4948,310,18
AnGiang,25-11-2010,534481,29122,61446,25447,64346,93215,07473,79720,47040,34822,62985,22597,5784,1933,5414,2667,506,84
AnGiang,18-11-2010,640230,51518,54361,93886,08791,91137,89700,94662,45234,71497,89879,11806,2911,9474,0512,3142,751,35
AnGiang,11-11-2010,634903,12462,04910,88871,31987,82303,56173,69291,85502,94511,47812,10009,7048,2562,8530,2185,776,46
AnGiang,04-11-2010,772448,61551,74478,22471,35722,65369,85083,16458,94603,50975,29263,32790,9878,5993,6175,5173,726,16
AnGiang,28-10-2010,327495,32842,13759,16443,21010,13552,89641,00171,74553,23841,09379,17973,4313,7223,0123,7500,254,12
AnGiang,21-10-2010,220820,45309,80313,13972,39744,67020,61419,12818,96902,65405,69625,30546,3203,0792,0684,0594,355,52
AnGiang,14-10-2010,623951,37918,81105,44009,87774,33617,11894,90487,40560,76539,73199,39685,2960,2832,0894,6333,384,83
AnGiang,07-10-2010,230027,28826,23880,76056,31047,02856,77709,45123,75643,32130,11798,65784,6932,9463,2835,1852,262,88
AnGiang,30-09-2010,654204,22416,55927,98813,44135,49874,87541,21855,09637,09253,85378,65982,3864,4233,0459,2244,204,76
AnGiang,23-09-2010,817016,11067,82267,42321,36476,83035,69655,09257,16802,74360,68093,13327,2877,9864,9309,1737,186,70
AnGiang,16-09-2010,081594,54538,35719,55701,51358,49196,16439,74735,68661,08855,99492,98778,8718,9512,1703,2783,864,73
AnGiang,09-09-2010,024177,27579,39796,87364,91699,22075,50074,75146,89575,83639,65119,37651,0598,6039,8165,3973,515,48
AnGiang,02-09-2010,906558,51531,20172,64368,17878,08813,45855,00301,17271,65626,11736,53450,7154,7564,2972,1671,724,20
AnGiang,26-08-2010,258788,59404,52383,33185,02264,05140,38161,72787,63403,90264,28108,76958,3375,3356,4009,4934,329,13
AnGiang,19-08-2010,024721,43395,79145,63673,21521,04317,68721,54304,00284,55256,84794,58103,5082,7671,0526,5466,427,85
AnGiang,12-08-2010,029946,78642,30059,83816,61009,55881,11548,65075,61600,55846,70818,93349,4933,4058,4460,9384,927,34
AnGiang,05-08-2010,794716,28613,43319,92463,71153,01641,75502,65893,65062,37963,87625,17202,2897,3938,3014,4265,077,50
AnGiang,29-07-2010,202500,98574,49264,26271,67749,03262,12624,17763,98372,42477,29800,61499,1354,8662,6901,0826,703,20
AnGiang,22-07-2010,457244,32193,31168,47758,29523,11836,52825,97294,79579,64953,35004,62967,5995,4872,2462,5945,996,63
AnGiang,15-07-2010,488805,98083,94982,89650,26124,02159,38846,89900,99201,95996,49733,59559,4806,8541,8161,8182,502,21
AnGiang,08-07-2010,852037,34060,50124,01614,38019,72911,70433,29745,16045,92121,19935,34201,7656,7613,3632,4045,567,81
AnGiang,01-07-2010,177396,93077,86582,18911,63484,50233,51208,08423,14618,13848,33015,17352,7779,3693,2919,3868,643,73
AnGiang,24-06-2010,717643,61084,69117,17175,03851,61084,55759,28920,15220,12714,82204,29358,4219,9787,3099,9789,112,12
AnGiang,17-06-2010,852099,72361,93534,26369,89158,31604,18742,87760,54237,18571,37059,98825,8778,3859,5069,9458,187,66
AnGiang,10-06-2010,008534,43289,60322,93187,36328,85741,54436,44834,72603,82455,02209,73321,1236,3620,9766,5032,149,98
AnGiang,03-06-2010,332827,08093,04484,08532,41247,39175,92148,80732,57885,63468,63367,89939,2717,8481,3263,3379,113,67
AnGiang,27-05-2010,010049,12327,10210,87819,56521,48081,52660,92390,42997,77382,10884,09869,5872,4284,3364,9079,631,14
AnGiang,20-05-2010,456017,45325,76396,81137,80609,88576,40144,91043,28561,82745,30701,90457,9566,8946,3836,7053,456,25
AnGiang,13-05-2010,611963,85938,43801,37465,79800,10046,42940,87019,62833,34637,08563,83105,4071,6952,8288,7675,776,95
AnGiang,06-05-2010,344352,93566,85363,00107,62151,09829,78118,15664,84823,29201,54008,17179,9856,8797,4611,7518,618,26
AnGiang,29-04-2010,654586,05331,53162,53035,41056,76092,67950,12878,29634,47180,46577,61416,0771,9407,8725,5441,737,27
AnGiang,22-04-2010,066978,78790,37708,80696,45619,03737,59045,01310,28434,35194,45113,71540,2355,4534,0772,5693,703,08
AnGiang,15-04-2010,430024,40777,95443,80852,82042,62566,34934,08265,81593,42151,07766,48502,5466,7767,4322,4595,886,20
AnGiang,08-04-2010,273641,32869,44843,05515,68735,53162,09051,15444,36051,97615,48916,59155,4586,6799,5045,6790,213,06
AnGiang,01-04-2010,206374,19979,72529,85929,70783,07266,75755,60242,21550,02429,88930,34685,5007,4238,9838,3348,481,55
AnGiang,25-03-2010,560330,23759,84111,72267,34818,04073,88719,19943,25698,09937,19399,12191,4501,6984,7625,7819,837,11
AnGiang,18-03-2010,096721,90728,08167,92028,61228,05465,25101,79606,08817,78267,07169,11680,2262,7773,6267,9982,873,13
AnGiang,11-03-2010,682363,08624,49442,56856,93576,84038,80157,28663,74734,11905,94124,11913,0342,0966,5799,1623,724,36
AnGiang,04-03-2010,160435,51016,99367,85304,12467,52875,60121,21396,22365,21527,66147,35498,7456,8585,8247,3083,588,43
AnGiang,25-02-2010,050445,42230,83880,73828,62143,21549,86449,55633,75629,86983,65667,80056,4468,3095,4699,3777,943,96
AnGiang,18-02-2010,721399,92552,10898,32601,63254,95148,70003,65426,93029,06696,66558,27955,1144,8952,4980,1115,762,08
AnGiang,11-02-2010,786428,46107,65598,94412,25609,19570,75760,86962,52647,60629,44528,88057,0920,7817,3287,3802,047,42
AnGiang,04-02-2010,677361,90411,89697,53032,51971,46938,30745,02130,54944,51782,18162,16141,0373,6604,8645,5387,639,61
AnGiang,28-01-2010,922931,44441,34185,64536,77782,37292,82313,96899,50499,96939,12474,76623,4043,4710,9782,6000,159,24
AnGiang,21-01-2010,711937,85421,44887,34376,56291,57177,90551,50127,54429,90937,87940,30875,6296,2337,3798,8275,996,14
AnGiang,14-01-2010,267530,97660,39052,85719,34682,36152,23370,67945,83236,58490,75842,70195,1815,9883,3725,7480,003,57
AnGiang,07-01-2010,035243,95955,66725,06136,48203,15495,65252,05252,32984,56247,66045,20757,6771,5509,2051,8810,432,74
AnGiang,31-12-2009,039144,14168,95240,27101,08088,16528,69245,73067,19254,74987,67980,93754,0785,7311,2586,4971,782,98
AnGiang,24-12-2009,039045,42469,24947,91083,19205,49556,98244,40427,40539,79577,85782,22470,0418,9427,4889,9068,753,23
AnGiang,17-12-2009,567373,94022,58106,27062,77325,89253,93793,27609,89347,84068,30632,46710,2099,8083,9007,7916,088,44
AnGiang,10-12-2009,135057,02613,65058,16504,88393,70847,88213,16168,56001,81710,51254,62089,4329,8178,7433,8502,721,14
AnGiang,03-12-2009,180123,39018,11547,65054,51767,72697,31482,82673,90843,28520,05318,47106,9193,2919,0428,4088,521,31
AnGiang,26-11-2009,330057,65348,34126,34362,02990,28094,86951,08660,94450,45151,89172,52388,6175,4330,7210,3413,596,92
AnGiang,19-11-2009,305594,74505,84942,36729,59013,09095,84192,42117,51160,45693,33221,13895,3888,6869,8429,1519,675,63
AnGiang,12-11-2009,517144,56865,67870,26685,59496,77963,32121,44227,97451,67492,76220,62281,0918,4602,1714,5696,547,33
AnGiang,05-11-2009,660222,74987,53903,27957,34690,00016,53002,69996,81106,80704,70874,06953,4220,5758,2879,0334,651,70
AnGiang,29-10-2009,289040,81979,06609,48263,61604,80669,18871,21917,14428,94841,29713,95155,4004,2625,8412,4913,803,84
AnGiang,22-10-2009,553158,31937,41257,68925,14626,88816,86590,43402,37913,82789,79743,40997,5371,1339,7343,1879,559,15
AnGiang,15-10-2009,443550,76288,58416,07833,10362,41489,12077,21114,03550,38106,37841,33451,5385,7446,1970,3203,547,22
AnGiang,08-10-2009,228284,44151,45912,16962,35170,40529,62590,98689,88040,94787,03052,79743,9473,0312,1311,6396,264,72
AnGiang,01-10-2009,93469,12054,03560,58937,96024,99247,68845,84737,16665,44801,44998,91824,8437,3788,0453,7674,153,74,00
AnGiang,24-09-2009,97614,34913,58150,19149,57733,19210,03370,13016,81432,25914,10287,78997,4346,2986,9405,8107,872,66,00
AnGiang,17-09-2009,08296,52990,47595,05310,92085,06672,01857,47408,50199,98500,08103,20249,9488,4082,9637,3568,493,46,00
AnGiang,10-09-2009,01243,24978,20440,78905,83365,42650,82651,30627,35205,23202,60302,76002,2369,8058,1522,9632,256,33,00
AnGiang,03-09-2009,87583,20922,66209,87549,83318,87146,41189,29300,04986,89921,81396,67465,0409,3906,8821,4826,489,18,00
AnGiang,27-08-2009,80116,10284,89447,02298,80031,58575,11702,72336,45110,38731,12031,05670,3053,2573,5542,6554,619,77,00
AnGiang,20-08-2009,47660,92127,77795,68700,29259,15652,29238,53957,58247,25209,09420,38591,0053,2543,6874,5816,615,07,00
AnGiang,13-08-2009,71570,14992,75590,43204,28484,49559,96695,12086,64091,59722,06737,46933,0722,6077,7273,0122,853,89,00
AnGiang,06-08-2009,48126,46564,98329,71999,49141,28534,04748,67307,06134,91115,85244,13234,8278,9539,4663,6264,167,31,00
AnGiang,30-07-2009,00241,24416,23369,51688,42370,60686,56202,08205,20393,12568,45606,95974,8703,4195,8486,4995,269,60,00
AnGiang,23-07-2009,81452,76346,10640,72508,41842,26188,15123,03757,72437,03349,10154,86809,0254,4528,7883,8246,536,84,00
AnGiang,16-07-2009,00283,23338,62483,24020,84639,68525,46170,09410,64851,23441,27828,93080,1775,2157,7838,1709,003,20,00
AnGiang,09-07-2009,31460,25835,30975,26218,21964,28160,83113,86782,47258,12718,04213,31556,5631,2857,0823,4604,082,58,00
AnGiang,02-07-2009,67440,48436,40297,75581,11563,65299,78122,73125,79567,47240,91155,61554,7027,1523,8374,8518,950,67,00
AnGiang,25-06-2009,10453,44740,38215,68591,47141,22067,75990,70615,43332,16104,58087,34347,4582,0000,2024,2304,065,55,00
AnGiang,18-06-2009,66606,34294,56859,58593,87074,63440,25263,02140,65571,06262,63127,69201,7087,4993,0889,9730,768,89,00
AnGiang,11-06-2009,50737,01393,95721,37498,83516,32515,00192,50059,71110,87643,71979,50591,5901,8205,8720,0321,351,42,00
AnGiang,04-06-2009,65248,00692,04118,30409,05404,91465,13220,32486,31261,64275,97913,75096,1769,7923,1467,3280,203,90,00
AnGiang,28-05-2009,35567,87663,49621,32801,33787,01346,65133,58785,06464,58148,44802,27953,0281,2952,8334,9560,943,36,00
AnGiang,21-05-2009,59381,09771,84330,32788,20055,66753,06852,60239,59198,07016,62637,74241,5322,4410,5169,9693,633,79,00
AnGiang,14-05-2009,31423,51755,67734,93743,16092,54855,17893,00484,62980,40716,27470,83446,2071,8225,1022,3065,604,34,00
AnGiang,07-05-2009,67246,59190,84070,86019,86871,47611,43339,91777,02495,39267,70300,93778,0768,1300,3543,2054,092,04,00
AnGiang,30-04-2009,29859,94377,33701,10362,57809,27227,43420,71551,81803,14500,29904,7932,5508,2183,5003,7766,685,74,00
AnGiang,23-04-2009,63966,86989,37779,99441,84336,89168,34255,57644,62591,20047,18713,26300,0565,5782,6182,0116,848,92,00
AnGiang,16-04-2009,62426,47825,11168,63250,01286,05406,23153,11149,71677,99465,70139,87634,4399,1710,6764,9734,535,38,00
AnGiang,09-04-2009,81670,76678,67336,14254,24004,68823,97479,99379,60690,49711,09018,32566,6162,6150,5136,9405,305,94,00
AnGiang,02-04-2009,46938,86934,59502,19235,27610,41735,82707,24433,47014,87959,40312,04528,7408,1546,0177,7340,891,78,00
AnGiang,26-03-2009,00966,02902,25112,91922,89401,18784,89113,61454,06114,97789,48430,63319,2953,1646,7652,1593,392,63,00
AnGiang,19-03-2009,29615,77295,12070,56021,70643,13400,20421,96172,99008,02324,93617,74184,3921,4964,2810,9082,973,44,00
AnGiang,12-03-2009,16849,66427,72770,98514,61837,94792,49213,50111,69461,11878,21561,31832,7654,7394,1399,8417,894,84,00
AnGiang,05-03-2009,31263,90436,65615,57308,95767,31140,43372,01606,22438,77866,53369,54143,1814,7472,3001,3043,079,81,00
AnGiang,26-02-2009,99153,97928,75593,87567,70126,69268,79937,39113,22023,64333,34089,40494,3486,2910,9636,3647,968,13,00
AnGiang,19-02-2009,47283,36691,87801,18697,72358,94113,31987,52337,96873,76830,99282,88017,8232,2323,9281,0664,748,22,00
AnGiang,12-02-2009,69257,47797,31690,04205,61323,93701,14337,26109,71026,32326,21794,92482,4906,7775,8566,7816,563,63,00
AnGiang,05-02-2009,97232,76377,57527,16653,00013,98784,64404,93521,71901,67825,15709,63566,6373,1337,3491,6986,614,10,00
AnGiang,29-01-2009,33953,72730,06708,62680,30626,77965,78111,96263,76650,55516,91481,09270,5167,3149,5693,2268,172,50,00
AnGiang,22-01-2009,64954,37279,42553,36424,16207,08822,82970,64347,35630,31581,20592,87138,8572,9195,2274,1154,130,47,00
AnGiang,15-01-2009,28345,67635,25506,18015,15530,32506,26973,21332,12838,71131,01716,08003,7393,4442,1364,1258,325,32,00
AnGiang,08-01-2009,15911,14067,66748,65693,11795,04721,64961,31652,37737,00031,13798,91201,1210,0489,7431,7832,074,59,00
AnGiang,01-01-2009,36015,80089,41048,62224,05385,81087,74096,37733,57654,15544,36125,33897,5306,6246,0947,7944,767,97,00
AnGiang,25-12-2008,75637,19472,02655,43663,12633,44546,99874,68502,99262,90482,62452,94450,7162,2616,6927,2540,031,02,00
AnGiang,18-12-2008,88735,77245,31810,92194,06270,68709,68257,68950,58820,53931,10466,78989,3079,8866,9060,6442,278,55,00
AnGiang,11-12-2008,35215,23748,06196,78633,11304,07195,48460,87104,74157,50757,73691,66931,2466,3420,2403,9181,005,38,00
AnGiang,04-12-2008,12405,02742,88014,34717,88324,70665,42714,15839,81113,25778,75547,76927,9969,0750,5809,0671,341,69,00
AnGiang,27-11-2008,37253,27177,11807,12164,69729,98236,77488,70327,81022,88037,05000,12383,9255,8096,7740,4638,844,72,00
AnGiang,20-11-2008,79963,19905,43959,17193,67905,90489,49271,24076,70218,14421,43376,07427,8407,4203,7592,2991,892,92,00
AnGiang,13-11-2008,34382,32885,32291,39257,74535,97774,43626,82298,01802,93665,57069,40353,1661,5075,8295,9278,787,84,00
AnGiang,06-11-2008,27665,76609,02614,18644,44460,55425,88779,76679,05954,97121,22019,19827,3349,9219,5796,4447,156,04,00
AnGiang,30-10-2008,00484,21623,05482,29043,13200,42299,46592,07031,96834,41663,41976,19896,6386,8542,0976,0563,629,14,00
AnGiang,23-10-2008,34951,50064,39930,18244,57658,48498,36007,45021,98020,69229,63806,89889,0356,9857,1011,3058,067,40,00
AnGiang,16-10-2008,37413,71461,76962,38626,87330,08814,42219,81119,00802,85705,89573,92200,5427,1112,3933,7162,351,74,00
AnGiang,09-10-2008,39633,27366,06652,88237,25572,40816,44829,99238,52001,02277,49319,03890,5027,4103,0975,5730,162,52,00
AnGiang,02-10-2008,19095,41075,13718,41210,88869,85864,34026,17587,01892,51688,30750,47472,4044,9894,7365,7445,752,25,00
AnGiang,25-09-2008,08312,58037,74605,37027,69762,27826,46315,12369,94080,66468,71534,76474,9322,6382,1482,8573,515,73,00
AnGiang,18-09-2008,74387,37173,19443,09288,36405,41358,88957,33805,26956,11835,93316,83572,9927,8923,7652,1894,549,04,00
AnGiang,11-09-2008,73701,33391,34771,39436,62517,11484,30548,57175,29059,03714,62059,85303,0099,2058,4812,8848,643,46,00
AnGiang,04-09-2008,47146,49977,03864,07148,11278,31195,74800,08429,27816,45360,73020,64699,5494,4907,0682,5497,936,52,00
AnGiang,28-08-2008,53204,26323,08987,54918,59792,37074,16816,20639,67035,40036,82052,21927,8190,6079,4885,6210,409,92,00
AnGiang,21-08-2008,08825,09830,84259,14324,58384,81692,65869,52708,53618,68671,10170,26409,8140,6806,9809,8186,775,16,00
AnGiang,14-08-2008,12355,83548,69245,94105,06792,82967,32291,89864,17244,33311,62889,00168,8499,8435,6395,5960,736,89,00
AnGiang,07-08-2008,44115,38361,78942,25615,32638,67439,28902,61315,36070,87999,54162,02422,5157,7711,2332,2617,763,43,00
AnGiang,31-07-2008,61250,96802,62589,39683,31714,77989,92269,40430,82440,85062,26124,46926,6641,7043,2395,6293,410,88,00
AnGiang,24-07-2008,41188,90352,16275,83900,41950,90687,12787,72177,52233,15067,19215,14876,1070,6936,7914,9392,627,85,00
AnGiang,17-07-2008,27208,22963,83368,76137,57518,32279,22349,25893,19201,09069,64121,22194,6785,7958,1687,3406,589,54,00
AnGiang,10-07-2008,62969,31900,24391,18170,19697,98767,40311,84462,57555,10268,57200,612,2142,5738,7695,3692,819,86,00
AnGiang,03-07-2008,07963,58887,50204,14585,95790,50156,86827,35182,58140,37650,39154,37714,2258,6682,9536,5405,207,04,00
AnGiang,19-06-2008,99946,57504,14429,54232,06466,71327,93396,14053,00218,80188,18242,41153,8395,8485,5863,7144,500,68,00
AnGiang,12-06-2008,70852,98053,39884,49109,47490,31025,57281,55523,11699,77217,63638,04306,5293,3453,8414,8202,337,97,00
AnGiang,05-06-2008,20775,28046,32923,66346,22087,68711,22254,59203,86371,36562,51302,51696,7988,4482,6380,2564,028,82,00
AnGiang,29-05-2008,73743,89532,67411,39075,06528,16595,09192,03191,02719,43667,29926,06998,5268,6406,6933,0941,523,65,00
AnGiang,22-05-2008,74621,34889,61727,94880,44324,64957,70676,44076,43209,87555,68607,98259,6549,6547,7657,7085,424,72,00
AnGiang,15-05-2008,18523,22910,72883,10788,95250,40399,42574,19546,53357,29698,95234,27981,3970,7666,7062,2417,890,63,00
AnGiang,08-05-2008,34342,58062,21555,32449,19092,63028,08894,78373,55248,86794,79387,70986,5717,2091,3343,7780,987,70,00
AnGiang,01-05-2008,76388,38786,41138,05491,45472,66438,91892,95948,46041,33666,91344,34860,3950,6302,4193,3736,543,20,00
AnGiang,24-04-2008,05460,37754,75213,47835,24621,28026,55171,19613,68888,99192,76874,9463,1835,1915,9480,3099,503,65,00
AnGiang,17-04-2008,03210,59518,82453,33756,36285,06138,27198,50942,82731,19873,43659,8251,1311,9401,3636,3623,112,41,00
AnGiang,10-04-2008,68655,15243,64758,34235,71083,04728,50963,17209,43494,93283,14013,5449,9493,2801,4008,9220,230,42,00
AnGiang,03-04-2008,60886,81418,82445,94575,70911,39429,98320,85888,31370,59597,13589,7706,4616,9530,6597,4937,863,04,00
AnGiang,27-03-2008,49809,46020,41459,61875,42881,17571,88697,73706,41124,16812,86409,8810,4253,0757,7320,8950,456,62,00
AnGiang,20-03-2008,05753,08552,04862,22353,09139,82633,78599,60350,85329,14861,28211,6210,5425,1008,8174,1088,859,20,00
AnGiang,13-03-2008,10377,83204,42760,10035,00829,07883,13923,79230,19650,88647,04147,9793,9535,7793,4001,0051,401,84,00
AnGiang,06-03-2008,98959,15561,24557,66413,83844,99147,69753,61503,96382,06974,69007,6065,0654,0279,2322,5315,088,28,00
AnGiang,28-02-2008,42125,15115,21024,18459,41369,34435,14485,94220,02353,21373,41733,44992,7012,8318,8941,8118,230,85,00
AnGiang,21-02-2008,77855,62545,58233,34814,67854,55440,57338,22472,38903,05509,32670,11874,7637,7441,8450,4690,483,52,00
AnGiang,14-02-2008,64302,79484,26477,79106,69356,68451,90944,69110,53274,23540,31726,58525,9847,9883,5596,6919,861,41,00
AnGiang,07-02-2008,99352,40573,66521,64338,32549,95425,70482,75214,95472,98229,29487,37547,8915,4548,6299,3410,886,23,00
AnGiang,31-01-2008,24131,45551,62122,63254,63907,37589,51823,05653,57105,03364,77428,57155,0909,3868,6557,1714,417,14,00
AnGiang,24-01-2008,26821,25277,03300,80761,43923,25942,84195,58977,64793,34484,89696,61657,7519,0940,7346,9342,996,15,00
AnGiang,17-01-2008,76405,87876,86195,65437,87233,98241,68856,08051,20622,96602,07266,50164,4179,2430,2840,2608,621,65,00
AnGiang,10-01-2008,77310,90649,52182,80847,02738,04076,44447,69118,37208,13458,31878,80790,1455,1999,8349,7044,557,25,00
AnGiang,03-01-2008,69829,27850,72622,20925,50597,16568,91261,71993,44379,79271,57214,91543,3799,1160,2207,8297,749,94,00
AnGiang,27-12-2007,98736,03152,50078,70341,60444,15602,42051,66490,20809,13759,48553,94579,6631,3735,1134,7996,349,84,00
AnGiang,20-12-2007,28185,31214,01142,41291,79237,31948,96284,06815,40388,62863,62243,94789,4561,7961,8052,6106,333,36,00
AnGiang,13-12-2007,66283,31122,65532,39598,48781,59922,09988,74051,48654,63022,24823,93508,1843,6579,7499,7524,581,40,00
AnGiang,06-12-2007,77085,20098,31991,75523,14664,10746,81653,39672,40142,07096,96856,10193,5320,4921,2445,8363,459,79,00
AnGiang,29-11-2007,66143,17306,96194,06778,78707,57838,83629,20832,47211,70788,08888,00915,6950,4319,9386,7143,175,32,00
AnGiang,22-11-2007,34056,26355,11385,84646,35921,29389,89989,29508,56477,35817,51209,29229,3981,0135,7580,0878,278,93,00
AnGiang,15-11-2007,22691,17136,47901,19281,32132,88204,78110,57199,06125,84977,11461,34566,0585,2456,2499,8606,989,77,00
AnGiang,08-11-2007,79137,54312,91485,60272,78825,41327,03237,51052,62842,62993,11967,49358,1102,8576,1250,3242,312,19,00
AnGiang,01-11-2007,02115,20398,20759,03761,22121,66150,55423,61891,44649,78720,92348,56996,1140,8742,2438,0023,197,90,00
AnGiang,25-10-2007,76468,10072,62083,37337,38193,30570,36261,00464,57643,07768,37844,27696,1863,6300,1421,6849,536,21,00
AnGiang,18-10-2007,32768,28646,46036,17003,45817,12941,63165,73469,67332,70893,65190,36833,0446,1173,3922,7591,512,34,00
AnGiang,11-10-2007,96563,51816,98271,36557,13697,68195,09137,13047,64944,04028,98876,32484,2426,4972,6621,3036,564,93,00
AnGiang,04-10-2007,24956,47956,32925,06254,17227,69626,41061,33918,69171,99916,30882,45724,4769,6205,9203,9403,080,59,00
AnGiang,27-09-2007,63246,60126,13858,78548,68368,08210,12322,44131,56231,71897,87493,48134,8360,4931,3152,4628,955,92,00
AnGiang,20-09-2007,99262,45137,06977,35371,02424,28068,09112,48974,22923,85111,35104,95602,7182,7933,4000,3800,916,95,00
AnGiang,13-09-2007,50655,20459,50429,70302,78934,91971,65361,03671,85169,10381,24873,99829,2980,4470,9355,8453,447,63,00
AnGiang,06-09-2007,06755,39527,91850,31684,45186,42301,79504,86243,34601,47867,92057,81728,1824,4353,1529,6320,608,30,00
AnGiang,30-08-2007,43082,76022,56775,34870,62184,41694,94592,37508,72728,01697,71360,85940,9849,8743,9786,7187,875,93,00
AnGiang,23-08-2007,10733,81681,19752,22030,38397,55505,10479,31372,70728,65285,30087,80544,1303,5422,2437,3214,614,15,00
AnGiang,16-08-2007,35139,94706,69500,81673,74259,74708,52294,79936,45216,48914,14974,91933,7757,1407,6383,6352,562,79,00
AnGiang,09-08-2007,45371,35713,40341,01409,56938,30514,53723,92411,28025,35748,11346,66334,8280,2202,7430,9237,106,38,00
AnGiang,02-08-2007,58296,12746,95075,73921,64846,90605,24770,42841,69955,47201,17670,20351,5348,2791,2004,5623,208,15,00
AnGiang,26-07-2007,04247,36619,43097,78966,61263,54379,29248,07980,76567,03930,37117,26961,2049,3983,3990,2858,403,80,00
AnGiang,19-07-2007,28160,45033,41869,38167,87076,37171,84719,81369,73357,86596,26254,61251,3072,7242,5402,7886,919,46,00
AnGiang,12-07-2007,20470,08494,17026,26855,54210,47921,19943,63003,16166,81748,37611,95258,1785,3445,5778,1306,753,33,00
AnGiang,05-07-2007,41809,79295,69473,44462,77485,61624,38812,73347,01557,39333,24707,22158,9782,2021,3997,5059,977,86,00
AnGiang,28-06-2007,87377,69947,33853,79423,14434,97666,81808,36142,89570,06708,26654,68081,3736,2852,6638,8018,069,24,00
AnGiang,21-06-2007,86821,58576,29983,49429,51455,34157,15080,07077,09748,02471,72610,98221,3590,0479,5357,6963,547,90,00
AnGiang,14-06-2007,54938,56380,60518,27574,91630,90931,45431,96875,98866,42449,48276,64206,0584,4054,8621,7920,263,19,00
AnGiang,07-06-2007,69286,99511,55459,30792,50535,62253,49496,60648,04380,10673,55590,91818,4843,7377,2919,9670,743,90,00
AnGiang,31-05-2007,18149,61281,36805,46465,42389,14866,13606,72344,39991,95919,87785,59509,2614,2584,9634,2509,389,59,00
AnGiang,24-05-2007,27249,39473,81832,99568,90952,94159,80327,33322,90926,72972,32828,32079,1542,0405,3401,5715,502,84,00
AnGiang,17-05-2007,02241,21188,30119,32324,00585,59391,10917,54004,40166,06893,80666,32887,1708,9374,3051,8401,562,76,00
AnGiang,10-05-2007,30273,06321,40329,55970,97330,08507,70401,39664,44018,26817,51049,03635,7341,5240,3270,2791,041,90,00
AnGiang,03-05-2007,19965,03138,90635,78707,86979,99157,02851,11695,18949,49518,43111,08849,5198,2572,5757,0108,669,74,00
AnGiang,26-04-2007,47799,06012,37504,04940,47940,22824,48667,47866,85176,00286,84304,82479,6020,6173,0171,0168,341,46,00
AnGiang,19-04-2007,18434,89738,92349,65082,14282,45152,69885,08050,63153,64730,66258,90514,4624,1711,3870,5005,319,62,00
AnGiang,12-04-2007,32857,36298,03468,77304,02999,87202,69559,05267,19956,12964,32053,80384,0610,4096,5517,4776,846,96,00
AnGiang,05-04-2007,16021,34712,82724,76642,40788,81672,71786,20178,01457,90479,55582,04878,9087,7169,0484,5867,338,47,00
AnGiang,29-03-2007,08055,84225,44993,35790,97313,74578,62800,23057,28963,60210,07811,87189,8263,2662,9891,9070,441,98,00
AnGiang,22-03-2007,12601,32287,04504,35555,97780,19028,05721,48118,69046,11740,49859,26028,3557,6494,3315,7866,232,06,00
AnGiang,15-03-2007,66340,76694,96117,45645,75094,91201,51406,80432,43066,50946,28800,74411,0728,6766,5829,4052,181,02,00
AnGiang,08-03-2007,08554,98097,62936,78008,96620,36958,22636,03431,40170,42658,47934,21730,9219,8920,5436,4042,460,58,00
AnGiang,01-03-2007,76584,14808,72972,42602,85072,70055,71260,55352,46294,96628,01552,27181,1477,3580,0312,5331,933,95,00
AnGiang,22-02-2007,15652,96553,83887,06616,83132,22079,55688,45461,18854,71223,96731,65340,2339,3310,2448,4626,882,57,00
AnGiang,08-02-2007,25710,14199,03645,43514,91639,73692,62478,34721,45144,71949,68664,14041,1189,6528,1106,3451,918,88,00
AnGiang,01-02-2007,27276,46857,44029,57859,87229,79572,52647,57679,33698,42746,31659,92773,0324,1509,7123,1192,979,20,00
AnGiang,25-01-2007,69120,24378,12996,95913,10339,92576,95976,51325,71986,69636,74817,18466,8542,3452,5177,8325,982,70,00
AnGiang,18-01-2007,79892,54594,89695,43860,59584,53929,70450,41592,00803,79195,90407,84333,8285,1981,2294,7307,412,48,00
AnGiang,11-01-2007,17967,49935,98169,59154,15502,43805,17247,36440,79764,63401,78144,63927,1952,3828,4304,4983,519,85,00
AnGiang,04-01-2007,73865,99744,75289,43558,50064,88525,18605,31527,53513,78293,91376,57812,5265,0304,7954,2537,828,15,00