BenTre,13-11-2018,788472,54262,66035,96105,04125,52276,50680,33419,36614,73642,31146,50365,7419,4790,6364,5739,430,04
BenTre,13-11-2018,788472,54262,66035,96105,04125,52276,50680,33419,36614,73642,31146,50365,7419,4790,6364,5739,430,04
BenTre,06-11-2018,719393,95634,73160,35343,20525,45670,90855,88461,70863,29682,95384,21257,9674,6118,6960,9637,489,12
BenTre,30-10-2018,130986,14301,48993,70044,69761,66633,45514,74158,15355,26466,39135,31637,4778,2771,1978,9378,796,73
BenTre,23-10-2018,010421,94730,45087,56058,20403,40881,94468,51810,49050,65247,90927,11989,5222,1686,3802,0561,864,36
BenTre,16-10-2018,093158,76666,77439,93849,55913,60150,29711,57919,14140,89649,62236,24696,2540,9158,6106,5934,643,67
BenTre,09-10-2018,085979,89543,16156,66098,25068,95223,65352,88839,03260,66564,54782,15587,5132,1789,5991,9853,232,10
BenTre,02-10-2018,051058,89149,04035,71700,48944,37216,98839,34044,99565,40233,02227,03310,9597,7126,4198,0956,284,00
BenTre,25-09-2018,228614,95721,83253,10965,99115,13434,25273,93598,64834,27939,75229,07497,2766,3157,6391,9108,279,72
BenTre,18-09-2018,239740,05251,09611,69106,81436,13538,01283,98135,05606,81670,96940,97134,7248,4114,8744,2939,574,63
BenTre,11-09-2018,651987,01888,24599,02133,85231,31234,59359,04559,46807,19513,02082,08473,2637,5454,0458,1844,502,15
BenTre,04-09-2018,824517,92252,18799,20632,37702,31464,87502,87199,37333,92083,29733,60222,3948,1306,8349,5024,089,06
BenTre,28-08-2018,635933,91214,69944,15770,62991,18928,39633,96741,93244,51763,57743,89166,9265,9448,2686,5654,264,75
BenTre,21-08-2018,989635,55326,03134,32043,46778,52027,96632,20095,74618,82685,90020,72546,6784,0628,3741,7381,641,92
BenTre,14-08-2018,064914,82037,52592,05001,27397,03308,31596,34044,98357,03355,24359,25054,4273,7599,0987,7659,055,44
BenTre,07-08-2018,101899,07367,71143,07160,98842,23283,59246,71552,23379,01809,82428,57987,4614,2154,2835,6611,731,38
BenTre,31-07-2018,999039,91602,82903,03596,21708,79214,12026,13439,02320,86906,59203,51301,5439,1410,1971,6142,880,22
BenTre,24-07-2018,632320,57734,77268,63281,00524,67183,59755,03126,60685,11538,07994,87027,9506,6264,1999,1095,740,78
BenTre,17-07-2018,363551,96340,36704,30162,73099,73833,25293,57796,29992,65295,16019,80303,3878,6585,5780,8717,363,45
BenTre,10-07-2018,637680,10568,16046,95258,32282,61497,01339,16767,23192,70835,84240,73969,5698,9823,8115,2756,884,96
BenTre,03-07-2018,871419,27643,88979,32686,67468,54834,94800,11056,93070,77350,38519,37176,2502,7140,4388,2446,823,69
BenTre,26-06-2018,477598,67976,69267,71066,21516,50553,90560,13569,92107,05416,63084,52520,9135,7492,6714,8110,317,26
BenTre,19-06-2018,593136,50103,18245,70988,16458,55475,82870,39543,01521,41749,78142,37784,7814,7358,4434,0548,413,26
BenTre,12-06-2018,183242,11725,38628,40463,19941,65227,87719,74279,78977,40609,02216,99813,4812,9534,7531,9734,517,92
BenTre,05-06-2018,933884,47631,44902,36080,93306,25260,32070,09033,47972,83003,99656,63684,1110,3132,6735,6449,028,13
BenTre,29-05-2018,130425,61846,12760,59383,40387,90814,54474,42837,77338,06552,30110,66403,7706,6367,2297,4953,683,04
BenTre,22-05-2018,835548,93965,55911,68333,96747,80349,89569,94674,29193,59650,34183,96613,8653,6649,5307,9536,583,90
BenTre,15-05-2018,712739,44784,29612,81474,44403,03154,19514,54967,00214,50462,20751,18357,9769,0993,8004,3803,456,19
BenTre,08-05-2018,348921,21332,60082,78410,77712,76649,60435,31076,97175,08419,65465,38763,3234,3071,1354,0910,236,04
BenTre,01-05-2018,681123,05130,41506,20315,31614,17874,34119,64424,88845,68378,11636,93548,5863,0154,8968,3085,483,15
BenTre,24-04-2018,437083,49768,52965,83652,11092,96703,67119,91283,00963,23221,00098,73362,4100,3335,0284,0876,485,09
BenTre,17-04-2018,015361,73613,93866,82828,19599,83156,11737,18687,45564,29749,52064,23978,3210,2767,6925,1408,523,35
BenTre,10-04-2018,662720,98862,19370,13777,35481,63073,86892,09868,30543,66717,71096,40896,3252,9161,8606,6745,946,69
BenTre,03-04-2018,397316,09806,17863,98924,25053,47615,82809,11158,20577,00750,31730,55943,0420,0707,3848,9832,549,39
BenTre,27-03-2018,151452,51755,69013,75248,96583,53715,20854,21806,18850,72703,95875,49719,3892,5236,2857,6853,924,17
BenTre,20-03-2018,130340,28440,99255,03164,71924,91923,22478,65951,03306,96896,36783,86300,2466,9633,2379,7564,503,40
BenTre,13-03-2018,746307,51516,08834,85087,64553,22982,62842,92241,99282,34964,54064,30385,3473,6146,9234,0751,564,34
BenTre,06-03-2018,953199,92996,10904,46243,56723,10363,13362,50170,02923,13942,93768,33105,6520,6192,3854,5003,039,49
BenTre,27-02-2018,825832,93730,79751,76481,58554,22970,02231,38981,33401,70773,84471,39783,8323,2944,5962,8610,788,00
BenTre,20-02-2018,089860,15235,54239,20420,89069,98470,84915,45165,73106,95118,38295,86299,3469,3549,4596,6993,024,92
BenTre,13-02-2018,794648,12371,73436,95917,45594,50207,34200,94894,07579,95191,28132,56703,6494,7427,4794,8680,784,43
BenTre,06-02-2018,044083,69806,05055,41323,34953,14732,57770,77823,90776,30939,75359,06070,0983,2376,2378,0523,244,88
BenTre,30-01-2018,527480,61634,42979,45536,66872,26443,47683,21454,87208,98536,80732,14194,5119,8902,5174,0053,340,51
BenTre,23-01-2018,714772,92135,76118,79297,54444,73178,10099,75555,72966,29012,09236,83177,8098,0710,4918,8197,853,89
BenTre,16-01-2018,665924,32223,50619,44768,03164,15440,37403,46291,59188,38324,48555,49478,7057,7056,3338,5281,092,08
BenTre,09-01-2018,963953,11974,53628,47002,78153,62258,97677,09941,69736,32140,04313,53754,8452,4011,3696,5083,430,06
BenTre,02-01-2018,154150,98537,78756,01101,77933,28065,32343,45139,78679,29068,14131,13880,2515,1862,8234,8259,106,40
BenTre,26-12-2017,101604,24599,85001,66713,35196,94272,54854,15658,35442,15084,28530,83520,1639,2442,8052,8073,451,09
BenTre,19-12-2017,633055,03694,84256,59387,79590,49931,04881,82966,37114,59046,33643,59762,4463,8406,1695,8328,850,86
BenTre,12-12-2017,563572,14523,67608,00403,03629,68609,76647,84874,58528,02869,88436,63125,6953,5529,6435,8803,962,57
BenTre,05-12-2017,431247,16171,18808,68258,23996,02775,33406,68407,62293,31313,44667,25683,8290,1604,9793,4409,466,38
BenTre,28-11-2017,599151,18592,37250,14134,30149,97055,45669,49702,88243,05543,88354,29689,7463,0422,0908,6835,326,42
BenTre,21-11-2017,812884,81039,02160,99777,96360,32514,00261,14530,28833,27908,14956,85996,7606,0001,0382,3023,853,63
BenTre,14-11-2017,304031,53393,67706,27628,76695,62614,04072,05188,23613,96038,97998,34538,8550,0143,4576,6208,238,45
BenTre,07-11-2017,349296,55238,08668,57947,31528,61780,39178,97895,51496,01201,30921,49508,7397,0348,9984,3308,970,39
BenTre,31-10-2017,963852,98346,28005,43296,74873,69648,43938,72403,39669,02731,25250,95905,8883,5136,3739,0814,822,85
BenTre,24-10-2017,426619,78002,20801,30553,68679,24535,10113,17013,56818,77213,90909,34134,6528,7650,6778,3776,218,65
BenTre,17-10-2017,575437,18750,04199,63648,49304,15821,34964,37051,76914,59711,77280,55103,7099,0816,5588,6595,266,65
BenTre,10-10-2017,138338,41722,47316,96716,55133,60173,08095,23297,99030,44682,12698,24395,8462,3911,5341,6685,973,06
BenTre,03-10-2017,927952,03692,99415,45189,46452,64494,01764,26143,13155,58334,69723,26070,7066,1377,8801,3893,708,38
BenTre,26-09-2017,098230,63936,57239,45964,75621,37088,83254,67428,33208,94280,97314,49104,6386,8075,9061,2267,964,50
BenTre,19-09-2017,586632,37769,85921,17734,61509,26399,97630,86583,59099,44341,09349,31563,4977,2646,2088,3899,277,32
BenTre,12-09-2017,701257,16382,13443,75302,26637,04869,77129,12356,57707,59157,33346,06982,8582,4012,4925,8666,935,12
BenTre,05-09-2017,286135,66445,16163,56659,86763,13642,08822,84563,20410,37467,03119,05520,4886,6258,1080,0929,717,16
BenTre,29-08-2017,842111,92022,76507,03599,99401,47324,32823,86575,09635,19323,90751,20257,3297,5403,7350,9760,965,18
BenTre,22-08-2017,178033,95055,39626,02534,23400,79215,34465,66993,98658,77700,29033,76074,7690,3249,6005,1946,113,56
BenTre,15-08-2017,115655,44608,96020,37237,25011,79287,89276,14386,23853,08838,45644,52702,4682,1369,0153,5655,834,39
BenTre,01-08-2017,981163,87133,17296,57957,57760,22175,58004,43399,19961,63332,40786,64588,9961,5224,3894,3096,836,40
BenTre,25-07-2017,944083,07417,89702,54139,59459,57295,71214,21843,87682,94712,50930,45009,6742,2496,2659,1966,221,54
BenTre,18-07-2017,903759,01028,03674,05969–05943,57032–20436–90798–54848–77277–61140–69168,8138,7163–5000–3457,974,61
BenTre,11-07-2017,903759,01028,03674,05969,05943,57032,20436,90798,54848,77277,61140,69168,8138,7163,5000,3457,974,61
BenTre,04-07-2017,813952,67598,76176,68102,85615,66885,62608,20988,87790,83899,24353,31545,1610,3119,8064,5160,659,53
BenTre,27-06-2017,131295,72968,45374,05161,79324,88994,08261,18200,28792,18644,20721,17205,6596,7558,3985,2961,291,60
BenTre,20-06-2017,114250,49352,40897,75426,49079,75205,41353,57485,76285,86418,37859,87952,1703,2115,6154,5411,603,54
BenTre,13-06-2017,593809,10677,19709,38418,05334,46181,27630,67337,70254,54845,18718,45122,1307,5925,7156,0414,532,04
BenTre,06-06-2017,646361,36002,99409,04791,01655,48683,03627,63552,65860,97807,13672,44584,5653,0976,7793,4556,169,61
BenTre,30-05-2017,484920,96255,74130,43694,48958,28247,55554,97394,98269,23467,53149,14123,1593,9568,8494,0474,996,30
BenTre,23-05-2017,732249,25805,77283,12484,21384,07001,92154,85429,21930,89738,19214,87616,4992,1865,3610,2196,755,35
BenTre,16-05-2017,510777,56882,07047,19858,31165,68547,62975,19924,50535,70021,30638,78292,7890,2110,9684,5474,412,07
BenTre,09-05-2017,548480,91405,91251,79274,84446,68874,95981,47404,21001,86771,67447,51729,8053,5385,6354,9405,606,12
BenTre,25-04-2017,294488,81436,64957,74802,25197,78727,34419,37504,61032,04902,66041,33622,5918,3146,8663,6387,903,14
BenTre,18-04-2017,594589,54044,19452,96784,55602,19432,15179,85596,12199,07613,99586,20565,1594,4373,7192,7750,019,69
BenTre,11-04-2017,965423,82087,39070,68644,73343,70923,18305,55654,69238,21246,41953,32973,2700,0795,5955,1590,269,94
BenTre,04-04-2017,511665,77872,09696,11499,46421,33177,82311,41340,56833,74911,97741,97253,1785,8232,5434,6661,669,20
BenTre,28-03-2017,596614,12785,20595,62860,64093,88096,14106,05582,12389,25075,25537,79115,7592,7752,4659,7864,781,67
BenTre,21-03-2017,433016,12746,59431,50753,48518,88417,89556,89334,89411,08641,59601,02933,9780,9403,3715,9376,953,71
BenTre,14-03-2017,074560,24075,91505,15315,66972,60452,68864,61203,62022,02962,78100,30548,1242,6002,4744,6844,158,79
BenTre,07-03-2017,096850,28255,24351,66537,76963,86931,77548,61718,74991,56362,28375,12713,1173,3885,4652,9816,550,85
BenTre,28-02-2017,783280,00642,91301,83194,56382,25795,53162,69602,12317,55099,58425,40357,6687,9157,9999,0416,920,95
BenTre,21-02-2017,064925,77517,41501,55647,08875,34546,34594,47518,47654,42517,86364,15131,5710,9018,6758,2228,971,45
BenTre,14-02-2017,886637,24464,45539,57803,73096,05136,03418,62367,05685,80409,94034,21617,5043,6654,6482,5290,237,54
BenTre,07-02-2017,185940,54072,19869,35302,62598,01640,72604,79660,43676,75568,82586,16831,3708,2661,0517,3154,832,79
BenTre,31-01-2017,022750,41346,41760,01025,43918,15858,24652,61760,48815,58935,85514,38238,2800,2746,8752,4074,695,93
BenTre,24-01-2017,261435,29114,05736,33978,22120,54193,59069,14286,00581,37287,78907,68916,5536,6117,5326,8785,652,61
BenTre,17-01-2017,272804,57684,84039,85647,47820,49729,63154,55603,65181,67556,10014,60271,1197,1167,7566,5293,119,33
BenTre,10-01-2017,755124,83064,76435,05651,01333,31436,72078,23900,51490,18355,16758,73509,3725,3698,4316,6841,443,58
BenTre,03-01-2017,312152,13535,14788,37005,12364,70674,33536,66832,43002,27453,53532,24418,8536,9032,0043,0988,284,41
BenTre,27-12-2016,891791,81077,30946,54778,07011,26972,12526,59137,89171,67396,50239,64641,4724,7894,4812,4801,517,81
BenTre,20-12-2016,792160,70892,19613,19175,28433,85062,72138,83993,72013,43997,31560,72165,5420,5319,2397,0293,366,52
BenTre,13-12-2016,339729,87290,92609,16005,47679,60627,66869,16927,66196,65825,91859,98217,5709,7197,8943,6548,569,83
BenTre,06-12-2016,757594,62954,49154,26130,02056,41894,73648,38246,85968,70832,06726,55509,4613,8213,9709,8193,936,61
BenTre,29-11-2016,264416,30014,55203,81703,28263,79213,48479,25911,47802,50233,90796,89851,1873,0322,1160,7171,830,51
BenTre,22-11-2016,307986,50209,36288,55380,36333,97683,04735,29232,63123,74093,94918,14877,6696,2357,5785,7207,983,43
BenTre,15-11-2016,300645,85642,92401,06077,91610,96602,81368,58469,29258,65300,32402,33544,9772,3608,7855,7574,036,07
BenTre,08-11-2016,101168,17636,14134,76289,52877,65909,98928,69418,95863,07040,49178,70124,3801,5372,6617,3844,088,92
BenTre,01-11-2016,570680,94948,48309,53617,31438,08713,72978,82602,64993,32165,65267,96065,3995,4632,9735,0463,486,05
BenTre,25-10-2016,185037,30071,83803,56836,42486,75971,99183,36293,98645,00923,91220,74284,7487,5324,1803,4060,364,98
BenTre,18-10-2016,463019,96151,56801,02285,62807,61861,72980,08165,32771,57466,92748,66173,1268,7893,4110,0836,173,86
BenTre,11-10-2016,945499,70303,81096,03317,66444,06224,89469,65200,09729,03138,49035,15749,4145,4787,4325,0919,277,16
BenTre,04-10-2016,602763,73968,53617,66019,48714,78624,61259,84010,62794,35309,00781,42447,6739,2991,8756,5348,306,75
BenTre,27-09-2016,107640,37293,96169,04718,47437,04000,01649,16607,41007,71463,44671,41848,1063,7228,3478,7569,947,19
BenTre,20-09-2016,860083,93375,72069,02926,84378,25277,02286,72067,53767,28216,02749,13700,4109,1130,3097,2010,500,99
BenTre,13-09-2016,554500,21806,59677,88313,10842,46743,53161,95979,25022,05600,50793,50942,3210,7279,7360,6220,765,92
BenTre,06-09-2016,652867,45938,09474,22525,30629,73606,50973,40295,74433,91626,05173,93148,3879,1869,2328,0108,595,56
BenTre,30-08-2016,487298,26948,57219,01637,04613,08700,15222,74402,48481,55171,43700,86743,7996,7773,7781,1122,729,61
BenTre,23-08-2016,480386,29742,71699,56768,89659,29125,14676,57500,75693,49948,68123,15332,3200,3974,5234,0660,170,69
BenTre,16-08-2016,144831,90072,83363,60421,04506,03500,14495,64745,33061,05065,15806,81064,9540,4873,7849,7724,310,89
BenTre,09-08-2016,299134,49995,06109,46884,20660,63295,27523,27236,44475,94567,15905,38146,4855,1573,0498,5973,439,55
BenTre,26-07-2016,692677,91814,80498,18596,71778,15014,48128,62578,95815,10711,77599,36025,9565,2154,7108,1963,392,32
BenTre,19-07-2016,349742,78587,95979,49162,06527,73014,18441,25315,46516,52084,21320,10738,4274,9367,9108,2632,828,93
BenTre,12-07-2016,543665,82736,47092,27307,45183,52417,43101,39519,57317,49798,11198,42789,3528,7386,6792,3304,035,86
BenTre,05-07-2016,283027,98035,35480,19013,36755,11265,40545,51799,44608,29641,68832,32505,1657,6070,0294,6185,565,47
BenTre,28-06-2016,839430,77442,82076,95809,85991,42262,93030,59453,31154,01743,60811,82089,1847,3833,5923,8162,863,23
BenTre,21-06-2016,085490,46640,81680,10249,64422,81496,08776,45584,77921,82425,20632,92280,6069,6828,2622,2186,914,77
BenTre,14-06-2016,516475,88685,40835,43155,25579,05200,45656,18978,19106,16232,54956,00203,8580,5290,4207,4932,184,53
BenTre,07-06-2016,979983,06759,11463,77123,52773,39863,68668,30705,80489,01465,31414,07482,1095,5896,2805,2915,844,19
BenTre,31-05-2016,628858,41433,07647,48024,87211,59871,87029,65537,03176,55857,21203,63057,9627,4831,1072,5100,440,81
BenTre,24-05-2016,455648,05801,48709,41909,49060,47047,89453,13222,74792,87332,87623,82636,3201,4485,5822,4895,055,14
BenTre,17-05-2016,174547,88313,26148,16665,98372,15717,16848,29160,72260,27008,56490,10212,4625,6618,5635,0555,345,85
BenTre,10-05-2016,873004,46159,63852,51012,26807,50244,32316,73884,94934,83610,97573,37525,0720,1223,7238,8726,556,63
BenTre,03-05-2016,234954,27851,33159,62357,64815,81961,87361,68367,04712,81161,29840,41300,1744,7944,7776,2245,042,66
BenTre,26-04-2016,665673,66133,17122,74115,05673,10820,73097,37570,08361,75070,37065,42233,5241,2073,7988,2814,695,67
BenTre,19-04-2016,680909,53533,32565,51563,13087,03023,59278,32167,20410,39085,71464,00504,5826,4063,2975,7997,923,08
BenTre,12-04-2016,966516,70004,71013,76848,37956,31334,11104,73305,52355,43342,13075,54489,0808,7777,1222,8962,031,12
BenTre,05-04-2016,121597,74708,68192,53230,23906,18754,68331,98290,27945,79938,61895,71040,4060,6656,2784,8795,072,47
BenTre,29-03-2016,773169,96907,50367,28003,59210,68963,43783,82898,94778,80454,97133,36293,2183,5461,2014,5536,411,56
BenTre,22-03-2016,228976,33628,69649,26441,93448,37471,74451,91104,81109,23847,28428,42139,5114,1945,1740,5787,996,23
BenTre,15-03-2016,522950,34427,90506,18990,72669,51046,10660,18650,56467,74519,30452,70880,6067,0305,6828,6520,336,40
BenTre,08-03-2016,985350,10987,74046,60391,70373,19173,79250,65205,75336,80170,46071,30680,9663,8989,3577,7511,363,57
BenTre,01-03-2016,592918,48124,70586,75933,78528,50113,16605,24548,42663,84147,80432,31416,4524,4760,6739,1749,714,74
BenTre,23-02-2016,678380,32379,61352,85248,62815,00577,65673,31405,31359,69988,26709,19816,5229,0222,0816,6353,730,76
BenTre,16-02-2016,630442,47627,85524,74020,51710,06229,62421,30794,40971,44679,86927,36534,6394,6993,3004,1948,287,44
BenTre,09-02-2016,538297,21233,72193,20478,26448,60369,56451,99354,96686,98778,51405,06319,5718,4278,0894,2126,670,83
BenTre,02-02-2016,826966,21472,16241,03354,47765,53299,76618,15465,28397,92297,00621,73254,2008,6912,4484,4613,218,69
BenTre,26-01-2016,046975,56135,28164,69028,26059,63528,53964,05784,25561,60415,39908,35501,1844,2541,3675,5201,062,43
BenTre,19-01-2016,766297,54743,61742,57647,01634,40248,74960,93206,01831,96290,06779,41697,0609,5547,4285,0996,563,33
BenTre,12-01-2016,129844,24104,62677,23200,63053,65419,63131,26105,82229,05058,94423,39010,0490,2185,2402,0125,458,50
BenTre,05-01-2016,146865,79641,49865,94827,47735,59727,38698,78391,84068,12310,49178,92773,8388,7263,3001,4253,427,63
BenTre,29-12-2015,038777,37462,69729,17916,25786,62401,90268,86757,03122,71900,44016,04401,2125,2376,7189,8266,926,81
BenTre,22-12-2015,422231,96225,97568,91520,52616,89696,34592,39932,26629,81518,52771,39636,8308,7560,1067,9951,347,58
BenTre,15-12-2015,520315,73105,54152,04908,66790,72385,21798,36881,71038,60596,03636,00485,4623,6858,4659,3424,450,05
BenTre,08-12-2015,727702,72431,25783,27978,84408,03660,80240,33198,99204,19776,96679,41730,6412,9366,9311,7521,034,36
BenTre,01-12-2015,042309,27737,93589,80698,40549,73737,13441,13931,08727,44580,97540,12695,8018,4774,9037,7384,244,80
BenTre,24-11-2015,600013,19696,64988,12435,93776,38781,37405,34312,83053,64508,26192,69356,9464,3249,7658,3844,174,76
BenTre,17-11-2015,233109,98011,23761,66086,58604,29021,21879,47390,77380,57026,38155,66551,7397,9666,7466,9675,339,09
BenTre,10-11-2015,008248,07389,67506,40929,75326,49896,62598,04422,91620,65184,38297,79547,5735,1396,2253,3146,199,01
BenTre,03-11-2015,123293,51151,42626,53492,64858,90548,19931,00673,48067,93683,73193,02114,8764,9789,6876,1560,369,71
BenTre,27-10-2015,733939,97967,34053,58378,83109,55959,92727,65162,85921,41340,84811,93373,0008,8477,0641,2308,520,39
BenTre,20-10-2015,466843,18116,18352,35161,09669,82784,79597,18758,08094,65990,73764,54791,9816,2984,8803,0214,197,49
BenTre,13-10-2015,953945,37440,49721,21464,68429,10391,68007,58285,47469,31197,65436,59326,2532,8982,1406,8991,310,43
BenTre,06-10-2015,345395,70950,00517,13686,53663,74061,52732,32667,63389,81608,92619,00860,2910,5529,2797,3628,428,60
BenTre,29-09-2015,899783,22193,52836,87107,33519,56495,07388,42375,64533,92336,37856,70175,4806,6137,8739,7708,473,72
BenTre,22-09-2015,024318,20482,11974,79275,79815,29596,25396,15386,24842,89921,72943,80627,9054,5222,6366,5501,353,79
BenTre,15-09-2015,222469,39944,52582,68656,28771,54487,15410,15796,30709,69480,63121,82312,6793,8291,7270,2910,847,56
BenTre,08-09-2015,434881,39124,99533,52174,18039,76341,32216,04713,64633,96272,77037,42518,2434,8184,4527,4430,851,17
BenTre,01-09-2015,449931,33411,44955,45552,27036,85363,82281,66633,87668,15907,97416,49609,5506,4471,6714,7760,274,89
BenTre,25-08-2015,649070,25147,07312,12841,68049,98943,00687,05878,17225,69230,88570,48163,5270,6437,4879,8533,831,20
BenTre,18-08-2015,160236,10814,21850,03404,87152,41875,15027,74237,23805,55490,49485,31438,1392,2029,5397,1359,093,48
BenTre,11-08-2015,117668,63100,97468,06600,91046,89590,55908,04422,76726,10205,88762,14468,6368,8672,8649,0686,570,37
BenTre,04-08-2015,522645,49195,76543,04517,36898,87180,49344,03752,83627,48596,96530,92154,8268,5319,1646,6577,186,73
BenTre,28-07-2015,353204,94711,30554,82951,80821,59593,67159,23275,96241,70736,55051,33642,0577,3229,0715,6700,300,73
BenTre,21-07-2015,839959,50810,33539,25853,43284,64964,54747,40991,96508,68189,89555,69708,3822,9064,3555,0637,294,60
BenTre,14-07-2015,451924,92956,17520,99212,64236,51786,77292,51717,72970,08316,79452,17561,7368,5407,7017,5333,298,67
BenTre,07-07-2015,056917,56582,27560,35455,84446,48034,42870,24985,47030,29564,03326,36706,6705,4450,5916,5468,860,53
BenTre,30-06-2015,305838,60805,12003,37316,47004,15152,55128,14822,54654,08355,40345,18150,7868,7930,5023,6508,241,43
BenTre,23-06-2015,532879,27470,04123,33881,52003,09189,99107,90270,94438,90124,34877,74004,2617,7412,3185,5489,813,48
BenTre,16-06-2015,725165,63299,44099,65262,80060,76108,59554,92617,75017,98650,88567,56158,2181,0361,5361,8477,837,79
BenTre,09-06-2015,794978,98464,05594,53381,29297,91664,63293,49525,10244,95281,16029,71569,8891,0868,8598,3224,383,13
BenTre,02-06-2015,711942,61352,58802,59812,89062,51029,76234,16336,11683,75631,23732,56213,9653,2188,1495,0214,004,31
BenTre,26-05-2015,565193,14105,09047,99400,02503,00760,76041,82176,66876,07779,28429,73677,5563,8304,0077,1020,666,10
BenTre,19-05-2015,289012,07368,01549,20776,18457,56738,91998,08610,19758,85389,60021,50511,3735,3185,7120,0587,989,52
BenTre,12-05-2015,696003,91011,26233,19597,66516,27579,78251,17435,07712,37833,25825,97587,8136,4030,9077,6382,739,66
BenTre,05-05-2015,006044,03026,36634,69773,18274,09525,64676,40645,33704,54439,12925,79386,7241,7945,9725,2217,499,34
BenTre,28-04-2015,515840,75197,47656,61130,46896,77397,18103,16869,95710,13894,58408,24123,5299,8012,8130,1405,741,98
BenTre,21-04-2015,060128,75669,17054,82812,60411,84763,19854,58611,00183,81282,53451,22959,9542,0589,7028,7229,537,73
BenTre,14-04-2015,157181,45048,39705,74957,66316,60589,58510,88129,89888,63419,73533,71957,4470,1638,7817,7888,839,21
BenTre,07-04-2015,754841,06566,48376,86328,51831,00579,04660,56972,27872,63979,66633,63637,5751,4790,9384,6691,775,01
BenTre,31-03-2015,716492,31686,97452,46376,63571,32776,71801,08126,07601,18851,64275,90306,7268,2369,3721,3207,629,50
BenTre,24-03-2015,007916,34064,02991,43531,83040,43177,17399,37570,56304,74171,18752,58651,5941,9781,0673,2076,288,36
BenTre,17-03-2015,362780,86600,87736,95946,07171,30389,35885,31500,26224,35888,27624,32423,0014,9683,9134,2487,570,14
BenTre,10-03-2015,817920,98959,31463,35781,05978,42619,18072,29072,75284,63342,03965,17802,5133,3186,7899,0980,615,03
BenTre,03-03-2015,619124,73800,83959,48373,23152,15692,18149,50505,31460,35335,47680,71742,2163,6305,3282,2416,992,32
BenTre,24-02-2015,107219,98169,17276,06822,23735,08370,38994,39304,34438,91567,49396,55319,5634,6140,6032,0550,509,13
BenTre,17-02-2015,548381,97610,59902,74328,51969,80847,89530,29140,60059,27824,32406,81606,9399,8290,4853,1655,005,64
BenTre,10-02-2015,492741,74934,11009,82287,64539,11418,26641,74991,18217,56173,78836,61259,1939,6488,5616,0048,124,42
BenTre,03-02-2015,700952,70044,28771,70955,15243,67861,97354,39383,60208,65117,08827,93403,3681,5113,4457,2128,661,81
BenTre,27-01-2015,930931,81275,06778,04168,41813,66617,37706,79878,13558,06544,50397,51583,8257,9072,6540,6124,342,37
BenTre,20-01-2015,240619,72416,77146,49842,04136,35085,82940,13820,66757,67506,54956,73595,7896,6734,2618,7466,477,42
BenTre,13-01-2015,742559,25702,81232,22777,10156,40114,31872,73422,92331,14749,73035,91725,7577,7586,1542,2059,878,33
BenTre,06-01-2015,276901,34456,26768,27648,69806,10797,55816,82766,73148,12885,23186,58129,8642,6459,0047,1493,406,19
BenTre,30-12-2014,734152,75953,49796,65459,96512,01902,58103,08450,59166,71011,30479,94731,4904,5702,9020,6161,882,37
BenTre,23-12-2014,356355,57491,33462,03194,18808,76347,54258,81813,01872,36050,80560,71773,6151,8527,0627,8458,674,55
BenTre,16-12-2014,407898,45075,40264,42888,80014,80761,64280,21115,17718,24881,34240,39523,3805,3026,2958,6804,247,77
BenTre,09-12-2014,898632,20150,88457,15926,17024,70334,70136,57741,65873,72055,36897,34671,8662,7954,1780,9053,783,26
BenTre,02-12-2014,043739,41298,07440,53705,16857,29884,23834,86338,78166,62970,67600,67215,7438,5593,7620,2876,666,83
BenTre,25-11-2014,011253,74882,12019,16176,95661,15061,61040,75250,36266,85077,36812,90839,0476,6485,4131,0147,333,37
BenTre,18-11-2014,259761,69224,96027,99558,63164,44069,17442,04056,53177,66396,71300,48365,4167,5550,6910,5062,179,09
BenTre,11-11-2014,040632,96175,57985,92424,30615,66123,75867,50809,27025,33951,07867,11898,2018,1420,6622,8531,223,41
BenTre,04-11-2014,639946,43099,64554,57936,18449,70108,36791,44003,91136,71194,01181,27536,7979,8802,4400,4491,272,59
BenTre,28-10-2014,837707,01617,52460,19766,73385,69337,12110,27539,85576,82282,40860,08511,9152,5619,8433,5477,839,12
BenTre,21-10-2014,029782,13542,87835,52544,00598,16600,77969,00100,29503,60688,88883,74908,2778,8469,3532,3858,646,68
BenTre,14-10-2014,370715,03343,51764,91261,56426,83072,45741,55628,05830,96953,06348,42320,3583,3583,3448,7524,845,54
BenTre,07-10-2014,840053,02441,93023,00840,84021,34325,62983,04528,56958,86940,34590,82166,7248,4490,1611,2744,478,32
BenTre,30-09-2014,120824,78999,04515,60062,99206,77661,22432,64036,35967,10713,95324,34940,9867,9465,4361,8414,520,27
BenTre,23-09-2014,122370,74815,19343,63930,71307,49977,91534,35092,70339,54459,06900,76472,0202,7093,9612,8908,805,74
BenTre,16-09-2014,742035,12701,66059,50256,99752,47323,52861,43964,53307,40653,39178,35029,4511,1193,1797,5627,421,61
BenTre,09-09-2014,503689,73054,61101,12391,97776,96294,62156,70903,18195,54181,79454,78041,9735,2417,7803,4166,552,01
BenTre,02-09-2014,018748,16576,93366,86692,70307,02339,61918,45841,42557,95161,99790,45941,2241,1788,9396,4955,161,80
BenTre,26-08-2014,840224,03123,02839,98509,65727,20651,42929,37777,29489,38147,37390,45910,9722,4062,3406,9370,701,23
BenTre,19-08-2014,196437,90971,95292,44917,28904,85937,05737,82235,92014,59175,75575,16214,6707,9558,9304,2746,660,09
BenTre,12-08-2014,860522,85080,74199,84523,23267,55382,07132,61857,39494,47620,17907,14805,0682,8544,5198,6009,421,64
BenTre,05-08-2014,629157,47772,23971,26835,58971,91291,57186,63046,02106,05427,20808,23885,7295,4913,1945,2885,739,57
BenTre,29-07-2014,177340,17633,33612,84963,34907,89094,14658,03174,40827,75764,81718,13478,2437,6774,5533,3804,297,13
BenTre,22-07-2014,185860,47889,88113,65503,16759,30566,80183,74052,43785,46838,56152,87145,5048,0607,9233,4248,623,33
BenTre,15-07-2014,497351,02628,62328,41352,30192,46855,80284,61328,88692,16922,82440,10683,0517,4038,1649,8369,885,57
BenTre,08-07-2014,376600,03886,35650,26081,58127,75266,86296,81205,76711,99844,68089,34195,0207,3246,9030,0705,974,58
BenTre,01-07-2014,732541,83477,57695,19041,68826,95650,48864,88450,89225,63242,57398,32821,1850,5534,9476,6872,648,40
BenTre,24-06-2014,121388,25582,50531,79280,36618,21394,19952,35464,14165,38106,30871,51842,3819,3075,2747,0401,973,93
BenTre,17-06-2014,001063,86729,13216,28980,38334,09377,49885,47862,01927,07295,73863,33651,7755,5859,6451,5650,939,76
BenTre,10-06-2014,384251,69470,34173,50905,25594,40580,31539,92992,26989,44075,24081,25191,1187,2311,5638,8221,070,82
BenTre,03-06-2014,797574,89129,48808,07002,69351,14769,66475,16750,21214,92365,74051,47639,3550,8274,8661,3307,312,74
BenTre,27-05-2014,060200,62285,10307,36102,56358,22282,36331,96902,48191,44610,16108,66840,2837,9855,9485,6506,457,77
BenTre,20-05-2014,401796,58359,41433,56644,86167,98911,53291,17676,77874,31656,98932,29967,9917,1332,4418,6845,534,33
BenTre,13-05-2014,167798,76031,16163,21791,44588,08551,69690,21956,43429,12492,67951,37180,6245,9548,8326,1428,855,49
BenTre,06-05-2014,596768,63390,98064,54319,60167,18324,59979,67648,97296,01274,96873,04915,3603,7164,4622,8723,241,53
BenTre,29-04-2014,874683,75492,33219,41172,79642,69098,71518,31841,13503,94235,19628,52922,0141,5248,3357,2054,919,33
BenTre,23-04-2014,909618,81654,49120,20964,84659,19936,04705,55197,42527,82087,18651,52963,8855,7955,3476,8847,355,83
BenTre,22-04-2014,909618,81654,49120,20964,84659,19936,04705,55197,42527,82087,18651,52963,8855,7955,3476,8847,355,83
BenTre,15-04-2014,253589,15111,28840,66511,91020,24797,19985,02055,60104,43938,93768,87181,2310,0337,7873,2744,336,88
BenTre,08-04-2014,567764,90606,59182,96758,22609,12854,63976,50115,69003,00327,63120,46581,0283,3246,9788,2663,071,36
BenTre,01-04-2014,583391,66188,64173,42789,34849,38710,59241,31164,17445,06986,45093,87639,6064,1542,5040,7585,082,29
BenTre,25-03-2014,529836,33352,40358,97620,74095,59183,94730,61878,62883,98042,60530,72410,6861,8046,3748,7666,789,01
BenTre,18-03-2014,040178,07259,46458,54188,52400,32549,49667,23036,43390,94070,76875,34489,4771,3806,7097,0889,457,19
BenTre,11-03-2014,291758,03470,00065,58047,29825,16042,34300,79144,33776,38561,17044,80471,2010,8953,8864,5962,066,08
BenTre,04-03-2014,203021,89057,10274,71945,15120,35316,01497,66498,54926,24971,44890,65396,1131,7241,9673,0946,023,92
BenTre,25-02-2014,995468,15269,57668,83625,33397,97490,48231,62691,59462,88314,79899,35828,4578,0479,6626,3236,118,47
BenTre,18-02-2014,266876,02161,53107,14149,91639,45029,03616,10311,25262,07914,04342,99307,7222,9660,0989,2260,841,72
BenTre,11-02-2014,027823,39267,03760,34323,16036,60727,80155,80002,04194,04071,14456,59927,5584,3142,0055,8843,271,48
BenTre,04-02-2014,241737,73047,64455,89817,77705,07716,89788,22883,81416,96135,25293,95955,0687,3858,2367,7569,413,74
BenTre,28-01-2014,855514,70288,91192,67836,17025,44632,80033,97860,06110,60389,56342,63709,5587,3687,4744,9257,693,82
BenTre,21-01-2014,703520,11940,66282,50198,76930,90880,66163,35013,83346,89647,22958,98778,0819,2436,3391,9883,182,30
BenTre,14-01-2014,411139,32063,44989,65096,10792,86197,17484,39738,16901,56177,88064,53890,0627,2889,9905,2277,905,01
BenTre,07-01-2014,731178,11887,13108,92196,84457,73420,00131,99526,07618,99888,85584,48542,0035,7003,1380,4533,515,99
BenTre,31-12-2013,881971,67188,40149,21397,06659,07728,86588,93718,33415,35721,07846,84538,5949,1389,5885,3452,159,76
BenTre,24-12-2013,532621,26050,91508,60258,32099,40053,52959,81604,59960,32846,73948,26161,1519,2166,0154,9456,235,00
BenTre,17-12-2013,269355,34702,14930,77605,05371,00242,65455,13932,49101,83854,28175,36793,0295,2843,0287,2969,530,90
BenTre,10-12-2013,500314,21166,47752,88524,47285,13818,99396,06772,08499,72310,00969,24216,8602,0009,0507,0274,279,08
BenTre,03-12-2013,823080,56779,40638,53203,64569,98738,71076,09141,06314,27667,37715,73285,2845,1783,6202,8412,091,02
BenTre,26-11-2013,670110,21630,06720,13715,70702,97576,85982,65360,73941,30724,73740,89466,2524,5605,9031,2109,475,04
BenTre,19-11-2013,933959,30508,67109,69073,71606,17829,49761,59460,80520,26876,10041,44645,8048,7348,0024,2155,053,08
BenTre,12-11-2013,618463,88899,63817,49454,65280,78835,80188,54554,63021,81533,80617,83864,6493,8268,1405,9713,646,16
BenTre,05-11-2013,436843,55218,53341,94100,88881,29824,66950,22886,79538,53133,83888,43998,5770,5322,8083,6388,087,45
BenTre,29-10-2013,123099,84630,92914,84012,91895,55346,65167,84126,62410,48199,17517,80544,4642,0809,3493,1699,865,90
BenTre,22-10-2013,303082,42466,24044,39548,42995,66283,20949,96198,12048,74051,58222,38080,0769,5482,4128,9897,920,42
BenTre,15-10-2013,758087,09560,65333,98634,92092,19772,39741,34862,93857,21341,38013,62781,0596,1874,8457,2237,115,58
BenTre,08-10-2013,135708,29229,78752,89320,78896,62532,97285,94808,41175,42398,85583,81938,6145,2681,2158,3827,408,60
BenTre,01-10-2013,609205,16382,10892,69527,14719,99387,91698,77527,01053,93782,14560,28054,2581,0766,6478,3124,995,55
BenTre,24-09-2013,264352,67183,99985,78947,42091,08813,68670,72902,58932,60705,89216,73616,6275,3403,8016,7796,675,75
BenTre,17-09-2013,450984,77821,39184,32360,35348,61183,97421,65096,07703,76008,78194,20689,9110,7853,8615,0612,954,43
BenTre,10-09-2013,750386,92613,41303,41868,59821,80830,34225,06996,70549,70670,45310,06200,3575,1873,6726,1389,808,67
BenTre,03-09-2013,522462,39956,96463,95978,97905,36071,27325,58552,05845,41975,29647,90106,1860,1433,7911,9412,630,85
BenTre,27-08-2013,405247,77723,48816,16099,50288,78295,98124,05940,89602,50605,02801,38783,5678,0989,8880,5802,079,67
BenTre,20-08-2013,659694,72762,23697,75527,93514,37780,69075,90372,42977,33077,96395,34580,5404,4970,7278,0063,062,03
BenTre,13-08-2013,460148,37122,75832,28343,79127,42965,07034,45636,14594,49323,50577,01680,6365,2223,3616,1891,820,93
BenTre,06-08-2013,796661,45487,43865,32368,30356,89637,10065,31152,78898,38923,51739,45147,2026,7481,4578,1532,026,91
BenTre,30-07-2013,606125,52030,45795,85527,56396,46715,56930,09028,34668,34784,86509,28073,0474,1253,3974,5980,233,06
BenTre,23-07-2013,051498,84471,41495,71539,80033,90195,90302,00704,32115,99285,74591,41957,3632,3810,7262,3730,765,47
BenTre,16-07-2013,202551,65306,69138,29266,36987,71598,54766,82075,39441,37799,18769,27653,9618,7495,9332,1756,694,91
BenTre,09-07-2013,214597,09614,75516,48488,68563,00988,63977,81631,50177,04185,07301,94635,1012,0704,2296,4392,073,50
BenTre,02-07-2013,636653,08313,10764,78526,54368,96939,71743,25640,81331,89495,77178,11340,6462,0741,4279,3392,034,76
BenTre,25-06-2013,455446,07452,44007,51515,77953,52506,69598,77025,77165,01024,69128,19792,9429,1409,1767,4360,692,16
BenTre,18-06-2013,198085,22735,24486,82561,16099,85297,55083,17838,43050,74490,57549,85352,6804,7282,4344,1176,971,48
BenTre,11-06-2013,243276,23252,36460,94617,86389,88704,84995,80360,62672,09445,81506,93809,6234,6641,6424,9195,797,46
BenTre,04-06-2013,026777,49665,69810,06539,23649,56114,80093,44798,12852,83144,60029,00670,9148,5622,0390,5944,841,13
BenTre,28-05-2013,397697,87052,49852,57501,35280,76836,59784,93108,45641,28964,71380,51080,0339,1867,2076,1008,616,25
BenTre,21-05-2013,316054,89259,27499,85311,51275,73360,90356,88656,65679,18549,08225,11073,6273,1246,1632,7981,269,23
BenTre,14-05-2013,191098,53209,94515,57957,51166,11230,60552,20652,00878,89282,10961,64238,4638,9046,5959,6257,577,14
BenTre,07-05-2013,916244,21788,70779,69660,58412,00386,99286,04610,93526,85750,17920,28783,0250,5786,2807,2188,061,81
BenTre,30-04-2013,256341,54584,04699,94885,13239,21062,08248,98960,30494,68640,06537,13134,8872,5613,0955,0256,452,17
BenTre,23-04-2013,989567,20510,13889,53221,98266,36320,10592,83254,41068,41263,77055,57482,2535,4240,8421,3686,924,58
BenTre,16-04-2013,991729,89052,80202,55258,54292,80384,15084,05555,14217,11419,70800,83501,5935,6410,5684,0013,864,02
BenTre,09-04-2013,668191,05961,39278,35494,65000,35680,52967,10638,71909,14446,92232,18180,2066,0571,9688,1748,971,88
BenTre,02-04-2013,254914,72364,66056,30886,60636,28911,20874,71198,29783,76683,34813,91905,8345,0378,0309,5785,601,49
BenTre,26-03-2013,998131,00739,68066,25190,42337,90732,03238,60548,44747,71112,02547,58864,9727,9528,9154,3956,961,85
BenTre,19-03-2013,009002,66099,93108,03119,95445,75025,40149,42978,38221,06176,68416,84447,8125,8022,4130,4500,800,81
BenTre,12-03-2013,730387,76180,15585,26926,60499,81132,44626,72117,26123,52816,06363,18739,6558,0803,8996,4561,148,34
BenTre,05-03-2013,908188,64324,13664,10605,73878,32913,40466,57355,94108,23326,10378,31496,2387,4182,2484,3018,089,91
BenTre,26-02-2013,611247,20213,72032,56348,20706,45149,66543,25338,16037,52057,60333,55981,0451,2957,7134,2141,582,39
BenTre,19-02-2013,736538,30089,85544,05928,13535,49266,94202,13887,53998,47148,93775,64820,2369,5803,8031,5394,440,65
BenTre,12-02-2013,729003,34154,16008,07701,44676,18957,23661,77062,99064,86696,44683,07454,5562,5970,9070,5322,537,59
BenTre,05-02-2013,239647,31751,36047,52513,36763,00345,00157,26417,63234,30314,39289,68287,7727,9454,8987,5196,044,47
BenTre,29-01-2013,110968,32932,66397,15837,17181,07545,09143,85079,94430,98641,96150,01837,2532,3625,6167,7993,119,61
BenTre,22-01-2013,710187,56319,00922,05630,11955,89837,78294,50368,03075,48802,04591,47794,7225,6494,5366,2877,092,41
BenTre,15-01-2013,087114,92872,42066,09938,48675,13468,84057,14681,57388,24486,42394,64146,6800,2268,1413,6520,357,05
BenTre,08-01-2013,698299,74542,26889,45487,98629,87158,84722,12640,60156,43724,09280,01977,8144,9917,9224,4573,804,23
BenTre,01-01-2013,496132,13678,41074,62628,67551,67668,78065,01126,21040,63186,49911,44547,5219,0323,3029,2543,991,92
BenTre,25-12-2012,387396,03312,19276,46708,46344,06114,82304,21683,30048,74526,33819,70796,7632,8527,6952,3560,687,85
BenTre,18-12-2012,672641,32664,00634,09328,98612,60856,08932,74000,75764,03465,81603,55369,5120,7988,9127,0158,901,59
BenTre,11-12-2012,430092,45328,55059,66186,18204,27714,11355,66524,73609,76362,61100,16561,2102,0130,7584,2372,895,26
BenTre,04-12-2012,857516,91181,83368,22042,96346,06217,65061,98298,42375,49377,49916,07208,5208,3015,9841,8596,201,79
BenTre,27-11-2012,637974,16343,26128,97029,14967,51591,10805,55082,60513,82099,88576,05213,7258,9095,7927,1955,927,08
BenTre,20-11-2012,013315,55105,77925,78240,53165,45353,94802,48467,69316,63932,30380,38864,2206,0411,4090,2226,101,32
BenTre,13-11-2012,268159,40822,88482,65910,95057,46738,44913,00612,04736,66413,12780,59840,6302,6050,9873,0667,333,00
BenTre,06-11-2012,638380,94059,55114,81470,39099,71042,76356,23806,32692,89440,17077,15233,8139,9152,3986,0755,151,34
BenTre,30-10-2012,091667,15040,32139,70816,10425,93821,76861,18554,76233,53340,85336,00615,3409,3857,4185,8918,834,12
BenTre,23-10-2012,307740,99369,98447,36446,69906,95674,96118,96505,96384,53155,17861,93246,0770,7640,8398,2402,083,38
BenTre,16-10-2012,146294,40849,45864,87627,90713,62801,88441,56251,08206,42020,40170,86170,9816,6537,5054,8596,543,23
BenTre,09-10-2012,068198,56369,59125,24881,61108,03139,15572,96942,76456,98316,24257,95344,1368,9761,1180,9493,843,35
BenTre,02-10-2012,725919,51049,71983,75364,20742,05698,67889,48231,42025,87571,87770,23817,6050,0010,0820,0709,188,55
BenTre,25-09-2012,892480,84181,05337,39866,70848,22275,83318,53996,91911,88615,41486,56829,2979,3782,9950,4715,654,91
BenTre,18-09-2012,519684,11992,68793,32717,38225,69546,76351,96074,90621,54330,08969,80108,4642,8476,9372,9523,203,80
BenTre,11-09-2012,859032,59926,65734,57574,42087,62515,07056,29619,13782,00119,78384,72193,5734,5958,6293,4721,481,31
BenTre,04-09-2012,067887,65187,67936,16353,76379,44353,60557,70132,49393,89621,75794,50929,6642,2865,7814,6173,698,18
BenTre,28-08-2012,538894,06239,74615,62331,54714,17330,67387,55946,10753,77860,41418,13199,6226,2507,2494,0772,511,08
BenTre,21-08-2012,940080,68151,61719,08901,15817,31972,44673,11011,84960,99220,84867,63620,5638,0512,4066,8630,461,02
BenTre,14-08-2012,290109,30239,60273,33023,86767,59632,77321,26091,62131,90174,10904,58987,6583,8241,0546,0119,028,22
BenTre,07-08-2012,24783,00462,36880,83255,33471,70663,94324,36621,40323,00165,30212,56554,9089,7327,5210,5887,265,90
BenTre,31-07-2012,365327,25365,49893,08249,64057,23505,00136,17806,02139,21803,17648,65193,9550,5595,2707,9645,605,48
BenTre,24-07-2012,811903,04690,27497,71924,38789,34356,56964,65534,24446,17859,56223,43221,7320,2992,7360,0609,287,01
BenTre,17-07-2012,704273,54359,46516,51047,74206,08619,00138,94221,98965,20485,38423,56812,6800,5017,8772,5493,887,63
BenTre,10-07-2012,742233,29684,63554,28343,80335,63185,86787,42133,55537,48426,34265,02688,5863,8082,1468,9054,097,92
BenTre,03-07-2012,860656,25016,32678,37023,88479,25510,53538,66093,84586,91196,14055,60937,6165,3604,3325,1549,768,14
BenTre,26-06-2012,622519,82554,40920,60053,85809,26255,26311,87302,97456,05571,95066,63748,3991,6802,1826,3321,814,81
BenTre,19-06-2012,002488,97995,43144,22597,64234,04457,59585,64892,76320,36901,88286,43515,4604,7852,9246,4268,450,94
BenTre,12-06-2012,391117,17051,67618,24665,47354,86103,68562,76824,30846,20417,90026,15137,7590,0442,1284,1304,413,11
BenTre,05-06-2012,021021,88906,33773,98064,01305,61284,34760,15014,83623,03423,56345,44436,3270,0268,0880,3342,175,24
BenTre,30-05-2012,756650,18032,78420,38883,68399,86492,36899,86860,24142,50847,68541,31750,5226,4411,1569,2521,613,07
BenTre,29-05-2012,756650,18032,78420,38883,68399,86492,36899,86860,24142,50847,68541,31750,5226,4411,1569,2521,613,07
BenTre,22-05-2012,593228,50694,15519,94304,06163,03745,93946,61799,59403,95851,29494,24570,0192,2051,6187,6786,827,66
BenTre,15-05-2012,888429,70207,02596,08859,15317,90486,78951,88509,49046,04070,51100,64656,1675,1944,3139,8258,287,79
BenTre,08-05-2012,392715,74511,72886,65038,18825,94797,87105,25763,33814,21142,04369,52662,8209,6904,8501,0097,126,42
BenTre,01-05-2012,266239,38782,82220,87357,84640,15726,08141,41649,70349,28650,72997,35986,6809,2884,7226,4231,028,12
BenTre,24-04-2012,502784,64404,64550,67776,98111,39901,95888,65283,35207,51001,43213,87018,2204,3374,7902,6484,240,65
BenTre,17-04-2012,023856,93235,40891,57030,64478,52799,67353,83157,41079,17378,99403,47024,2034,9682,4066,1653,664,94
BenTre,10-04-2012,044719,65859,49754,49079,01586,05201,93674,05279,30554,02883,33852,68243,3840,8140,8355,8365,014,87
BenTre,03-04-2012,451905,48627,22995,18328,77188,94408,06701,98227,04632,42674,21894,46066,6344,2458,9668,4048,450,50
BenTre,27-03-2012,298443,82393,43541,69087,56166,69290,36484,93202,70087,36256,44454,57131,6794,9865,3161,5250,742,63
BenTre,20-03-2012,538581,25043,63726,59244,87806,78308,91818,43775,49628,96007,02093,29821,0673,3196,9302,8521,171,43
BenTre,13-03-2012,358510,97841,65503,80902,84615,00786,81229,55206,35912,63015,57353,30233,2015,8299,3255,2618,575,92
BenTre,06-03-2012,323936,09256,70097,63582,34803,69611,08983,79838,31176,23185,89265,63302,2351,4538,1464,0285,998,52
BenTre,28-02-2012,809003,81946,12908,14602,16332,27061,91562,60507,78055,95526,49506,71760,0310,1942,2892,0387,585,06
BenTre,21-02-2012,165692,34474,25419,66087,41747,85049,95110,82764,82958,18151,18281,01247,3852,6504,5445,4813,337,06
BenTre,14-02-2012,388500,40554,30585,96917,28893,38654,19971,59234,51489,68669,29601,16654,1885,0955,4056,3686,668,81
BenTre,07-02-2012,781027,47223,51879,15170,90765,28232,15201,50613,01045,40572,56370,55408,3340,1378,1840,8900,252,15
BenTre,31-01-2012,740862,28432,96818,40825,54110,59654,98256,37432,14308,40869,57215,94095,3899,3996,8927,5383,606,54
BenTre,24-01-2012,464441,30277,32444,08444,85427,37326,08718,48791,56467,84149,23687,25697,7558,1533,9037,6751,297,08
BenTre,17-01-2012,646146,07940,92976,39835,19080,68836,56489,93157,61099,86524,46513,17760,7201,7293,3735,5419,368,24
BenTre,10-01-2012,710221,84114,76231,08343,72418,08574,63766,63382,14347,38557,97528,03501,3394,3602,2094,6794,008,34
BenTre,03-01-2012,928230,72591,15593,60841,69508,26557,05579,66167,49466,81699,88586,08045,7659,4682,6693,7801,835,24
BenTre,27-12-2011,202282,47772,62625,14135,58802,90342,86502,60530,69508,09727,13164,12272,0602,8158,5822,7502,664,79
BenTre,20-12-2011,552379,16050,27387,88620,31936,49626,03964,35698,67765,43358,65706,69462,6088,5190,6456,0428,438,60
BenTre,13-12-2011,450880,51911,21044,70806,35185,52874,20820,90391,52734,00570,31297,35162,1205,9517,2311,0010,389,86
BenTre,06-12-2011,861594,78578,12808,83175,10392,04143,54240,18493,28801,19977,33042,43269,4000,4536,8630,7726,917,34
BenTre,29-11-2011,851194,43250,63639,71137,29690,93387,94888,45375,70078,55454,77835,60818,5730,8616,8443,7853,398,98
BenTre,22-11-2011,018627,40827,64034,28656,40450,31656,50148,06608,29391,82778,44988,35949,7814,0503,3872,4093,206,94
BenTre,15-11-2011,191207,93307,65408,46752,65697,60149,55021,09356,82756,64846,24370,43528,9670,3963,8766,4505,621,13
BenTre,08-11-2011,119893,43639,58931,83808,89965,56114,75416,06264,12869,43411,25764,54528,1457,6355,3884,6637,958,82
BenTre,01-11-2011,862423,17809,75243,90043,06666,14328,23852,76838,94664,64890,28088,48413,7984,1714,9168,0134,202,05
BenTre,25-10-2011,282526,84166,70736,86084,42457,78964,90055,48758,67264,30754,21044,17513,7788,9128,8641,3732,594,03
BenTre,18-10-2011,747148,24585,09174,42538,43890,00121,24185,84545,69652,49348,19368,76784,1200,5974,4149,0502,258,75
BenTre,11-10-2011,326630,80126,05591,82230,99531,25794,36588,87838,93279,04043,83715,45158,7133,8400,9445,8369,708,56
BenTre,04-10-2011,374240,29510,74309,04694,79290,71247,93301,88600,21860,26386,46155,58395,6113,9069,7857,6706,474,04
BenTre,27-09-2011,702770,24106,94651,72438,41596,62270,76857,97120,13902,52294,90858,58794,2279,9464,2119,1357,105,03
BenTre,20-09-2011,483836,38107,34928,49123,18348,50689,39802,63877,48918,53549,60756,06696,2035,8582,3815,1858,135,83
BenTre,13-09-2011,908736,86467,18593,03812,76172,10307,52058,77450,04200,17967,71422,07427,2970,2825,6644,1483,580,19
BenTre,06-09-2011,403698,47420,48224,34260,16312,31375,66365,30362,09935,14894,85286,92794,3224,5803,0372,9130,908,94
BenTre,30-08-2011,698095,12952,35368,31825,46896,28660,36135,62103,50371,69356,68658,22404,8141,1434,3632,8447,363,19
BenTre,23-08-2011,589565,56129,13515,74875,27289,71588,08049,91728,17191,40113,74069,94153,8668,9526,2663,2953,898,34
BenTre,16-08-2011,432540,34992,39011,01435,81847,35915,57567,83074,15038,84035,02759,06063,7762,5251,9234,6065,154,33
BenTre,09-08-2011,904700,44643,36685,55707,07573,86906,62169,53334,82524,86684,82876,40463,1322,9573,7752,6918,480,49
BenTre,02-08-2011,093090,03992,99246,92920,29230,61285,81506,06363,39204,43622,80021,06728,5229,1620,4915,4103,704,21
BenTre,26-07-2011,836362,93813,69782,74238,31699,44139,01048,12439,37568,64413,00468,06519,5557,3095,3809,3410,647,14
BenTre,19-07-2011,174673,04108,56639,52872,02978,30186,81955,06588,88560,85122,99336,69966,4365,4488,0127,3270,272,93
BenTre,12-07-2011,629699,84500,82644,13705,94406,07818,66459,43582,82639,79948,26064,83321,7092,9702,1494,1464,274,83
BenTre,05-07-2011,905493,05729,86420,18965,83222,06728,43180,64050,85362,88963,88756,83082,3569,1830,8020,9295,322,03
BenTre,28-06-2011,038510,33155,49565,32787,18503,99317,28764,87053,40740,51729,06812,17169,5565,0487,3704,6618,438,09
BenTre,21-06-2011,432004,16603,11226,06452,98420,62657,06190,25042,20172,02400,33847,29268,8694,3083,4758,4096,224,84
BenTre,14-06-2011,048174,70420,60625,55213,62731,06303,94556,15550,98197,61605,32695,80089,6079,5681,9422,3940,794,18
BenTre,07-06-2011,391668,70941,04338,03152,51956,50283,22499,45971,71040,09614,76471,80045,0127,4201,6100,6492,167,73
BenTre,31-05-2011,727482,03292,46850,85982,64009,97010,68954,89786,48777,50030,92510,34325,0628,4008,6981,5816,199,00
BenTre,24-05-2011,124022,61390,23491,62898,96850,54611,99602,73524,22419,03290,21527,60935,0510,6396,6324,7645,138,83
BenTre,17-05-2011,168042,27352,11129,65315,12871,01783,38512,52608,05819,23075,39264,14947,6409,8340,1232,0689,805,60
BenTre,10-05-2011,266469,25201,21298,86986,99928,39732,41706,55956,09364,55205,58060,24167,9696,2255,9331,5394,790,09
BenTre,03-05-2011,025901,39982,87675,83369,85591,41054,96967,11859,88939,22046,71961,64307,9137,4222,2229,0252,423,11
BenTre,26-04-2011,452640,73614,61120,45327,02757,11433,80481,03712,97113,86540,14566,20596,9829,1239,7999,5785,586,14
BenTre,19-04-2011,733729,39548,00571,41018,66975,40832,64719,35702,02162,79525,09294,65625,2704,2998,9773,9813,673,15
BenTre,12-04-2011,044869,43841,11419,59580,01478,15117,79837,92341,38365,65223,19595,86286,7904,9731,0809,7832,969,69
BenTre,05-04-2011,186529,70478,38194,69571,49896,51867,83318,27512,09267,03019,83401,46142,2161,8038,5529,2951,454,82
BenTre,29-03-2011,532713,73421,16834,63616,16911,22393,86709,70864,97618,97818,42928,38577,7218,9221,4057,0031,700,24
BenTre,22-03-2011,534209,30134,47829,54294,91222,10554,08631,17119,46661,32041,60634,15749,6415,0819,7075,7744,561,50
BenTre,15-03-2011,623251,21929,05667,01281,90707,55453,69523,53430,74127,55670,44710,30846,5784,6042,5393,9155,014,46
BenTre,08-03-2011,906631,35939,09876,71073,58573,16916,36423,36206,25011,42907,46572,33750,0262,9548,3531,2968,512,04
BenTre,01-03-2011,809133,52096,74372,32886,74862,00738,39010,37187,07009,04338,86485,99523,8767,8807,3585,8055,365,58
BenTre,22-02-2011,355815,87545,65020,46818,61790,76676,80296,40607,95697,68991,95015,63784,0374,7458,1590,1835,013,38
BenTre,15-02-2011,552263,02229,38836,67942,64086,92644,47392,07960,12081,00031,23713,70515,8728,4282,4196,5086,939,57
BenTre,08-02-2011,844787,89927,63082,45385,00988,05879,34573,31379,03551,81559,00797,76273,6443,4624,9032,9290,686,13
BenTre,01-02-2011,298078,43219,02902,19997,52628,63209,41029,31776,19037,23678,39458,13088,7242,5669,8070,5796,898,87
BenTre,25-01-2011,586194,44993,33395,42260,89237,71948,18540,29748,38462,37005,70951,65043,4301,3450,1887,5602,686,74
BenTre,18-01-2011,904100,36394,05405,73146,25204,05058,38562,66946,80076,84991,19375,28806,0359,0272,2925,4650,306,54
BenTre,11-01-2011,593340,55385,99608,95246,20459,99891,55993,67287,44143,60556,51026,91605,2261,6215,3942,7897,668,80
BenTre,04-01-2011,985133,64963,60560,07210,81321,66558,62249,68604,29741,24198,69400,86989,3980,5449,8346,7961,599,97
BenTre,28-12-2010,315288,39967,79347,65613,69189,02490,51595,26053,30707,62615,87462,95391,1376,8594,0883,4784,224,88
BenTre,21-12-2010,670315,46626,53048,18207,94783,31617,24281,39688,20561,01826,37001,00015,2754,1712,2451,8079,198,83
BenTre,14-12-2010,241412,11585,67508,83632,41312,62298,77694,19256,43889,47149,48092,10052,8118,7807,1578,9241,169,99
BenTre,07-12-2010,862597,70158,41104,62353,95926,23896,62888,52186,57729,90241,03553,40666,7514,0481,7152,5900,338,61
BenTre,30-11-2010,893651,46575,28547,05115,04598,99636,16380,69518,41361,43049,01928,06873,4034,7884,5911,6068,288,71
BenTre,23-11-2010,631716,16984,80564,38876,26558,17821,95193,36373,67735,92600,98516,29589,5934,5804,5896,6604,219,15
BenTre,16-11-2010,537269,04391,08253,99871,96908,33118,88132,30149,00401,68494,52793,70805,8805,1251,2063,1863,304,37
BenTre,09-11-2010,166327,75006,12823,37815,65961,66896,54352,44844,92584,05024,99825,12504,1486,9498,9658,1646,898,26
BenTre,02-11-2010,553400,46294,13854,33545,84958,80567,55322,92681,05656,50837,53064,24424,9256,5589,8400,2788,557,96
BenTre,26-10-2010,665099,01814,10231,43027,37578,88333,42467,23739,35753,12253,64923,56904,8226,4629,8905,0836,788,23
BenTre,19-10-2010,490863,78923,10303,39542,69103,39794,09856,15869,83915,20729,59453,18194,9753,5574,8620,4905,314,12
BenTre,12-10-2010,498374,81881,44168,64734,34580,35755,76001,55034,80271,20538,17127,76720,9250,9541,2707,4675,608,73
BenTre,05-10-2010,911179,69437,23114,46135,57417,53981,31493,15945,98144,87251,79309,54868,2736,1684,3691,7221,392,24
BenTre,28-09-2010,601603,98552,40748,67943,88856,31916,75202,20296,48636,14256,06880,24209,9377,4829,8955,3449,644,57
BenTre,21-09-2010,859951,83677,80821,10838,33497,32760,93004,70898,13530,41838,62914,44878,0125,9673,3778,0082,260,31
BenTre,14-09-2010,069305,32228,85607,31882,13673,80658,85148,20141,39914,02284,22032,17127,3916,7642,9620,6942,410,19
BenTre,07-09-2010,454067,85572,19775,45310,84405,48635,16549,52627,02793,43261,02529,38096,4832,8672,9188,1660,011,82
BenTre,31-08-2010,580462,79234,73695,70197,02569,81142,22939,29711,59748,88922,97956,35710,4309,6463,5953,4965,093,14
BenTre,24-08-2010,087411,83905,28657,33449,32650,37912,86400,90050,85801,97124,84607,47363,8540,9418,5324,9053,300,48
BenTre,17-08-2010,065932,73193,93156,17149,21009,87543,74142,27115,79770,49242,71672,03986,7665,6841,6214,3983,041,04
BenTre,10-08-2010,304233,21977,88923,55049,08393,16678,38658,37141,74612,64048,04707,68070,1393,7007,2771,6201,089,97
BenTre,03-08-2010,032921,41367,92118,56770,80420,41170,96130,52387,18798,87972,24133,18267,1039,9878,0294,3418,510,37
BenTre,27-07-2010,484178,46497,31230,18225,03263,20409,34056,15529,23617,82243,21433,23864,8878,7644,7787,4737,437,69
BenTre,20-07-2010,458074,13103,17542,76976,54984,32108,19124,19604,86120,81931,05252,67316,7783,8445,0120,9316,008,75
BenTre,13-07-2010,805601,58275,52664,70569,16436,16414,87688,35955,84213,18481,80745,69023,4587,8760,3810,2864,710,08
BenTre,06-07-2010,927546,64600,68326,30722,51744,72315,39062,54171,83149,49369,27553,98437,2498,7222,3388,4388,094,86
BenTre,29-06-2010,776915,75084,74455,46420,50395,54715,57023,05230,88994,87623,27983,41085,0072,7976,6361,0998,473,60
BenTre,22-06-2010,883977,71484,84950,54443,73436,03681,67690,35437,60214,73366,65686,06814,4926,4307,8545,4125,531,38
BenTre,15-06-2010,430235,24933,80437,64459,38902,46032,54020,29912,53288,97625,30632,30877,2087,5511,7739,2409,073,44
BenTre,08-06-2010,703309,76754,99736,78469,58814,74150,45390,81061,38355,99767,30992,47017,0273,5000,9205,3713,641,82
BenTre,01-06-2010,479711,40014,16668,31843,63504,15831,15187,16542,81569,97387,47312,56262,0007,1990,9536,9521,530,60
BenTre,25-05-2010,251197,60551,60169,57707,37174,54597,57145,67639,33135,33444,17771,55980,5444,7631,0862,4520,710,89
BenTre,18-05-2010,630652,92182,69390,63360,47968,73088,25177,14759,64916,26210,27715,91782,3167,3796,8836,0931,865,40
BenTre,11-05-2010,399241,68630,33047,64796,16080,72971,70875,38866,48436,14310,16023,83682,2506,2897,8571,8805,679,78
BenTre,04-05-2010,551995,70684,78706,05416,35097,86041,32311,76189,91081,72602,01759,63454,7714,2936,2267,7750,817,81
BenTre,27-04-2010,546258,53305,05533,65582,77640,38152,47781,02259,43089,65560,49152,84807,6975,4294,7005,8034,331,94
BenTre,20-04-2010,630445,88464,42909,60502,46909,78618,55664,41720,02065,62735,36013,48448,3985,9790,7216,6761,553,20
BenTre,13-04-2010,334859,89490,82649,45398,80273,13001,17872,35182,61823,95347,16299,59640,9481,7112,5564,4710,765,60
BenTre,06-04-2010,345221,41675,96797,62021,28079,50389,13734,78181,60712,11656,58963,12838,7390,9694,2748,7051,670,84
BenTre,30-03-2010,915255,31444,19800,76337,24249,83398,48514,38813,88078,28143,06317,44320,9679,2586,1022,7554,053,22
BenTre,23-03-2010,898553,78883,28024,71442,40666,72727,40215,45880,15888,83110,95177,08003,5458,3849,2671,7899,496,29
BenTre,16-03-2010,486933,60570,65955,44864,90634,58169,62764,67195,93274,96037,57485,14005,0846,3184,9531,5258,044,43
BenTre,09-03-2010,424351,80486,73145,09043,56072,81014,05959,68618,12027,19672,44423,47604,3497,1064,0282,7683,862,11
BenTre,02-03-2010,855615,20137,27046,75816,23980,75765,72465,24821,15180,65634,21619,72051,2036,0028,6845,4070,857,94
BenTre,23-02-2010,220276,51295,37324,43744,15199,82929,08686,46758,42154,23100,83382,79829,1463,2751,6326,4644,880,86
BenTre,16-02-2010,999216,51708,31109,05742,82319,99209,50408,44248,79678,96181,45265,49054,1503,4202,7196,0807,199,47
BenTre,09-02-2010,247205,61196,54402,79285,69315,60560,46578,80729,69201,86268,47857,64112,3264,0360,9016,8381,628,92
BenTre,02-02-2010,485919,02655,49125,13932,87294,53044,61955,78191,55389,25756,97281,49651,1567,5305,2278,8538,792,28
BenTre,26-01-2010,950707,22297,53730,94347,85825,58993,02440,77422,24461,32643,76896,02305,3365,2493,3208,9266,502,25
BenTre,19-01-2010,990508,51947,44773,31110,80022,43078,52226,43494,82183,39490,77059,86608,0385,9288,1430,0543,382,58
BenTre,12-01-2010,381825,86857,09873,18093,21667,43639,60278,95472,68117,48343,79496,00851,0326,8158,4219,2195,210,37
BenTre,05-01-2010,362104,95789,54997,56643,14758,02698,26870,64002,26284,12919,77861,01814,7506,4647,7570,9953,074,09
BenTre,29-12-2009,664649,01506,06812,33668,26937,71309,74503,42472,80910,36188,62495,68211,0307,0735,4380,4560,520,91
BenTre,22-12-2009,611153,62039,07947,26653,08105,04331,18265,14941,98617,27439,37380,38358,8032,9394,1933,7804,293,94
BenTre,15-12-2009,593290,54017,97346,87763,19020,97907,14000,54079,03243,55585,33129,53638,5928,0979,8143,8529,330,06
BenTre,08-12-2009,415938,63086,62158,14502,43956,22987,16454,47000,66054,78479,55366,06135,0370,0545,5140,8996,158,26
BenTre,01-12-2009,070283,76752,02250,44371,55026,60846,54654,98114,38465,63611,14368,25461,2334,9974,6826,6966,147,31
BenTre,24-11-2009,863313,15821,32803,17140,39292,81830,97688,79468,80424,96560,92160,83842,1005,5008,1478,9041,774,39
BenTre,17-11-2009,961560,51853,60951,52462,29621,50501,95137,32999,29547,33383,26051,50527,5295,9646,1035,2326,705,80
BenTre,10-11-2009,701623,78678,93517,36078,94163,58912,29313,41721,54958,57688,15045,30769,0857,6522,2109,7402,929,61
BenTre,03-11-2009,099038,64759,29865,45083,05689,52115,76195,80172,71266,94081,61334,90275,5701,5013,2878,1639,991,24
BenTre,27-10-2009,733179,48095,41433,86634,16395,44333,87406,38916,21449,96568,94781,38931,7728,9038,4762,0505,062,39
BenTre,20-10-2009,669436,26904,64121,83483,95344,55728,78182,02399,43867,76542,32409,47491,1351,1707,6887,7020,836,36
BenTre,13-10-2009,599909,98764,66751,46216,82358,44700,72167,59324,24798,35307,99356,51590,3759,4594,2332,8621,506,19
BenTre,06-10-2009,151739,14783,99867,49615,11968,89049,48773,41890,43232,67521,10504,18910,0593,2570,8513,5503,884,25
BenTre,29-09-2009,06546,11180,15898,86580,03377,88838,18655,16056,57901,76119,88986,79948,5966,0666,3615,2391,891,98
BenTre,22-09-2009,22534,58027,81987,39960,77219,68037,94845,05423,79831,80973,04124,00784,9139,4566,1266,0659,855,03
BenTre,15-09-2009,35320,07754,09173,65010,46925,10467,17009,98794,64016,49107,14359,71393,2511,6905,1013,6613,699,80
BenTre,08-09-2009,32325,97145,29335,25777,36055,65042,34911,08637,49509,96069,10122,92834,8437,1119,4659,7308,214,41
BenTre,01-09-2009,61126,84318,43928,07170,52274,14280,63141,71028,56734,79497,21891,14324,7860,7754,1674,6075,459,31
BenTre,25-08-2009,74818,95706,97669,94885,73356,23298,51669,77406,98251,53408,11915,30668,0321,2802,2431,0914,034,41
BenTre,18-08-2009,40657,76800,69238,69120,06799,45112,50228,09908,67951,63733,51414,51655,7549,3764,3894,3822,039,86
BenTre,11-08-2009,33575,68115,85892,61332,08623,08421,45661,33007,93518,39993,69619,58306,8311,3493,3499,3665,821,65
BenTre,04-08-2009,47278,56262,54506,63045,85862,73531,67890,85229,98539,48191,69030,16393,8504,2231,7553,6003,877,56
BenTre,28-07-2009,79720,09035,78733,98927,26382,03047,75917,51758,92214,64606,23683,68700,3372,1911,9327,5540,978,95
BenTre,21-07-2009,22595,18935,92639,16457,33012,63861,51890,15064,50650,86147,88221,89696,1704,7673,0120,3561,776,90
BenTre,14-07-2009,28585,99435,71008,49173,23990,24114,85417,50929,21305,88186,82750,93689,9926,4869,5156,7910,168,36
BenTre,07-07-2009,45721,57868,47627,61586,69870,66366,14151,81510,58229,27873,40246,94906,7093,3992,5638,4406,316,67
BenTre,30-06-2009,80472,24872,74209,81484,66082,73315,37400,64513,00163,41016,60221,74338,3403,1204,8562,0782,878,78
BenTre,23-06-2009,68422,14643,81828,23247,70294,73738,03691,37270,69768,88164,37702,00567,7996,5185,6854,4334,056,09
BenTre,16-06-2009,24506,36491,02302,18799,63578,71306,46605,82223,13450,05877,28712,63341,9633,2498,4927,2628,193,26
BenTre,09-06-2009,95091,21614,49938,02322,85103,11542,24092,00108,26418,52824,23487,31290,7939,0654,9145,8354,710,60
BenTre,02-06-2009,29525,06217,83367,25414,04674,84496,41990,80327,94292,19898,05724,05328,7706,0384,4670,4161,105,18
BenTre,26-05-2009,97045,78050,72343,89551,13221,50671,21248,99467,60626,18109,33333,58583,9604,7212,5474,4189,414,99
BenTre,19-05-2009,63484,90185,17191,87399,71457,98210,79779,68651,82459,52610,96792,21702,7148,7406,9304,3672,692,69
BenTre,12-05-2009,88342,37855,90793,52017,32763,67860,07045,08715,08313,93003,51212,29654,3180,4412,2610,9247,204,70
BenTre,05-05-2009,17483,46178,72058,94684,35225,30468,22806,08722,59146,85307,09546,05873,1473,3494,1971,1483,346,99
BenTre,28-04-2009,87579,50790,62269,87998,29493,97483,89712,08673,63956,50122,78597,76538,2024,8386,3427,8200,103,19
BenTre,21-04-2009,93988,83789,41377,37541,16299,24296,16366,51065,73825,69887,79295,02314,0989,9095,4288,3100,009,40
BenTre,14-04-2009,05163,19498,94794,64903,78000,04093,88670,97545,17364,55856,87174,96650,1142,9310,3807,9299,534,47
BenTre,07-04-2009,80986,83049,47318,68363,91678,62424,78769,01294,91543,55721,14742,41296,3130,6295,5395,2573,947,63
BenTre,31-03-2009,69745,19937,72391,23602,09261,40325,43694,80077,42889,13972,50424,82371,0406,8298,7328,3638,085,85
BenTre,24-03-2009,75237,18560,84803,54168,83076,74272,04052,84977,04370,12242,38114,06865,5860,2565,0448,0651,958,42
BenTre,17-03-2009,28619,73201,80125,02046,58774,46065,79797,62308,07567,14948,70070,07737,6464,6361,1154,2803,056,46
BenTre,10-03-2009,85513,83779,24592,31731,53108,33815,98354,03024,14294,33263,64715,91423,1248,2414,2192,4232,588,19
BenTre,03-03-2009,96536,33877,07393,26687,38494,74768,19637,55532,47784,06562,59265,36703,6622,7860,1219,1152,635,18
BenTre,24-02-2009,06223,79160,68610,73397,29979,47317,34846,61312,75274,22036,73569,20756,8625,7691,2220,8977,766,68
BenTre,17-02-2009,00899,63659,01244,44965,61409,09816,51062,87992,05512,48858,47238,54899,3202,9675,2450,1894,565,76
BenTre,10-02-2009,48279,90212,70067,03030,33557,49100,93449,23836,67746,58488,37285,08072,9916,2610,6972,1371,501,32
BenTre,03-02-2009,44331,49286,52100,56600,10180,80146,14040,46536,72053,23811,86259,96388,5628,9743,3950,0493,111,97
BenTre,27-01-2009,28494,14585,90838,13798,96298,57426,73586,59923,55240,51982,67807,14050,8725,8179,7429,4549,874,39
BenTre,20-01-2009,34089,26516,38766,47558,38284,91002,79055,24510,27109,72403,31164,78510,5067,4250,0647,4010,821,48
BenTre,13-01-2009,53486,83111,41447,45858,13101,35041,70238,21487,12158,35808,86529,94049,0025,6813,4558,9035,384,23
BenTre,06-01-2009,86236,01658,91616,80637,68890,96915,98693,94185,09189,04666,20802,96425,7900,4319,5732,5155,604,47
BenTre,30-12-2008,81506,71422,97190,79702,87844,58095,64083,80118,62916,26511,12922,03032,0188,4830,7008,7198,173,15
BenTre,23-12-2008,72942,62208,17974,34027,23538,12247,10443,63578,56080,80903,18363,61596,9304,0044,7638,8784,367,22
BenTre,09-12-2008,30513,68712,75845,69481,55777,31736,97443,68897,49726,20888,14153,35897,2929,9999,7374,6034,490,60
BenTre,02-12-2008,47610,35700,75414,34969,04595,75231,98224,62544,05810,62471,15866,27763,0210,7339,9267,2362,385,50
BenTre,25-11-2008,23182,98463,06036,31301,29315,66499,88908,99719,50966,89147,16665,80567,5704,0899,6227,0106,583,26
BenTre,18-11-2008,44402,80338,98100,79049,87876,24139,15685,20061,10322,03803,23067,65515,4621,5393,3978,0760,969,63
BenTre,11-11-2008,59670,73880,89936,97485,64058,45975,84692,06900,56176,18964,61475,19871,5527,8405,3672,7046,440,24
BenTre,04-11-2008,12564,06704,79557,89390,39376,88772,51069,24058,76236,56573,00690,04263,7812,5692,5203,5923,303,14
BenTre,28-10-2008,42499,23859,37858,24490,18529,36083,97331,92646,07030,14992,13788,66015,7595,3029,8636,3600,432,85
BenTre,21-10-2008,67752,60841,18999,24636,76892,44906,61140,55264,42382,25426,69753,35516,1074,6629,7807,1323,167,45
BenTre,14-10-2008,39555,22623,63870,65346,24486,54294,03827,13704,81250,14966,30915,03146,4027,6221,3403,6408,808,27
BenTre,07-10-2008,09619,21329,46407,43954,02576,89576,21070,40563,96628,47130,01540,66225,1696,7812,2848,1174,231,79
BenTre,30-09-2008,98967,19946,12506,13923,99116,20511,73386,13235,95460,10156,67936,39695,0636,6434,3899,2097,840,80
BenTre,16-09-2008,08776,36359,67100,77750,63928,36008,28279,40031,67877,72566,59278,41576,8911,3913,7203,9511,168,28
BenTre,09-09-2008,72723,35567,12782,07936,77034,57076,19035,99440,19206,19485,44285,17673,4189,7948,9442,0464,741,06
BenTre,02-09-2008,07627,46003,97340,22295,95373,99019,76848,06636,94217,67008,91846,02450,3318,9439,1562,2722,348,80
BenTre,26-08-2008,62209,17409,30618,44030,87926,91406,95063,16100,82236,58453,20782,40319,9660,1204,3058,2661,224,17
BenTre,19-08-2008,12469,33072,07187,25236,70324,60776,56275,29149,89454,91333,58345,02465,5611,4267,1256,2892,211,73
BenTre,12-08-2008,65140,21588,28000,18419,08705,36122,21707,24580,09056,89362,33191,06699,4851,3477,6930,0618,458,07
BenTre,05-08-2008,27085,72468,75867,74557,73256,76042,22597,54806,93687,78855,95150,58666,4323,8822,9416,4337,556,91
BenTre,29-07-2008,10718,23238,33405,16698,38137,88083,05391,75487,45907,03153,25386,62671,0723,0910,8086,5741,008,01
BenTre,22-07-2008,45620,43389,68952,07045,49523,61986,54374,83409,31177,02662,24148,70839,0508,2253,0672,4922,565,65
BenTre,15-07-2008,70058,79881,28782,84360,33736,46888,08228,69621,97020,72006,73699,62878,1092,1231,6415,2268,716,53
BenTre,08-07-2008,92626,44451,39823,58718,63018,52657,32961,42378,80534,80686,14124,40953,3911,3875,3814,1468,682,24
BenTre,01-07-2008,08451,03513,68935,21633,92925,19635,23669,69510,81746,99336,29415,16925,9155,3508,2356,9950,100,34
BenTre,24-06-2008,92562,27151,67868,25691,12138,23982,15033,00508,76471,63928,82812,85987,7409,7555,1895,3571,391,23
BenTre,17-06-2008,42415,02743,11241,06853,42157,93816,96079,86046,74423,37685,67975,86571,5064,0996,6970,8498,482,83
BenTre,10-06-2008,90545,04412,86362,85849,42950,18556,92242,09449,76661,77498,68277,85462,2663,4461,0519,6230,516,35
BenTre,03-06-2008,06220,55665,24599,82301,44024,50496,04424,06445,12338,78558,27388,16449,2444,8986,5553,7202,753,39
BenTre,27-05-2008,78350,97652,52532,57085,88992,50825,37461,36068,15099,93841,52244,66503,7922,5240,9834,8070,979,24
BenTre,20-05-2008,96473,61865,17213,20729,90431,07236,95663,32321,35091,53447,93598,84915,2398,5888,7844,6936,062,60
BenTre,13-05-2008,62051,39478,56996,15623,12079,73741,66336,45061,74662,38084,04325,28396,5953,1908,5676,2423,891,44
BenTre,06-05-2008,00328,33077,52720,94586,12674,75913,63246,11373,98604,09732,29898,21570,0254,1622,7036,8816,468,40
BenTre,29-04-2008,74619,12234,11881,56434,42740,57717,45351,15291,73163,01511,31091,3748,1515,1545,5584,5764,769,55,00
BenTre,22-04-2008,35497,57888,05125,90079,21554,75602,14462,41904,57969,11357,03206,4880,9358,8835,3900,7894,066,95,00
BenTre,15-04-2008,16538,01007,51329,73658,73720,64288,79432,97732,46398,00858,12492,6364,3076,1612,6738,4785,428,82,00
BenTre,08-04-2008,67047,70443,31709,52357,88759,46687,90726,23823,82771,63807,85035,1853,4264,9679,5607,3715,152,02,00
BenTre,01-04-2008,08593,26011,72419,29204,96091,63181,41770,63122,15784,79074,46208,6852,9633,4507,7128,3409,556,49,00
BenTre,25-03-2008,01042,03568,30450,11236,71984,93893,09864,31149,80733,35689,24644,3497,6537,2477,5663,6279,970,89,00
BenTre,18-03-2008,30706,77811,48297,60245,45974,36721,57325,58305,10338,98130,37287,0002,4366,2376,1625,4643,883,97,00
BenTre,11-03-2008,26630,79800,76500,67059,07699,40462,96538,05245,32944,18250,02445,6099,8352,5615,8004,8926,371,48,00
BenTre,04-03-2008,65577,11216,79009,10570,74710,67698,14396,94613,46402,05568,63729,0679,3655,6996,1745,7366,307,36,00
BenTre,26-02-2008,77363,80715,78534,18350,81225,43616,98837,12129,45391,98717,62971,66864,5585,4988,9993,5990,050,82
BenTre,19-02-2008,73137,87284,94957,96499,47205,54173,21344,70958,91386,36031,93036,97228,0236,8726,4033,1851,093,58
BenTre,05-02-2008,76528,51460,70204,94437,53064,42400,61696,95620,95313,32076,03003,51779,7349,2876,2403,2671,071,44
BenTre,29-01-2008,43158,74587,79780,71109,98642,82869,79829,96091,97294,31889,52851,35411,1543,8197,5658,3060,930,94
BenTre,22-01-2008,27725,38387,99992,92624,59821,07998,93789,97200,33469,78532,75856,99923,5258,8714,8522,5449,155,77
BenTre,15-01-2008,84129,44450,23560,89788,01861,87516,64349,98986,44578,19239,54458,53452,3715,8973,8751,5501,710,09
BenTre,08-01-2008,46588,87043,24980,77333,04320,74196,38025,29728,21915,31966,78428,09106,1590,1087,2156,9604,441,85
BenTre,01-01-2008,06684,71355,39190,70872,28006,75657,78694,87949,94794,92244,94749,51648,3940,5671,6687,2896,803,07
BenTre,25-12-2007,43705,59209,23040,69773,63006,62175,00701,40339,47465,22242,54579,64094,9119,1752,9485,3530,390,48
BenTre,18-12-2007,58405,12278,94652,33094,13440,55832,27704,19883,90650,46246,47274,58485,0412,2858,3274,0881,675,01
BenTre,11-12-2007,71908,47509,50531,11044,84258,49626,87559,50830,37879,71087,19022,35521,6170,4533,6965,5859,709,72
BenTre,04-12-2007,67317,41132,50560,40023,77032,80130,13317,79560,39561,37048,99965,69932,2029,2055,6536,8726,831,15
BenTre,27-11-2007,01940,28780,63119,35412,80988,43070,86542,69965,83980,81625,34660,77756,9690,1644,0779,9058,572,11
BenTre,20-11-2007,78714,38340,63261,39930,79960,19276,98492,77871,13542,33968,83811,72171,7120,7807,0887,4293,989,34
BenTre,13-11-2007,19304,15950,60808,42736,17381,99804,64535,25924,61119,63960,75466,94985,3174,3113,7407,6266,857,42
BenTre,06-11-2007,10425,85578,96308,22509,19986,49263,04798,30541,51469,32610,96627,72594,3788,4268,8044,1226,264,40
BenTre,30-10-2007,04057,49118,50134,62286,17412,83799,61439,36869,92954,43395,05185,13513,9797,6122,1655,0021,536,27
BenTre,23-10-2007,83769,36991,95809,64627,84038,56375,25554,23536,33486,28283,01643,38938,5636,8472,5226,1360,404,67
BenTre,16-10-2007,15992,69761,84819,94645,30521,71987,64675,94113,88879,59194,85408,70641,9033,0002,5210,4815,520,19
BenTre,09-10-2007,06851,66783,37018,91315,84708,82931,00531,49610,33225,95841,22626,23410,9871,9517,3643,2634,303,83
BenTre,02-10-2007,46620,27807,28995,08599,78712,90141,96234,80703,48014,58150,18982,98291,8609,1558,1823,6906,501,50
BenTre,25-09-2007,18833,92335,11998,88734,47186,23041,40172,24565,26421,80866,54721,10397,8129,2057,1089,1754,996,34
BenTre,18-09-2007,40310,39010,10087,18139,75393,51559,34592,15422,61940,51118,39573,96482,6113,5242,7114,9634,647,42
BenTre,11-09-2007,35719,12400,75705,45914,29416,81947,15138,18487,89163,62478,67535,93993,9280,0773,1344,5969,275,36
BenTre,04-09-2007,51547,99571,84948,46775,20277,63911,88954,51478,93360,97796,13241,36660,7831,1252,1031,6801,096,48
BenTre,28-08-2007,62640,16804,72775,69266,34298,17346,75894,53432,34740,33035,60671,23365,1733,8284,4134,0251,273,27
BenTre,21-08-2007,62185,98059,34370,63811,19240,65371,79653,25170,16126,95999,88257,22793,2127,0039,5373,2379,979,02
BenTre,14-08-2007,88336,97647,37159,82313,65510,52254,72123,35621,73812,15345,90543,49914,8194,5417,3760,3192,909,56
BenTre,07-08-2007,01479,84616,48213,21367,45315,06690,81301,08408,92902,52464,71976,76561,2198,6615,4677,1404,621,09
BenTre,31-07-2007,35853,42545,32954,42445,82780,43841,01743,66088,79335,55471,57067,21688,4719,0044,5844,5440,741,72
BenTre,24-07-2007,90047,80300,45822,20750,52929,29955,64374,28548,97372,14851,56302,60105,0141,2364,3296,4671,872,96
BenTre,17-07-2007,78420,02071,93381,77813,62289,68169,06672,43432,62322,72601,26313,17299,2232,2991,6930,4851,051,66
BenTre,10-07-2007,18183,33880,50665,47454,05979,36152,78652,79981,02163,90977,34572,23411,2574,8918,3058,4121,678,23
BenTre,03-07-2007,06927,92284,08776,70529,13180,04852,84419,92595,39145,04152,46565,21387,9886,6281,2108,6762,744,55
BenTre,26-06-2007,75342,63183,76026,29868,91650,64771,33195,14088,61137,13501,66932,69000,3692,9629,8744,4727,351,17
BenTre,19-06-2007,05578,18429,20259,21031,36190,34455,56158,71831,92378,61466,80127,87258,3724,5283,9768,4056,904,38
BenTre,12-06-2007,96174,46440,38386,36701,59174,12121,73323,27227,35919,40332,85250,95055,9808,0616,9152,9389,431,00
BenTre,05-06-2007,29744,24980,60183,67537,58497,62781,92660,65498,13484,18543,15229,16773,0774,1566,0851,1944,956,01
BenTre,29-05-2007,01525,04821,76387,90204,73460,02034,61369,19731,73253,84061,27080,54357,1634,4117,3474,5812,215,29
BenTre,22-05-2007,34967,96222,03434,26210,66128,93434,80664,00821,80192,60984,80849,94798,3475,3809,3839,1252,824,63
BenTre,15-05-2007,17602,37700,95842,87622,36513,81371,16367,82916,08639,45143,37476,43208,6269,3145,8045,4511,587,94
BenTre,08-05-2007,76482,99525,26731,55443,93438,99206,70789,09492,89864,90810,03379,40056,8475,1247,9955,6572,067,58
BenTre,01-05-2007,86387,74927,25325,17605,79403,51225,92024,72201,15833,92454,20666,02368,2684,6807,4753,2280,367,39
BenTre,24-04-2007,37180,09020,13905,47203,83022,18748,32556,75248,35975,86279,72991,38343,9934,5733,2699,5519,080,84
BenTre,17-04-2007,75601,48184,81778,56159,27400,91999,38934,14748,94927,52827,17602,28711,5387,6415,3638,6552,197,19
BenTre,10-04-2007,46569,17313,06174,70547,10807,63598,12626,23636,16669,99780,10293,62923,7096,6606,8615,0852,801,33
BenTre,03-04-2007,51789,76705,59671,62887,88244,25607,88873,79204,96324,04220,24697,77163,8612,8873,8233,7416,875,50
BenTre,27-03-2007,29280,55524,13227,72531,48274,86996,09430,26785,41850,37888,12694,51341,3536,3192,1879,5217,249,83
BenTre,20-03-2007,00869,97453,09748,24361,10455,03118,19546,89240,55614,17075,59000,98340,5855,6809,6259,8206,591,54
BenTre,13-03-2007,39334,28390,17358,91752,16254,35165,37587,89129,89377,30215,25115,23198,6848,9104,7606,2698,657,72
BenTre,06-03-2007,40903,08174,47429,03826,09116,00809,14746,10741,75509,00170,14855,51325,4752,3589,2695,4618,330,21
BenTre,27-02-2007,80570,71233,27919,10507,94425,27307,39037,63666,11898,95173,41382,71477,8652,3316,8331,1633,088,07
BenTre,20-02-2007,37803,39715,63822,28616,47189,29771,17820,39849,09648,49315,21317,32615,7235,7284,6292,5693,891,19
BenTre,13-02-2007,45139,45400,88255,15475,35032,84142,90035,43365,25072,08678,49508,84219,5923,0596,3616,5844,686,82
BenTre,12-02-2007,53281,33322,05456,11762,24236,14046,49764,50511,98544,37658,20960,69170,8063,9457,5356,7829,779,24
BenTre,06-02-2007,59728,96743,07467,85009,57566,25830,66719,31305,50416,54326,86040,42763,1345,4258,9418,9527,533,95
BenTre,30-01-2007,81931,39334,74020,89055,23847,33711,42153,99727,08398,12554,61300,26423,0660,2711,1597,1926,268,53
BenTre,23-01-2007,85350,06505,91186,13255,58029,51599,57059,57541,21872,43451,63058,84256,0610,6201,7688,8879,183,18
BenTre,16-01-2007,48304,68310,01038,37815,69629,47793,58198,83598,73890,05697,81691,98383,2380,6628,1459,6565,650,17
BenTre,09-01-2007,09057,78893,97217,47818,32613,93661,45477,26821,97391,27227,24946,19662,7113,8632,8767,5243,553,65
BenTre,08-01-2007,46588,87043,24980,77333,04320,74196,38025,29728,21915,31966,78428,09106,1590,1087,2156,9604,441,85
BenTre,02-01-2007,22259,65844,11479,13499,20537,20526,93776,88810,55112,31963,53240,73889,3386,2636,5976,9272,451,72