BinhThuan,25-07-2019,215893,37744,14477,42375,63950,75739,54748,74207,88163,81736,65505,41892,3372,6326,8190,3503,397,98
BinhThuan,18-07-2019,864234,82428,64990,54308,82813,74729,60351,92705,55868,36129,16969,09938,3297,0733,7507,2925,753,70
BinhThuan,11-07-2019,534691,34797,10353,23293,19532,24598,99390,32271,23405,13820,93205,92403,7886,3320,3838,1319,820,73
BinhThuan,04-07-2019,130862,26820,65040,39273,79315,59118,71548,22681,58554,85274,22488,52057,5978,0677,7999,5681,255,39
BinhThuan,27-06-2019,127572,54096,58594,43473,37766,23404,07289,52183,27470,17938,66124,74065,6127,0110,7577,6650,256,13
BinhThuan,20-06-2019,712517,29347,74954,78484,59807,11841,27292,07987,52484,36125,27446,88026,5568,9822,4979,1880,992,31
BinhThuan,13-06-2019,273879,04297,46792,70226,11947,54173,81371,73015,06981,86445,65891,64035,0241,5469,2822,8441,140,34
BinhThuan,06-06-2019,306940,35679,93256,89618,72229,19337,28612,70466,42373,59744,71681,65403,7753,6375,2944,0469,470,43
BinhThuan,30-05-2019,153153,53829,84916,97763,51835,80653,96517,58895,49539,99253,53576,21741,0499,2839,2665,6938,748,56
BinhThuan,23-05-2019,144495,02106,55457,32009,87105,77371,41340,01901,40061,30258,05206,47495,5632,6899,4910,1487,217,43
BinhThuan,16-05-2019,672470,68079,48117,27541,85586,69462,73379,39819,48946,12765,66888,63463,6728,9785,7810,9522,259,01
BinhThuan,09-05-2019,905336,55213,53821,30780,25050,68760,60424,19553,43040,07952,70767,79208,6911,5026,6078,9268,490,37
BinhThuan,02-05-2019,674111,56132,28484,16835,65141,76118,92161,36943,29882,48262,36769,42435,1722,1261,7691,1108,445,00
BinhThuan,25-04-2019,176389,57209,42135,04517,87564,55539,25338,75580,18063,27464,01067,87272,3646,3360,9745,7279,391,69
BinhThuan,18-04-2019,403055,96684,52591,89581,44490,67294,08250,01142,34308,12030,00638,67512,2806,2273,4075,6968,273,38
BinhThuan,11-04-2019,758459,75607,07973,09767,02067,78279,28220,66444,73633,80975,23512,90167,5088,9723,1569,9238,301,58
BinhThuan,28-03-2019,333702,32679,26682,39936,35078,35828,94218,62867,43882,35028,11591,29697,7536,1140,2522,8993,987,76
BinhThuan,21-03-2019,915471,93338,16966,39747,87422,81818,46099,82346,18573,60181,09502,09172,7970,9061,8719,2567,971,95
BinhThuan,14-03-2019,763487,80979,73622,29968,94645,47402,97591,93270,90325,63330,63533,59736,6484,3828,0163,8790,634,79
BinhThuan,07-03-2019,148835,37741,50730,72630,11019,80052,76726,75413,56945,89514,30566,16494,1677,0799,8295,9594,887,87
BinhThuan,28-02-2019,476211,68277,96218,70842,49460,00438,79269,30969,09126,58706,82551,03535,1370,0870,1611,7896,624,59
BinhThuan,21-02-2019,662427,39756,79173,33173,76660,70287,32953,64886,25219,90267,98496,32883,9985,5786,8077,4908,711,92
BinhThuan,14-02-2019,558314,17551,69503,06635,99668,49827,63077,28439,78280,98393,24908,55513,0114,2580,5066,8595,622,17
BinhThuan,07-02-2019,686559,23556,17305,05284,37373,46352,93557,77930,45089,54911,15289,70474,2909,1435,8467,0722,480,32
BinhThuan,31-01-2019,166563,14895,21500,14211,85695,50072,77297,70117,68691,32423,33017,01515,2701,1795,8922,1337,272,86
BinhThuan,24-01-2019,760420,97027,78742,57764,89797,89233,78643,66495,69437,71240,24285,18328,3819,2722,8263,4320,409,51
BinhThuan,17-01-2019,465444,72262,21220,65828,43967,27963,18239,67138,99426,98485,49511,77023,9661,1167,0847,9257,824,38
BinhThuan,10-01-2019,439242,37276,76099,17584,45595,68481,12107,89905,72158,92327,44091,95988,8506,0419,0048,5986,599,91
BinhThuan,03-01-2019,162804,72993,84993,74543,44667,43530,33026,20702,39008,36039,65148,60164,9989,0681,3838,5855,126,76
BinhThuan,20-12-2018,461949,36781,42091,79492,33437,04410,33013,53699,44688,38579,27281,19101,5449,5999,0262,9703,522,17
BinhThuan,13-12-2018,103246,86762,21840,18787,34325,56066,88723,52167,15443,11693,80897,52945,1443,2895,7399,0796,475,90
BinhThuan,06-12-2018,991602,65114,09629,01205,35081,79794,10500,38790,13275,12495,05314,82788,4724,4703,6040,0399,283,59
BinhThuan,29-11-2018,946166,72502,85915,29092,61159,74218,59178,14004,51000,45769,33683,78127,6804,7175,0181,5108,374,96
BinhThuan,22-11-2018,830257,86730,37265,28098,63407,13637,38005,55102,40634,80689,64878,49921,1853,9693,4532,9250,549,32
BinhThuan,15-11-2018,647718,37731,17525,47153,28257,43569,52436,49727,96124,43935,11382,60590,2595,5324,0186,2832,366,94
BinhThuan,08-11-2018,663615,94317,58646,91746,61265,94492,80541,01292,75051,05087,29603,14843,3304,0891,3093,2572,451,73
BinhThuan,01-11-2018,690575,07547,66029,54203,26276,62232,74048,15151,48817,85718,92903,01471,5622,0757,7114,0676,570,62
BinhThuan,25-10-2018,326565,27969,68143,08133,60164,62926,54548,24189,60625,90909,08282,37914,6976,4848,0930,5878,800,30
BinhThuan,18-10-2018,344180,51505,96764,98997,77740,10534,77492,43895,45030,09313,01641,17344,1518,1042,0652,0922,051,87
BinhThuan,11-10-2018,637685,79161,87564,35807,53129,10777,84973,30907,31198,62035,20521,31495,2262,8926,5350,5280,313,07
BinhThuan,04-10-2018,008026,00355,76298,63523,97332,72899,39691,18921,52975,36246,03419,47494,4733,6970,0679,7603,400,29
BinhThuan,27-09-2018,906503,34723,48407,93374,81024,73695,56718,81496,06645,00029,09328,44109,6183,6862,9214,7838,400,79
BinhThuan,20-09-2018,207155,01196,95380,74035,04728,75500,82453,73579,80148,84315,56393,72124,5765,4545,7941,8998,922,99
BinhThuan,13-09-2018,449972,58147,26746,04344,16742,80824,34338,58504,36619,63980,30427,42623,3819,6162,1341,1399,092,36
BinhThuan,06-09-2018,765853,05364,24966,49597,50068,01302,99232,89791,78908,87369,37647,55760,4024,2976,1265,8442,518,81
BinhThuan,30-08-2018,624962,43845,50315,28033,34549,11917,62435,29551,24560,28827,51452,95245,3899,9421,4505,7742,037,23
BinhThuan,23-08-2018,820274,18220,23928,56504,35512,80022,44976,17383,00106,42505,20807,76134,2530,9611,8793,5832,552,24
BinhThuan,16-08-2018,498836,38377,71436,20997,81531,60194,55349,79547,95262,38857,38521,96100,6014,1549,7646,5169,602,45
BinhThuan,09-08-2018,724746,65017,45464,58817,32353,06930,06668,25550,19850,08701,12536,07136,0046,1285,8372,0721,720,14
BinhThuan,26-07-2018,679849,41384,93802,50651,08347,68570,10625,73425,64878,79767,90154,66854,3405,9457,0822,4918,230,78
BinhThuan,19-07-2018,719794,09684,89671,37396,85306,63820,44591,84532,17478,49754,55785,08508,2366,0633,5628,0217,912,16
BinhThuan,12-07-2018,985502,01465,82077,41941,24481,50301,77684,04530,79201,07234,01492,82309,4326,0362,5624,3039,124,41
BinhThuan,05-07-2018,868692,00778,92188,03877,19789,99932,97770,01631,58569,82815,15538,50136,5633,1397,0223,0368,495,28
BinhThuan,28-06-2018,792529,07829,35201,84375,84740,20846,32821,13585,28067,95949,64912,00553,4605,9022,3897,3361,101,68
BinhThuan,21-06-2018,380453,39227,88117,35918,51998,70772,59099,95412,57010,62464,05786,08498,6354,7103,9018,2933,193,09
BinhThuan,14-06-2018,327266,56172,72500,44660,86107,03738,95657,67471,54535,26443,46872,86008,0325,5478,8255,7655,079,17
BinhThuan,07-06-2018,805996,95488,38647,79331,12264,56329,82563,38265,76090,91496,65772,96384,8054,8633,3180,2675,479,42
BinhThuan,31-05-2018,251312,47166,77840,40815,98590,07407,18818,59298,51893,65671,83749,79326,0213,4455,2678,5538,624,57
BinhThuan,24-05-2018,158020,35418,72926,85513,05662,88682,49218,45941,16929,34583,57601,15960,6157,4348,9392,3964,100,71
BinhThuan,17-05-2018,641919,39283,11703,33427,15263,49118,93962,39111,43927,64837,42950,92552,0059,2010,6583,1173,153,57
BinhThuan,10-05-2018,172096,29188,38951,75258,12882,47031,34801,63126,75945,39134,06160,57141,1971,0312,9128,3209,418,65
BinhThuan,03-05-2018,824830,47715,52100,59577,32743,62771,04263,36750,69320,62382,73465,65379,7737,3645,3468,2176,663,27
BinhThuan,26-04-2018,757007,61930,62224,39659,95481,48465,83764,26663,70622,24211,78567,24599,4981,5977,1401,4489,078,94
BinhThuan,19-04-2018,596705,62986,73784,71749,40393,19537,77608,43906,78858,18812,64146,77036,8433,3688,0204,4278,746,09
BinhThuan,12-04-2018,787835,61782,78166,03995,98257,13031,61545,88895,09911,14314,17457,11705,0869,2286,4433,9420,572,25
BinhThuan,05-04-2018,659494,07587,87148,97845,60306,87054,85308,45081,55963,04596,77375,70630,7652,3105,8613,6625,733,01
BinhThuan,29-03-2018,887564,98104,13741,63362,03614,42807,58298,12181,81290,77342,33076,83997,5610,6394,2955,8366,927,15
BinhThuan,22-03-2018,703352,97557,87942,26874,23372,83341,79918,00025,08353,63055,60309,33276,3581,6504,3426,1265,569,80
BinhThuan,15-03-2018,569889,36606,43856,30529,66313,63038,78176,68106,57714,01702,91872,23892,0800,4176,0191,1172,833,17
BinhThuan,08-03-2018,941262,98778,49932,49911,51426,37668,32123,26736,68230,74381,82117,64286,4639,1307,4428,5408,685,19
BinhThuan,01-03-2018,091919,47595,06686,11203,31226,51003,20208,63317,68023,16797,08779,62163,2088,3547,1661,9607,860,35
BinhThuan,22-02-2018,878112,02510,92004,08538,17022,71923,39288,76720,30111,25736,62090,11602,9770,9543,0067,4757,691,53
BinhThuan,15-02-2018,472855,67038,53183,60598,47362,71096,00705,92598,83742,34502,71962,81046,7109,8905,5501,4923,890,12
BinhThuan,08-02-2018,786590,07704,92818,20152,74711,21014,06219,95925,71911,60447,62682,51608,2910,3668,2042,4531,882,95
BinhThuan,01-02-2018,481619,29156,87937,80238,02990,39626,52908,52048,29044,17063,44924,34640,6680,9029,5579,5524,387,54
BinhThuan,25-01-2018,880399,56327,82984,41978,93373,84812,03276,34131,01198,16272,30533,65849,5105,1902,4677,9740,552,16
BinhThuan,18-01-2018,738933,29632,10756,29700,29813,84808,94310,61935,65437,35742,44721,54742,7445,4418,3191,6283,199,17
BinhThuan,11-01-2018,892087,45981,73263,32863,20116,76465,55661,20782,71150,82018,47333,77808,7670,6963,7946,9387,120,31
BinhThuan,04-01-2018,895400,84262,99223,31572,60157,36498,85305,06181,96719,04602,63103,16825,6980,3504,3108,9173,199,23
BinhThuan,28-12-2017,715963,46484,37249,74710,01728,73731,43632,25015,05480,89787,06263,12108,3792,7186,2020,7102,950,08
BinhThuan,21-12-2017,851296,68433,27289,41795,54934,04530,03106,99099,64301,33556,63297,69746,0412,8259,6717,9689,097,00
BinhThuan,14-12-2017,628023,00133,37911,12565,10944,62762,65271,53134,97419,00808,14562,59242,6982,0316,5522,3411,745,84
BinhThuan,07-12-2017,428713,16108,44501,60862,19735,27691,92459,12164,48576,65041,69494,85127,2946,4644,6563,2967,160,03
BinhThuan,30-11-2017,088050,68000,89994,53782,55408,01499,84986,72890,07677,78876,16527,60956,9682,0175,4975,0085,083,65
BinhThuan,23-11-2017,173113,13538,30687,41544,74050,37362,35068,95715,75410,47614,88261,61138,5564,7532,5469,1880,183,42
BinhThuan,16-11-2017,153860,31710,13079,38279,55520,16038,57258,68053,72039,79898,97432,29382,4269,4528,0335,6520,534,89
BinhThuan,09-11-2017,266049,24408,95862,12217,36815,28284,49873,08670,53417,19235,17538,64113,6431,6627,9523,8499,567,53
BinhThuan,02-11-2017,408498,53633,28454,79092,04104,30350,43991,24749,91889,12101,96340,28169,6430,4015,0029,4515,778,59
BinhThuan,26-10-2017,706759,97856,31344,82042,60545,69154,71647,66069,28183,99026,05914,83920,7338,5491,8546,2691,673,37
BinhThuan,19-10-2017,064481,91895,48925,89115,08946,66907,03228,67626,56637,20353,13628,34879,5239,8936,4049,3881,380,58
BinhThuan,12-10-2017,898178,44427,79082,03299,37513,75398,30027,98945,90883,07138,17040,00403,7573,3219,1051,9909,060,12
BinhThuan,05-10-2017,307490,73328,16306,27747,71002,74083,08380,34821,51456,87075,98647,34127,8282,6179,0705,5529,430,49
BinhThuan,28-09-2017,989165,56783,01404,43556,71837,33322,37179,87367,52430,67652,63377,91952,0064,7705,1829,7011,780,10
BinhThuan,21-09-2017,163375,09360,47584,45278,73729,29715,41608,71113,93997,30421,33699,81467,9378,6346,3232,5504,566,65
BinhThuan,14-09-2017,655963,00644,15982,79315,15356,28481,65637,54687,57914,93516,57247,74912,6142,8660,7286,6899,625,84
BinhThuan,07-09-2017,942778,39536,91953,10866,23823,49778,65880,16025,71548,77676,25139,31134,3355,2269,6541,6404,410,19
BinhThuan,31-08-2017,435270,09319,44966,85574,18123,60311,39017,90768,90044,21802,79172,76589,2227,6073,7377,4934,269,90
BinhThuan,24-08-2017,026064,77857,59410,89000,00969,18110,02392,19305,17110,10057,21862,29739,1181,7845,9564,2584,357,55
BinhThuan,17-08-2017,710806,26930,20892,42419,49827,09851,04904,30864,84822,29166,97713,78127,9713,4298,9208,4293,152,36
BinhThuan,10-08-2017,922616,87721,57074,05517,94185,25772,70409,46279,67728,94720,64786,03333,3412,2485,4373,8696,994,31
BinhThuan,03-08-2017,464013,74398,18074,74135,11422,77558,72011,08415,83623,71834,54311,27014,9665,7816,9107,0808,715,08
BinhThuan,27-07-2017,526682,61773,19846,62913,15058,39915,13322,87673,47831,05709,23917,27529,8387,1526,2174,1573,529,19
BinhThuan,13-07-2017,869588,42141,63329,45356,50885,04562,92153,98324,73923,18162,09738,09280,9093,5739,4609,8888,853,43
BinhThuan,06-07-2017,013956,52956,56248,90896,10684,53707,69349,23560,33249,83554,20181,68512,5228,6783,6954,4748,139,53
BinhThuan,29-06-2017,900679,87047,73363,27656,13998,44542,00521,33558,75758,47498,44899,55728,1212,1038,5066,3480,103,05
BinhThuan,22-06-2017,360860,49710,03707,55945,67824,54205,64831,53663,08150,75850,34391,90433,1013,4029,4698,4864,659,46
BinhThuan,15-06-2017,332568,62382,46102,05676,15013,75642,64588,35713,35789,63228,44667,54041,3674,2448,1744,0221,808,05
BinhThuan,08-06-2017,627093,60052,43994,73279,46925,04352,80849,26727,94496,58132,74137,69019,8683,8743,3753,1794,044,88
BinhThuan,01-06-2017,511546,68060,04047,50620,40190,48857,36987,35419,75167,98668,52733,26461,8373,7183,0154,1619,822,59
BinhThuan,25-05-2017,773559,76491,55094,84224,99731,64415,77175,65848,74529,34037,95413,38123,1787,2897,9290,1780,588,19
BinhThuan,18-05-2017,192257,68677,30630,30297,12403,24263,90408,56884,27389,83083,78369,25339,2990,6460,3102,7311,758,85
BinhThuan,11-05-2017,201278,99286,23114,13562,67178,31708,09190,44534,38905,79074,82053,27963,6990,3759,6628,1503,902,32
BinhThuan,04-05-2017,312805,38844,76335,67591,28810,42710,27499,87386,51793,62855,89888,82902,9476,0192,7836,2582,516,98
BinhThuan,27-04-2017,506626,74182,20670,73461,08825,90899,03111,25577,53010,76348,89920,99682,8754,7959,3051,9277,222,32
BinhThuan,20-04-2017,609966,96755,19823,50717,27218,14329,46017,28386,84564,94019,51741,92600,5419,3569,7200,0358,513,53
BinhThuan,13-04-2017,920286,71049,52047,78262,27277,12377,86814,14950,14736,16228,49588,29849,7819,8539,9548,3288,191,20
BinhThuan,06-04-2017,781572,55882,44545,88902,01612,03771,93067,88996,83340,06562,38812,67250,6566,1489,5540,1096,627,45
BinhThuan,30-03-2017,305770,26463,55536,48652,71520,28123,36019,99875,78104,78715,14210,75126,3048,8217,1238,0397,334,99
BinhThuan,23-03-2017,850052,78777,80302,02090,27769,31244,94761,77325,90848,23720,18998,29406,9143,3115,9423,6831,343,78
BinhThuan,16-03-2017,650557,77567,01668,67188,35319,83588,94897,73504,69167,23008,27371,39494,9856,8457,3856,8201,181,87
BinhThuan,09-03-2017,840892,03024,82658,62818,39241,71393,05923,58692,58254,95195,21825,85623,0671,2909,1812,7263,787,63
BinhThuan,02-03-2017,186535,01080,64341,17346,47927,33316,12883,56693,28026,34210,49330,29414,4583,9871,5248,8240,803,44
BinhThuan,23-02-2017,668746,65371,15056,63405,14538,85829,03021,58261,84171,87616,13911,06601,8920,1455,7418,3396,130,54
BinhThuan,16-02-2017,336967,64304,64706,39923,27681,98603,93624,04488,17752,00706,15220,56830,2652,5461,8287,2377,704,39
BinhThuan,09-02-2017,524135,79811,19936,51618,55636,60042,66296,85568,10818,65205,35494,81107,7083,0086,9768,2830,804,54
BinhThuan,02-02-2017,673995,68365,40518,09231,10510,28662,14510,58904,19233,90115,28724,04686,4396,2024,4327,0851,206,05
BinhThuan,26-01-2017,322763,94335,16952,16417,90153,82145,87990,92977,39891,81976,41638,01638,8278,5632,7244,4113,603,68
BinhThuan,19-01-2017,608197,98236,41513,02865,41760,35610,50782,29415,46574,01092,04156,88476,8042,3328,3879,7070,103,53
BinhThuan,12-01-2017,109525,85370,39054,34281,01804,61517,66660,96231,65488,54397,97744,39048,8483,1385,4422,6105,484,25
BinhThuan,05-01-2017,669752,63136,37143,72244,98726,26006,30794,88857,66376,67178,79083,75319,7984,0488,6909,3326,142,99
BinhThuan,29-12-2016,559390,64969,41583,72178,49181,82919,80836,81693,89562,74882,10197,24740,0543,1130,4426,1149,386,59
BinhThuan,22-12-2016,351508,83290,10643,83022,32189,50252,94644,88978,67161,00686,46125,01704,1110,7587,9192,7878,836,34
BinhThuan,15-12-2016,778989,02427,23627,05321,92965,50667,37554,20586,28496,47615,59139,79346,3345,7185,0296,3511,143,50
BinhThuan,08-12-2016,310324,21009,35150,92735,46927,06570,40232,44194,07338,86589,01671,24539,6008,6336,2103,3396,425,20
BinhThuan,24-11-2016,229788,70452,79199,06955,80193,82237,10166,88120,36954,07560,68658,18693,9289,1000,3582,3281,705,23
BinhThuan,17-11-2016,839641,15199,19130,18156,82215,29363,41704,57200,40648,80991,03594,42375,3678,6148,1849,7095,440,29
BinhThuan,10-11-2016,034564,57841,51620,46821,45805,45381,10038,13594,90046,38572,70245,49455,5454,2106,6218,6074,824,21
BinhThuan,03-11-2016,233027,46292,94204,84755,15300,11764,69332,12637,42059,11663,49097,20225,7584,3815,5994,6089,762,99
BinhThuan,27-10-2016,588587,08292,16471,62232,42165,25119,37376,99649,97762,82397,04637,90775,4805,9976,3545,9094,888,98
BinhThuan,20-10-2016,614701,66079,82239,19207,55398,72140,42832,32223,31288,53758,79681,91143,5855,8753,7597,4913,166,58
BinhThuan,13-10-2016,423705,97161,79506,06250,96875,77391,35856,40268,22030,36215,23138,71770,7297,8697,7710,1822,769,55
BinhThuan,06-10-2016,190303,36984,49915,92541,03553,78788,42863,37855,61395,07664,98116,08191,0692,5353,6146,2885,803,44
BinhThuan,29-09-2016,132612,72824,72130,15122,69793,43163,58074,68119,28104,08596,61767,46176,8646,1202,7073,4297,252,48
BinhThuan,22-09-2016,052191,88815,77694,25703,36987,83108,61472,88374,27660,14681,75004,46817,1218,6481,3854,3391,714,74
BinhThuan,15-09-2016,761281,92733,35818,36740,82169,91353,00512,20397,81266,60995,15942,09150,4551,1830,8791,1308,697,29
BinhThuan,08-09-2016,777273,39072,42143,67040,12657,57180,23758,69379,93420,22359,77081,25878,0466,0182,4298,0858,991,79
BinhThuan,01-09-2016,338961,98892,37217,63522,79997,72875,50981,41968,33494,56654,84727,27695,4822,3614,5897,8393,015,59
BinhThuan,25-08-2016,462547,14370,50812,47860,52033,45585,08346,52965,39415,21139,93580,22420,5106,3319,0625,0870,979,90
BinhThuan,18-08-2016,440248,87512,26265,64741,98977,62098,15900,00191,77751,83221,26514,36436,1001,8479,7224,1367,549,44
BinhThuan,11-08-2016,404007,73315,02767,27605,29424,57761,11444,93189,05162,47395,62316,23951,6312,3851,9284,8760,071,65
BinhThuan,04-08-2016,958614,41029,21160,17975,11172,67717,78413,07746,17406,41245,17090,61741,2725,6240,4718,9733,771,44
BinhThuan,28-07-2016,782069,71177,60295,77669,25231,15575,26341,17585,73378,56487,53511,53285,2586,0880,4550,9651,854,73
BinhThuan,21-07-2016,995147,43331,57796,84632,53009,30589,24167,20333,37470,29985,09194,97012,7570,9874,9995,1724,966,21
BinhThuan,14-07-2016,384315,74269,63398,21895,94214,62044,49924,12537,07989,74267,49584,55586,7735,3612,4290,9957,234,74
BinhThuan,07-07-2016,492759,06939,59244,79218,10348,70687,80941,03541,00400,31710,42978,72544,1564,7211,3653,8831,622,64
BinhThuan,30-06-2016,505350,52584,72748,00150,73966,25181,81503,77752,93176,29815,93388,51678,8046,0120,9501,0022,487,25
BinhThuan,23-06-2016,001763,98830,57030,35406,48761,09161,59620,52009,24918,40619,32269,22131,0881,9947,4773,6143,258,17
BinhThuan,16-06-2016,658658,42928,46692,30547,81645,97435,69657,73421,52494,21316,84978,98907,8143,2129,2617,7918,705,60
BinhThuan,09-06-2016,954454,58373,03030,76011,73215,38918,36791,82357,54264,85019,73987,41446,0713,1823,0084,7753,257,38
BinhThuan,02-06-2016,967978,80305,14350,24864,72873,83464,34987,57933,56684,77244,36325,61314,5498,9190,3726,8445,855,66
BinhThuan,26-05-2016,266694,77911,05577,48073,52398,31215,93741,31145,42741,85887,41976,95694,9949,4219,4633,5348,988,01
BinhThuan,19-05-2016,864529,04876,27067,50206,53523,68229,72298,82522,94159,27453,97237,81337,1232,9826,0579,8592,203,99
BinhThuan,12-05-2016,274224,59484,97699,02794,45935,21589,30461,61514,13054,59729,70339,01845,2893,5312,1686,3277,421,37
BinhThuan,05-05-2016,832217,24871,24369,87642,85480,02026,43109,91048,97931,78328,83119,22747,5380,7697,5334,6130,678,49
BinhThuan,28-04-2016,806454,95790,38516,98264,72171,92733,09952,25522,88765,43215,36196,81726,7094,4832,5909,0119,082,91
BinhThuan,21-04-2016,441844,86672,99765,76081,16428,28508,55868,15197,70764,37284,59094,07662,7643,9430,7039,3521,832,96
BinhThuan,14-04-2016,367358,45203,93350,60823,94909,49741,03215,60470,42105,97320,40072,61768,7566,2510,2417,4992,695,60
BinhThuan,31-03-2016,021692,71967,54374,52947,03575,39159,64379,95696,89870,15624,75151,57144,4865,4226,0134,9302,419,05
BinhThuan,24-03-2016,361063,68313,23744,78496,59099,45484,00541,42009,62740,07078,55353,27578,3148,1162,9917,1575,044,78
BinhThuan,17-03-2016,197734,24320,75271,42087,06874,35627,45071,59489,53833,80774,52618,41558,8867,4793,0897,4476,740,52
BinhThuan,10-03-2016,735803,16714,24861,75629,07589,16347,41218,26150,33887,18932,32012,69899,6416,2538,7920,6226,746,30
BinhThuan,03-03-2016,711112,71885,12115,64293,48920,66156,42945,68425,41521,82276,14701,59958,1713,4586,2381,1095,301,39
BinhThuan,25-02-2016,049795,46553,55471,52771,72193,83104,71833,05202,98094,27990,80426,24221,2144,0090,9465,9343,399,82
BinhThuan,18-02-2016,746337,43460,49150,68018,01794,29760,86459,04534,41780,65179,86422,73534,8354,7800,6327,5289,015,48
BinhThuan,11-02-2016,047479,51666,99733,27391,69885,30351,18973,28632,77471,41621,07413,10305,8635,7054,1291,1639,037,59
BinhThuan,04-02-2016,881799,28941,32304,46861,26911,80935,81803,11243,06826,80028,17015,07055,4569,1460,6030,7530,833,21
BinhThuan,28-01-2016,862084,73038,19979,10782,28804,27570,79992,12423,53784,52428,44158,81662,2040,8617,2667,0212,489,16
BinhThuan,21-01-2016,954124,37784,56301,43351,16586,77310,77314,62571,93980,79681,69220,78878,1613,4112,5094,0072,965,63
BinhThuan,14-01-2016,233383,74142,85691,64279,63104,32935,39467,13683,25565,32154,59229,70001,6227,4709,1870,0849,721,18
BinhThuan,07-01-2016,903911,90382,77177,59193,06435,46121,52587,47493,89468,56398,59821,15241,8734,0715,8712,0769,427,95
BinhThuan,24-12-2015,122424,02457,21382,68349,70589,52956,68033,81000,81649,82051,51548,74205,9328,0767,7215,1807,928,74
BinhThuan,17-12-2015,543870,28318,85907,39963,39933,42231,71563,24780,57165,80666,93267,38821,2780,8696,8970,8283,959,96
BinhThuan,10-12-2015,280081,39794,55197,34708,13105,86550,42512,84785,06597,45471,76235,06276,5207,2397,2590,1755,579,30
BinhThuan,03-12-2015,352185,87600,81583,76046,90938,03485,29397,02703,07879,92647,71050,84083,4589,8794,6307,2268,098,52
BinhThuan,26-11-2015,423272,91306,05782,56189,86461,11952,09419,60003,75089,12686,52997,51760,8249,1175,3316,8678,546,62
BinhThuan,19-11-2015,687655,58621,07280,06142,52435,46269,16264,25307,36764,02972,57626,13204,1308,2754,9624,4985,223,29
BinhThuan,12-11-2015,052232,13041,90606,07517,16761,82044,87014,44397,64547,46114,31350,20138,0050,6827,8392,2995,796,91
BinhThuan,05-11-2015,359865,07834,08150,91621,09562,59613,06586,69297,17926,98649,83140,10250,1104,0994,5649,3928,913,55
BinhThuan,29-10-2015,938766,25037,26270,97301,49010,16838,71671,18399,85607,92228,81982,74321,6737,2030,5969,2089,560,39
BinhThuan,22-10-2015,885252,52387,23989,77476,53596,48923,16156,56009,62914,36747,93966,74830,3352,4704,7946,3269,057,09
BinhThuan,15-10-2015,412258,44271,59422,82234,58652,18206,56238,69205,35600,92019,35358,35811,0032,2383,7838,7007,714,10
BinhThuan,08-10-2015,291932,15628,87251,65906,87640,10904,94215,48304,22901,81220,64366,85153,7020,8389,1582,3758,576,70
BinhThuan,01-10-2015,787621,70480,04595,35376,30925,84414,38555,09356,43926,03818,70669,84971,0501,1983,7789,8843,398,93
BinhThuan,24-09-2015,125909,85836,60591,62016,99200,06558,04310,98376,86827,83548,51373,90401,5891,0054,0609,2652,344,90
BinhThuan,17-09-2015,831504,88762,66985,84694,88567,24030,26512,67169,86535,00379,62259,65080,8819,3713,9635,8410,292,73
BinhThuan,10-09-2015,967672,80519,90117,78044,90869,14321,72644,40337,14381,77505,31217,95825,2002,4935,3272,9501,372,12
BinhThuan,03-09-2015,426760,49344,58048,28846,25686,14033,15432,67105,48898,35790,38877,59999,6187,7958,0342,1402,210,71
BinhThuan,27-08-2015,162228,04406,65153,20775,28225,78470,63451,11930,50940,17286,05805,56976,6757,0226,4918,3161,567,57
BinhThuan,20-08-2015,392059,48115,47980,44090,22452,74214,68900,88095,64028,46157,35575,50533,6007,0702,2447,0465,129,50
BinhThuan,13-08-2015,522561,13591,77572,91949,90053,65662,85565,71525,60526,52536,54415,27022,6515,4419,2367,5009,332,31
BinhThuan,06-08-2015,554919,39102,74163,28865,18303,38767,81096,28596,13964,69683,45625,11915,7597,4062,2349,3191,545,32
BinhThuan,30-07-2015,888177,74163,09801,29039,65147,51694,17913,23459,19174,75017,77564,97189,5245,5008,8911,0987,716,58
BinhThuan,23-07-2015,322725,55966,34332,93300,05486,69269,57269,93342,05592,55002,32963,53044,2346,5788,0051,1719,089,29
BinhThuan,16-07-2015,864749,24055,32427,80073,47615,86808,13159,06353,37507,51099,41631,07932,2969,4593,1468,3093,024,73
BinhThuan,09-07-2015,127809,59484,91871,86723,56693,50575,65218,04444,69829,55576,97352,48326,6523,2324,5517,8783,484,00
BinhThuan,02-07-2015,729338,81823,84870,76647,42717,30241,22796,34973,12713,86426,60795,52583,5604,5105,7374,3647,600,37
BinhThuan,25-06-2015,822420,65557,85297,69331,69968,86208,84393,89224,31263,72450,15617,37489,2507,6168,1981,8635,425,97
BinhThuan,18-06-2015,351793,70121,47265,03026,17005,98135,29732,44183,50858,92238,82020,56133,4256,0473,6708,3973,129,55
BinhThuan,11-06-2015,997635,74530,58412,26387,72787,92882,51892,52128,02632,75819,48662,98433,4599,6187,1889,5628,060,28
BinhThuan,04-06-2015,085332,68096,95549,11256,78385,08183,89014,01990,15319,79515,83048,19842,4443,3907,1230,9400,385,07
BinhThuan,28-05-2015,749859,03718,59199,24637,07967,39588,82443,32580,70866,31821,14783,57267,8231,1395,0314,2648,261,54
BinhThuan,21-05-2015,560736,97349,18428,25999,04257,29007,91330,41137,83269,44432,77061,45819,2995,7366,8754,4781,684,86
BinhThuan,14-05-2015,836609,46269,50536,52588,47678,42060,20047,63009,39564,52012,17283,07048,5751,9559,8777,5335,040,88
BinhThuan,07-05-2015,569846,70781,48530,14197,30658,17987,04232,78388,89105,70488,12845,67833,1324,0999,1758,4017,620,06
BinhThuan,30-04-2015,773360,44226,30489,42246,65392,50768,33730,80398,04627,51228,79245,72363,4962,1791,6656,6241,476,85
BinhThuan,23-04-2015,693438,52768,72014,60196,33867,76920,65994,24047,75927,73041,22548,36796,9607,1650,8154,8981,816,35
BinhThuan,16-04-2015,807168,00512,24741,04066,62713,30442,98411,74707,03399,95156,92568,93184,0173,2810,9742,2581,183,13
BinhThuan,09-04-2015,411617,05200,17111,54201,59848,26283,37991,34923,73781,55677,68941,55863,7270,7758,5855,7534,275,82
BinhThuan,02-04-2015,913316,34366,55106,43350,34093,55171,43515,72950,99853,41814,53224,07986,1297,4204,1825,7048,873,51
BinhThuan,26-03-2015,735370,80658,99140,54018,29335,35261,74278,77263,82094,68403,80313,05206,3776,5002,6385,7821,055,22
BinhThuan,19-03-2015,744882,18054,41792,00647,01105,37797,07516,34284,21596,73034,93303,34112,6257,5363,6471,7838,891,48
BinhThuan,12-03-2015,608051,00972,89910,98370,28090,49601,68285,72396,24828,04156,70823,16518,2932,9370,8857,7209,976,39
BinhThuan,05-03-2015,858096,99682,92065,04521,99423,56510,27512,67750,16365,41646,44551,00698,5685,4474,2462,4539,027,85
BinhThuan,26-02-2015,360964,56392,93218,51988,51837,39433,51471,57716,42478,65879,19032,93243,6844,2332,6090,0879,631,29
BinhThuan,19-02-2015,081543,20735,55869,51572,89646,61810,83032,46942,51529,42735,14052,40660,1502,1084,5859,6043,797,47
BinhThuan,12-02-2015,951557,28834,13448,93434,14227,84782,15591,51705,67436,84201,71479,33487,7840,1150,3170,5806,698,24
BinhThuan,05-02-2015,098176,63581,90301,86635,93468,83257,67355,53854,51366,70948,56010,01355,9579,3507,3809,5441,942,46
BinhThuan,29-01-2015,846536,70142,14364,28770,27084,76499,05535,57516,81856,59873,67957,93816,1112,2268,0133,6665,297,63
BinhThuan,22-01-2015,600015,55366,99910,84193,11154,19987,14676,18004,21405,42323,79722,07123,0342,7271,0531,8684,806,69
BinhThuan,15-01-2015,512712,53178,22855,57545,22638,25902,65448,47874,95914,08539,62635,08636,1166,2987,4421,7534,269,06
BinhThuan,08-01-2015,008906,57986,30466,97399,93945,81751,21091,61959,91328,48048,83107,30979,8989,6326,1340,3733,775,41
BinhThuan,01-01-2015,856907,96670,84786,33940,09073,64446,52344,82372,31261,03001,96628,20870,7886,5795,6541,1168,203,99
BinhThuan,25-12-2014,793658,18697,40302,65425,60300,18411,44366,01669,47421,45111,69804,52885,6029,4494,4005,7895,983,48
BinhThuan,18-12-2014,418717,27079,10089,15718,61760,13301,01916,48517,22763,60647,72583,12702,5741,5404,9618,7582,317,92
BinhThuan,11-12-2014,765890,34410,46512,66192,22460,23943,77393,15896,98667,09587,75413,52459,7476,3379,9734,5331,206,73
BinhThuan,04-12-2014,971026,15299,06178,96739,36898,67541,92004,40325,24087,84760,66623,09414,3476,9594,0395,7530,941,45
BinhThuan,27-11-2014,645497,46368,52920,91521,44033,31644,15171,23537,07442,44698,17435,96579,2081,0935,5103,8197,520,60
BinhThuan,20-11-2014,562936,28193,60233,45392,52452,78025,92906,76108,77638,20662,05636,17927,8206,1669,9653,6938,854,97
BinhThuan,13-11-2014,387688,79152,47814,44531,64294,85732,14747,81939,00026,30208,17446,47314,7092,0723,7722,2104,979,85
BinhThuan,06-11-2014,121690,31759,83923,73499,84840,02585,20939,75607,62709,69051,58159,29637,6206,5977,5177,3900,038,37
BinhThuan,30-10-2014,742264,28762,89975,91743,17299,33725,69161,81877,21404,54700,66909,16357,7413,4353,8599,5691,161,99
BinhThuan,23-10-2014,139760,13695,45849,39662,87374,27054,84486,01743,98394,59067,50238,83817,0262,6499,6473,4581,935,97
BinhThuan,16-10-2014,845262,86188,85411,20941,41201,05223,07738,55184,14017,41961,46312,53752,9060,7026,2189,9410,949,69
BinhThuan,09-10-2014,860026,13292,82563,48774,08828,16185,48209,46536,94549,06868,67664,66069,4940,4286,0811,6697,794,45
BinhThuan,02-10-2014,183798,77136,27523,02529,89782,42683,63925,22043,66223,20313,76465,79301,6671,8724,6235,7175,700,24
BinhThuan,25-09-2014,050661,83481,22119,16795,06957,03184,25722,64814,88621,73345,21535,77619,6181,9536,1425,7907,635,11
BinhThuan,18-09-2014,920770,60832,27795,28181,96976,01600,80938,98738,23385,34239,53951,15907,6458,3315,0349,1233,700,91
BinhThuan,11-09-2014,056414,93389,67415,78688,98521,40188,66938,40518,46149,25871,72367,11963,6752,3923,3935,2963,586,00
BinhThuan,04-09-2014,891614,99401,95733,47207,57856,36592,22240,59481,62916,39755,81293,96490,2969,2970,8252,3140,507,70
BinhThuan,28-08-2014,302274,86676,69461,97339,57224,23238,36188,57645,50450,07662,83014,67637,8661,5651,4356,6862,671,34
BinhThuan,21-08-2014,579040,03287,00876,65847,36384,29374,55166,55235,42406,53344,36091,56832,5278,5420,2616,8164,429,36
BinhThuan,14-08-2014,100218,58755,52241,15589,61466,96821,42351,86398,34575,73594,28950,88169,2159,2593,4286,6017,854,67
BinhThuan,07-08-2014,189122,29017,31027,15842,76388,92045,91551,16518,67848,09015,93013,42798,7596,4365,2314,7549,812,82
BinhThuan,31-07-2014,131193,88244,05726,37748,76654,49683,33357,68769,30273,56848,72767,10856,5231,3090,4606,5994,266,05
BinhThuan,24-07-2014,836266,02810,96382,65208,62181,37145,96578,42080,24111,61909,00940,79823,9743,6127,4716,2035,682,24
BinhThuan,17-07-2014,898558,99058,75401,23822,16187,65796,45025,59856,77264,54891,35075,93184,0484,2702,0292,4071,007,24
BinhThuan,10-07-2014,887630,80551,13454,56907,00873,05522,70218,48431,35473,70688,15425,83961,9603,3172,6730,1529,485,64
BinhThuan,03-07-2014,792632,29439,99383,60489,65583,32008,35167,26205,76089,21106,48027,07681,3168,3777,0819,2903,439,97
BinhThuan,26-06-2014,143140,19502,55546,81269,14462,76880,60923,47185,84779,95000,83538,81052,2613,4324,0353,7302,052,44
BinhThuan,19-06-2014,853104,30952,49088,86856,44415,84132,96271,66232,49460,39414,37277,76050,9877,9709,5757,7116,084,74
BinhThuan,12-06-2014,584578,69241,58041,70290,89483,50801,32140,54152,94238,88999,87711,00695,0690,1238,7941,8893,217,51
BinhThuan,05-06-2014,647936,63971,19290,93935,52685,75915,30426,76396,44418,31431,06246,78174,8322,8349,9270,0588,336,56
BinhThuan,29-05-2014,384722,48294,14065,97793,08833,99783,99400,72965,63910,34898,70970,80552,6710,5885,2194,9936,360,94
BinhThuan,22-05-2014,227095,05665,13199,85665,49330,35639,77637,90917,66725,17629,84534,26468,5832,5643,2513,6026,999,79
BinhThuan,15-05-2014,128080,72628,84043,09807,61417,50170,67413,92775,86432,08783,08318,52941,6184,8015,2117,0974,601,69
BinhThuan,08-05-2014,577592,61867,72100,52693,15565,74989,26587,53208,73644,75305,90099,29981,5347,6033,2828,4362,598,11
BinhThuan,01-05-2014,928280,85092,60207,83657,42611,71606,15085,15079,62946,50832,62117,46401,8786,2763,7629,2321,355,65
BinhThuan,24-04-2014,510890,20802,11346,97363,24478,08358,79496,18311,56178,03696,64640,39724,5572,8243,1488,0694,478,88
BinhThuan,17-04-2014,269372,79070,99555,17723,61591,18663,95844,86841,62199,60026,91342,51236,2178,6273,7216,4258,465,75
BinhThuan,10-04-2014,948173,41061,39462,30272,27090,68475,15923,21766,35979,43754,68590,65078,8913,8840,2877,9613,735,45
BinhThuan,03-04-2014,434476,53367,84618,14768,46720,41035,00912,22331,79427,36149,32475,27380,7632,2963,4729,9817,910,01
BinhThuan,27-03-2014,373701,80196,37072,85317,90372,51551,61113,63433,21260,15237,88760,08026,1436,8841,4624,7262,445,18
BinhThuan,20-03-2014,949677,50880,77717,76284,40245,16031,15892,93670,58752,37971,55593,40410,4923,0220,1709,4315,202,64
BinhThuan,13-03-2014,481745,65963,70016,00241,92551,89390,85207,88307,13456,78364,86561,16790,9287,7221,7579,0481,015,88
BinhThuan,06-03-2014,993124,40829,74860,98662,29480,64654,35798,97490,34133,26045,08407,37386,4611,6435,6661,0256,435,42
BinhThuan,27-02-2014,795255,24644,59504,95672,25557,90681,59885,12547,53747,79936,07065,22457,9830,2870,5352,5407,446,31
BinhThuan,20-02-2014,642461,94402,06059,94939,73842,75957,22243,15598,95787,15881,19212,22727,0515,0748,3713,0276,887,84
BinhThuan,13-02-2014,146802,52225,33061,06860,33084,62375,22673,87854,22170,79493,36084,18464,3552,5069,2811,0048,845,61
BinhThuan,06-02-2014,138111,17112,15674,18914,08539,45429,73684,71910,16750,35282,93223,59272,7440,1204,8395,0901,718,47
BinhThuan,30-01-2014,786706,48180,95820,14141,06246,98821,34407,91972,39331,65329,29435,70216,5155,7080,8228,3011,452,38
BinhThuan,23-01-2014,791817,13245,75341,06605,57457,33095,92488,60853,01157,53946,73617,05331,0586,3248,0609,2355,095,39
BinhThuan,16-01-2014,990564,60956,15833,71703,97148,08647,48647,14612,84979,41189,25179,48756,6186,6278,6138,5006,633,51
BinhThuan,09-01-2014,790961,04020,89740,32534,80246,79688,16040,21222,94641,39930,97579,31130,2759,3336,3741,5862,349,28
BinhThuan,02-01-2014,447180,77294,80294,14911,01586,49169,70703,19358,82160,75326,56930,49125,5845,5836,5800,0074,486,92
BinhThuan,26-12-2013,006769,09201,23080,55280,87058,56572,66529,04170,68534,31585,33103,17857,8380,5957,6867,9186,726,21
BinhThuan,19-12-2013,680758,50633,86204,99146,49246,79015,26913,18754,44323,75214,31791,67398,3509,0235,7098,3012,052,04
BinhThuan,12-12-2013,506172,36226,63982,14593,18812,92473,73292,03568,50461,19930,37119,93539,0870,5209,7218,0001,958,13
BinhThuan,05-12-2013,185859,26599,40574,67588,85831,32495,30250,21641,91674,61213,23284,60850,5263,1549,7681,1439,206,39
BinhThuan,28-11-2013,402557,02609,20306,65964,73642,14917,52710,54200,17119,39690,46391,07020,1541,1607,6669,7171,991,31
BinhThuan,21-11-2013,779801,79155,95667,36346,29545,74099,95350,61383,82102,02323,08830,62974,2295,4184,9526,5559,101,99
BinhThuan,14-11-2013,041513,52125,04959,65640,79251,53856,33076,95150,71853,27761,57819,87418,4745,6970,3592,1603,323,29
BinhThuan,07-11-2013,257969,72975,30904,56856,70982,11182,68544,01891,55416,89402,50513,00836,2152,3787,5905,5860,625,33
BinhThuan,31-10-2013,959573,75617,96333,88931,84016,06922,59472,57829,91139,74237,39329,71858,7002,4035,5385,1273,275,56
BinhThuan,24-10-2013,067083,13237,29412,06950,19494,40520,49863,76501,01264,15771,48437,65544,8874,6224,6056,5169,123,48
BinhThuan,17-10-2013,208463,24829,42680,04421,24788,01809,58396,99462,32841,34570,78599,02133,2971,0752,1934,3817,262,06
BinhThuan,10-10-2013,320008,01470,69694,37647,59117,65821,26268,10223,63320,11259,10438,99626,1553,1875,7324,4135,003,28
BinhThuan,03-10-2013,999004,68563,77536,17137,96385,23729,64177,90373,96132,76501,34100,23437,5108,4073,6803,2474,981,21
BinhThuan,26-09-2013,060865,17563,84123,19237,23027,34249,92682,00237,58881,27421,86936,42297,0560,0064,2296,6450,445,90
BinhThuan,19-09-2013,661061,74324,21856,20454,57787,57095,92046,95337,11951,75106,60921,97134,9590,7351,9209,0552,565,96
BinhThuan,12-09-2013,143479,39118,19423,75413,22620,46529,53190,13564,91874,33004,63434,11041,6254,5283,4675,4055,836,68
BinhThuan,05-09-2013,609788,21426,79548,19887,51482,40673,88909,32054,21808,02597,40598,10723,8677,0885,9375,9281,343,31
BinhThuan,29-08-2013,094357,98536,23814,58487,03687,00103,85075,91122,60763,58707,21588,27251,0712,7199,1568,7182,147,44
BinhThuan,22-08-2013,062888,21757,39691,24884,87789,45587,22279,00236,26701,01793,21415,29834,1775,4110,3786,0789,554,03
BinhThuan,15-08-2013,308140,72047,09614,05741,90499,50350,00841,77322,07086,53614,96499,91932,6094,1625,0223,1927,258,41
BinhThuan,08-08-2013,023827,86466,08871,20335,18919,02873,94584,26385,42396,64158,72648,84524,6869,4593,8209,2947,701,39
BinhThuan,01-08-2013,089773,49011,29410,34450,62381,60133,37150,22552,53687,58619,66488,55403,7584,3400,2248,9928,497,81
BinhThuan,25-07-2013,118823,93573,11251,25230,61875,59460,29211,99387,64308,29872,89157,25773,5716,1826,3024,6329,765,98
BinhThuan,18-07-2013,655698,47839,25148,24889,28818,56758,67389,92188,37341,51377,95166,28605,5958,8398,0722,1210,762,12
BinhThuan,11-07-2013,367114,90240,10797,73323,22498,40635,20642,34810,41630,24176,69701,44773,9143,8551,2551,1175,569,68
BinhThuan,04-07-2013,957885,00859,03324,05509,42709,26900,07541,06955,45192,58004,30995,89274,5662,7428,2043,0622,928,07
BinhThuan,27-06-2013,455093,87452,80502,89913,12529,47101,89750,78584,08420,88244,93313,29768,7823,6679,3547,4647,059,26
BinhThuan,20-06-2013,233154,63855,02714,61068,24103,38711,86693,78405,90101,16365,88990,89992,6453,8546,3116,1692,297,41
BinhThuan,13-06-2013,487905,61350,73392,54006,36460,41337,95343,12323,57118,06402,62203,96146,2216,1003,9698,2827,237,26
BinhThuan,06-06-2013,260772,46555,02310,02613,40757,10603,48301,40271,20873,57559,64013,96608,1484,1147,3769,2018,201,57
BinhThuan,30-05-2013,099337,43768,90337,98935,60458,80161,73131,01583,53892,55450,63482,90742,0176,4431,0935,7780,455,94
BinhThuan,23-05-2013,351321,99453,92306,75674,95647,82088,77496,60760,53687,26454,59751,91234,1824,3490,9532,5077,644,35
BinhThuan,16-05-2013,100356,30275,17332,73131,77030,60361,65523,31685,06963,00784,88854,75298,4351,5868,4417,0099,775,30
BinhThuan,09-05-2013,111584,95026,19238,33978,86104,78157,46134,42807,07324,63733,44625,42134,0024,1641,2527,2887,359,65
BinhThuan,02-05-2013,937453,44876,64718,07715,64003,84913,70387,42075,65163,93480,09698,67895,7629,3276,8137,0263,992,02
BinhThuan,25-04-2013,023298,12542,57856,57974,15875,68595,70163,53729,14341,43963,12783,88160,6941,4922,1591,0848,348,11
BinhThuan,18-04-2013,298968,36836,74937,36665,70743,50224,02121,27715,68967,76096,92341,22759,6584,5595,0231,0633,585,68
BinhThuan,11-04-2013,979564,37877,00425,15043,70279,90561,00747,81445,00416,75348,79639,18194,1443,6847,5500,4293,941,61
BinhThuan,04-04-2013,043510,54468,27439,71049,16506,58086,95832,73315,66865,75413,95840,94300,8656,7859,5082,4339,951,33
BinhThuan,28-03-2013,431652,56058,29036,73449,73215,85436,78574,49486,35275,85098,65837,39157,2213,0300,4720,4638,174,80
BinhThuan,21-03-2013,875875,25042,63920,71874,81345,31912,51873,71804,72252,73899,96825,29763,7005,0989,7447,2624,429,99
BinhThuan,14-03-2013,564099,69296,63171,18273,69948,49404,83303,17137,74930,68886,49946,55395,8649,6781,0606,3306,846,16
BinhThuan,07-03-2013,205231,25390,24373,38620,53920,53037,68077,17765,51863,17375,81862,75885,9232,1961,9154,6902,845,71
BinhThuan,28-02-2013,104383,16876,57301,69323,24159,78270,07702,39772,83211,57250,71710,04868,0226,1700,1154,7182,952,57
BinhThuan,21-02-2013,780720,55982,50115,92331,81241,76375,24417,95503,47834,67496,84062,28110,9193,2970,1150,0253,416,73
BinhThuan,14-02-2013,950502,05933,01887,25424,20594,10627,74350,72459,38744,36325,88119,99498,4603,8809,6807,2135,814,72
BinhThuan,07-02-2013,324422,89097,52690,61520,58111,18253,69752,04596,46142,28745,04424,26256,9268,1283,4452,5700,832,10
BinhThuan,31-01-2013,114949,35300,20677,79938,99416,24633,44174,29805,98568,87519,21246,25820,6918,6584,7286,9046,935,37
BinhThuan,24-01-2013,355626,38331,12405,49608,72381,92340,09270,80449,66780,97293,39881,43214,8312,8100,8536,7270,927,05
BinhThuan,17-01-2013,503286,09712,25481,44495,89118,98285,30441,45892,77001,71352,42788,48312,3357,5985,4916,8980,715,97
BinhThuan,10-01-2013,123774,63046,53993,79884,81715,42648,68920,08836,61853,55954,64426,68774,7349,5170,7683,3644,046,63
BinhThuan,03-01-2013,439585,72492,88281,11631,26999,10530,83138,94826,75232,45915,55274,50382,2560,2241,0517,6885,162,05
BinhThuan,27-12-2012,875415,57504,47802,00377,04145,49310,71152,61951,24918,10390,53850,97573,1726,4440,5961,4145,960,00
BinhThuan,20-12-2012,570359,03952,67492,32108,34022,37149,88379,76851,64943,66197,05789,17149,2820,7846,6639,1042,060,88
BinhThuan,13-12-2012,62066,40716,92353,32389,72423,43469,33093,20931,20579,54551,16575,1614,2964,2827,3078,627,74,00
BinhThuan,06-12-2012,108152,57801,33961,52788,65504,40973,41913,08070,42418,15533,71415,95275,6617,7766,7880,0498,820,94
BinhThuan,29-11-2012,292328,66344,55727,45757,69338,74532,31033,13519,42932,77914,23295,22038,3914,1254,4259,9111,866,67
BinhThuan,22-11-2012,540825,63347,45487,04515,06714,94593,25207,37410,41896,19058,60471,10981,3441,7441,2904,3042,835,67
BinhThuan,15-11-2012,751580,90872,97349,49007,70317,20518,60929,06979,15443,65022,34619,28510,4192,0929,1010,6935,589,68
BinhThuan,08-11-2012,801697,14456,13899,85175,67771,70262,51976,18713,47562,64309,75505,61327,6678,0601,5747,3826,870,16
BinhThuan,01-11-2012,226503,97021,94653,64106,87789,96309,84033,13380,64905,44347,63083,82823,1753,4609,7359,1804,735,83
BinhThuan,25-10-2012,347486,03185,99487,97377,76689,82471,21698,50570,58706,27709,02451,54058,7052,1966,2815,6747,013,48
BinhThuan,18-10-2012,719320,04988,00282,95377,20007,93194,46943,48348,93212,17983,55513,01745,0975,5796,9739,4980,773,56
BinhThuan,11-10-2012,091469,89380,29284,24359,49081,92154,96894,71965,84621,41710,48634,21857,4270,3336,8393,2448,623,76
BinhThuan,04-10-2012,350395,27726,45777,72001,72554,13040,17245,14300,31546,38505,14388,25304,6609,6046,9830,9828,822,74
BinhThuan,27-09-2012,974738,94329,09267,08913,00556,02648,45928,13715,02679,11533,11952,98350,0232,2326,5331,4798,251,61
BinhThuan,20-09-2012,672689,45104,99597,95634,63934,02360,06554,63317,03980,65605,46924,52274,8903,0611,3217,0084,316,59
BinhThuan,13-09-2012,509005,65054,98004,05052,19261,07256,32296,09445,98072,13362,37165,98165,5620,0099,1394,6037,407,77
BinhThuan,06-09-2012,404880,73253,58925,13847,41526,37008,78862,20886,54292,20154,56769,64040,4066,4967,6528,7609,742,85
BinhThuan,30-08-2012,593051,05451,34477,72088,73656,62923,75551,92009,23744,99355,06370,80430,2427,9490,7828,8846,958,24
BinhThuan,23-08-2012,887168,72038,07154,68048,47068,83476,25259,38697,32333,36408,11538,63562,9576,1183,2629,2764,042,38
BinhThuan,16-08-2012,140375,00487,96085,46246,83752,95319,40390,56927,88272,84875,31977,27634,7629,1516,0283,9284,236,39
BinhThuan,09-08-2012,189133,56000,01159,86999,59121,20364,96216,24901,99879,23580,94120,87142,1043,2671,9438,1820,227,90
BinhThuan,02-08-2012,275367,61088,37670,80243,06169,35499,47918,43882,12714,49328,87033,82823,9531,4704,6668,6586,080,76
BinhThuan,26-07-2012,228975,15330,14732,86715,00794,26199,25939,54899,52002,81907,33922,79955,9411,1047,8518,6320,544,97
BinhThuan,19-07-2012,669356,02446,13529,15316,19651,86538,06263,42095,33053,30708,09961,97403,6393,8805,8717,5005,465,95
BinhThuan,12-07-2012,990588,29000,28684,59250,19535,04598,72886,75642,00052,51782,12935,03879,9882,1338,3466,7206,924,53
BinhThuan,05-07-2012,108529,24893,53766,59550,39968,20368,16822,70152,43395,48250,88794,32288,6687,2632,2705,4985,293,44
BinhThuan,28-06-2012,839747,66264,83536,35448,87501,51148,10755,70880,71738,86063,62709,95276,3023,8297,1651,7123,237,69
BinhThuan,21-06-2012,388629,82809,10718,51106,04514,37186,69548,43095,05193,79988,27386,85775,3154,1100,4882,9806,145,88
BinhThuan,14-06-2012,038530,78886,42738,31434,62741,41165,55237,03430,78734,58565,27739,00809,5917,7627,5524,9491,997,55
BinhThuan,07-06-2012,331268,30688,19736,53684,38667,41899,32978,86975,19423,39338,85057,95295,6704,5390,2555,9500,232,43
BinhThuan,02-06-2012,821005,45091,48135,44216,57434,84360,10408,11291,22163,31528,28006,54059,0934,7176,2763,4016,564,53
BinhThuan,31-05-2012,821005,45091,48135,44216,57434,84360,10408,11291,22163,31528,28006,54059,0934,7176,2763,4016,564,53
BinhThuan,24-05-2012,852172,40309,11265,81876,58902,05210,73909,56434,55293,32344,07664,55136,1186,9685,2956,8827,327,14
BinhThuan,18-05-2012,210765,38208,68658,28783,03993,40517,24373,81349,79541,98648,78117,80747,8557,4996,3269,4717,354,13
BinhThuan,17-05-2012,210765,38208,68658,28783,03993,40517,24373,81349,79541,98648,78117,80747,8557,4996,3269,4717,354,13
BinhThuan,10-05-2012,557972,72800,57362,89434,13508,73976,20686,74664,34372,34196,26305,43557,5675,8808,4781,0585,421,47
BinhThuan,03-05-2012,844401,05535,70078,40568,74037,03053,51002,38477,04198,13382,24867,68899,0900,4692,6937,4403,863,82
BinhThuan,26-04-2012,579339,86922,42043,98986,29645,32468,75590,11237,94988,38881,12102,51526,4444,6578,3892,0763,485,11
BinhThuan,19-04-2012,750741,37942,61921,07044,88588,85827,68242,97592,47152,05956,36728,18925,7536,9556,0709,7349,189,06
BinhThuan,12-04-2012,783703,89454,90981,23413,31081,89857,37333,72125,14294,46469,40736,95660,4172,5611,5037,8818,636,09
BinhThuan,05-04-2012,827357,66361,96727,85652,15377,47631,49635,74513,54086,00258,49420,45101,7961,1146,4744,3144,867,02
BinhThuan,29-03-2012,911678,11041,53349,55598,16113,82438,54576,03903,93655,20961,67456,44622,4278,4468,2643,1209,750,19
BinhThuan,22-03-2012,745891,85936,09671,69342,00658,26486,73622,46447,61106,01739,25673,11425,2434,6799,3561,1262,055,46
BinhThuan,15-03-2012,026680,00412,19494,39391,23664,66189,76657,25889,64941,81199,95494,03458,6165,1279,7495,4289,741,43
BinhThuan,08-03-2012,017468,59161,20123,24123,77976,11089,47463,27344,66986,47522,06153,26488,1010,7865,9750,8671,059,26
BinhThuan,01-03-2012,398005,74026,79327,19500,19879,62436,04125,64938,12545,96871,89511,09411,4529,3368,0675,9534,839,56
BinhThuan,23-02-2012,896496,57595,41988,93072,75424,37998,44014,39224,24716,33437,91148,44677,8242,4416,3832,2373,065,09
BinhThuan,16-02-2012,547866,12864,36999,38566,49424,06183,50044,60386,32785,82884,17715,44339,5031,7880,2003,8990,306,87
BinhThuan,09-02-2012,509245,03754,25544,70985,31012,98708,49295,58923,76054,85337,01345,33645,8472,7864,8240,6543,406,72
BinhThuan,02-02-2012,714302,58552,37888,86481,03353,17307,97571,83845,06802,33699,44911,11689,7597,3960,1381,6996,966,97
BinhThuan,26-01-2012,403615,19295,93322,45976,53861,06488,56709,11185,63336,52083,20414,92987,1116,7034,6151,7042,992,98
BinhThuan,19-01-2012,470185,61995,95086,96532,46448,07942,84021,10801,75569,14305,66194,70223,2846,0605,3801,1241,137,70
BinhThuan,12-01-2012,370135,08751,71647,39917,85770,43352,56556,77229,98908,53968,85850,18016,2909,1457,2654,5606,043,60
BinhThuan,05-01-2012,922936,22314,38650,28752,60950,57306,78795,80242,49077,47890,54616,70644,6680,3522,5385,1009,071,83
BinhThuan,29-12-2011,078114,16184,77861,69387,38228,64817,20181,32590,40732,13509,46173,59080,3916,1800,9083,4428,270,23
BinhThuan,22-12-2011,947533,78149,65402,97400,47435,66805,85525,85159,69398,70648,67305,51092,7042,6532,8884,2137,309,87
BinhThuan,15-12-2011,492629,28639,73468,37456,96377,12612,18249,35088,94383,05146,87586,92079,3169,4258,1995,8113,931,44
BinhThuan,08-12-2011,973921,03880,11824,69545,88209,33226,62664,13195,29243,77362,82254,66625,6225,6127,7004,6555,939,07
BinhThuan,01-12-2011,591864,18068,46368,37145,49013,93712,45885,08562,96078,39143,47676,52521,2456,9748,7959,7496,796,79
BinhThuan,24-11-2011,549356,72243,88934,25132,96319,06725,32086,73799,64551,40238,67945,26901,9261,3558,3104,3675,019,05
BinhThuan,17-11-2011,666401,89474,37255,09781,47214,02537,48272,39263,17941,65543,71918,61766,8863,0133,4662,8229,137,74
BinhThuan,10-11-2011,544561,88022,77318,19377,21997,97790,75803,76388,14775,77958,77778,61033,2729,4977,2801,5950,085,38
BinhThuan,03-11-2011,633332,18777,50111,20437,36992,12323,01571,76806,76867,62131,55389,90092,2865,3506,9153,4398,826,24
BinhThuan,27-10-2011,540428,22248,02799,55877,06069,85600,23172,83694,30965,84943,66164,55676,3134,5153,7171,4425,175,08
BinhThuan,20-10-2011,525468,50212,41614,53513,59930,60090,29004,09196,54279,00004,63506,65037,5210,4405,6457,1020,259,84
BinhThuan,13-10-2011,001384,11938,36175,95984,55928,81471,09890,96744,17611,49820,67906,88566,2167,0056,1382,1064,688,31
BinhThuan,06-10-2011,077145,07175,66497,92580,50460,97555,51902,89623,84866,04043,89163,15567,2309,9925,7038,4575,791,24
BinhThuan,29-09-2011,882112,93763,75606,68846,56994,46807,26714,42673,07049,55907,27077,99370,9779,7686,4192,0585,362,48
BinhThuan,22-09-2011,120379,85329,05562,09816,33163,01681,59653,12156,58342,56213,15918,25825,3081,7380,2976,7573,763,24
BinhThuan,15-09-2011,017535,99410,31997,72216,75059,44562,82371,40403,50688,21591,20734,66671,7176,6330,2114,4851,694,73
BinhThuan,08-09-2011,402190,06319,58433,45255,14079,24950,57767,21461,55870,08516,37264,56328,9247,3600,5020,6219,079,36
BinhThuan,01-09-2011,236286,60428,90231,42927,25377,04569,20868,12682,61020,69083,05298,48614,9707,9026,6613,2495,909,72
BinhThuan,25-08-2011,660812,72485,82502,37875,81607,85163,65524,55561,46236,71758,81578,00867,2759,3418,4940,3505,057,08
BinhThuan,18-08-2011,533827,69040,57816,39268,40530,20104,65783,93745,50048,83179,04448,64044,7390,3959,8750,5645,087,85
BinhThuan,11-08-2011,587793,87774,52158,67873,83570,46989,35640,96834,67645,70147,86874,64745,9955,7888,7487,9564,497,06
BinhThuan,04-08-2011,750261,40990,20593,47837,28339,87953,11647,63044,94895,09378,06156,89284,8056,8087,6654,7408,765,16
BinhThuan,28-07-2011,830040,34742,96478,74661,85359,85350,68888,40952,24541,21104,21608,75967,3338,2719,0800,0729,918,41
BinhThuan,21-07-2011,368684,01387,07689,80912,77709,43456,83942,99216,72575,44702,86637,16841,7470,2934,3710,9543,603,86
BinhThuan,14-07-2011,915756,08339,96919,95370,52860,61205,04039,23728,81546,96629,99348,81306,8486,2022,9544,4551,905,93
BinhThuan,07-07-2011,788749,86648,44478,31412,12184,73493,23637,53932,70162,92301,66982,75781,3980,9256,4559,2087,712,98
BinhThuan,30-06-2011,410460,40723,14296,55596,87016,09184,33878,55707,26098,79218,86391,98075,4767,8179,5665,8478,583,87
BinhThuan,23-06-2011,783316,51554,59119,84081,94436,28400,32087,31458,03835,88739,11832,68536,4879,8057,2608,2978,848,73
BinhThuan,16-06-2011,810890,07938,86215,18133,33508,54414,77275,22246,74035,83953,03535,96120,5237,3737,1311,4842,235,95
BinhThuan,09-06-2011,593345,87845,65899,62293,66719,79347,39581,88837,21401,58648,13628,74149,1260,2019,0806,0899,575,08
BinhThuan,02-06-2011,580435,05010,58345,89547,32728,45585,88978,40181,90737,98437,93518,57733,2324,5044,9369,2848,132,85
BinhThuan,26-05-2011,851433,41985,64034,14404,85064,91360,77026,49123,63551,89367,42081,54799,7726,3263,7326,5462,544,03
BinhThuan,19-05-2011,955922,25050,19407,31052,45492,14596,95655,35454,92377,72902,69661,85356,6873,4896,5229,3119,527,24
BinhThuan,12-05-2011,945076,95703,40007,09892,60064,59640,12343,14182,88827,71181,66445,90327,0039,4434,7353,4166,703,35
BinhThuan,05-05-2011,769004,15766,31410,38689,76731,91051,72980,26657,61725,29534,15431,35072,7428,3776,5307,4050,701,03
BinhThuan,28-04-2011,694981,51157,18298,88301,19751,66570,82995,78730,18556,58041,57025,57755,0609,5872,3567,6751,707,82
BinhThuan,21-04-2011,116754,57409,73440,71931,03239,22505,89533,84390,17628,20928,11774,36061,7876,3869,1960,8114,911,55
BinhThuan,14-04-2011,996708,66105,63338,87940,98333,57652,86427,14604,22740,56798,92938,69496,5358,4979,3800,9894,298,07
BinhThuan,07-04-2011,441248,20616,36664,77786,03741,56555,20061,14123,23461,22575,16899,45834,5976,5383,0175,8275,350,63
BinhThuan,31-03-2011,637213,68195,41651,31303,72495,96301,12538,74381,37207,27568,35526,34678,8074,0437,0846,9677,664,30
BinhThuan,24-03-2011,101155,89620,71071,33291,65477,73294,39025,33392,28665,79923,87117,58381,9407,6295,1746,7081,456,61
BinhThuan,17-03-2011,099061,94073,39494,86737,31017,42822,57868,82679,20386,23145,89794,96015,0883,0390,1638,7877,176,89
BinhThuan,10-03-2011,641186,92489,16933,69342,69792,50912,48136,20680,36815,66983,15100,19783,2715,8744,2039,1518,748,17
BinhThuan,03-03-2011,393273,39423,81970,09547,18845,93916,06978,50489,74010,67633,47626,04261,8491,6468,7976,5563,607,55
BinhThuan,24-02-2011,587744,20309,65273,92476,10514,98441,74323,45562,60839,18778,55402,88607,9222,7095,4199,1762,065,84
BinhThuan,17-02-2011,870249,35604,57210,11215,31461,99350,23106,95149,72652,79602,80514,13368,0480,4548,7500,7803,085,33
BinhThuan,10-02-2011,155353,48008,46756,45793,48118,17058,57754,11153,74101,86790,25530,80514,1522,3693,1748,2253,287,22
BinhThuan,03-02-2011,605768,64215,31877,48631,39278,03754,83647,29477,01986,24175,36516,02221,4469,7665,3456,4851,648,93
BinhThuan,27-01-2011,441511,38184,70452,00954,32483,45783,14135,10211,54708,99005,28637,11906,2799,3762,2185,9828,748,76
BinhThuan,20-01-2011,155477,02126,86666,58072,80139,08007,40999,86098,47359,96371,62863,93370,4285,9799,2062,0009,835,51
BinhThuan,13-01-2011,671540,06216,78451,30313,86852,22145,30539,38636,68620,83898,04914,72644,5715,5978,1979,8419,623,64
BinhThuan,06-01-2011,782524,85505,53719,97792,70897,12346,52865,00001,24788,30664,11082,84210,1525,9407,2633,1591,112,46
BinhThuan,30-12-2010,247516,55672,45753,51036,64955,36114,35132,66022,25351,41043,08413,39244,2362,0609,6319,3176,352,93
BinhThuan,23-12-2010,949924,36713,70274,56588,98307,45920,19991,04999,67915,02933,09855,52107,8666,6213,0002,9099,501,16
BinhThuan,16-12-2010,028598,35730,39905,92333,04868,07358,38872,75537,12905,25539,50216,11355,5644,1268,1731,1228,913,97
BinhThuan,09-12-2010,061702,47515,55810,44334,46247,84752,52559,53982,94887,32290,32232,21854,3455,6762,9633,4566,012,95
BinhThuan,02-12-2010,297340,10169,64523,40192,94263,01133,29240,60684,58284,74413,07261,75217,1072,1225,1059,9296,689,34
BinhThuan,25-11-2010,423892,76438,51764,07774,74294,01293,45873,16934,53705,77175,93794,30276,8492,7539,4970,1827,743,32
BinhThuan,18-11-2010,146938,39775,82227,50742,51877,79511,42628,43022,30581,93085,64182,17865,6014,1781,8497,0648,450,51
BinhThuan,11-11-2010,341593,95742,57014,61126,24316,24193,33966,91885,00453,74533,29739,36898,2332,3838,4182,3060,528,46
BinhThuan,04-11-2010,847896,33968,82506,32501,49800,35555,19017,00252,76585,84558,56326,94782,0183,6870,9103,5772,965,36
BinhThuan,28-10-2010,037334,66132,71696,74558,31775,37721,51200,26582,94533,30994,49547,20446,5842,5875,7566,6065,749,21
BinhThuan,21-10-2010,373610,10483,84249,68190,04373,75627,48474,08906,09626,37646,97534,13682,9536,7028,1153,7747,824,81
BinhThuan,14-10-2010,778948,13004,81657,89926,27989,59090,32054,69266,76073,57249,50632,23103,4740,3335,1589,4759,578,07
BinhThuan,07-10-2010,584247,11998,20407,90822,12780,39852,51716,56328,59296,30019,88193,75015,6029,6105,1025,3371,952,96
BinhThuan,30-09-2010,118494,75173,75209,30390,18046,83801,43504,31314,33015,72839,50078,90009,7984,4424,6276,3773,721,35
BinhThuan,23-09-2010,070991,59361,46106,04265,73696,47918,74980,98854,12345,53988,66923,40927,3024,3442,7574,9753,523,31
BinhThuan,16-09-2010,637939,53893,31859,81159,69496,28369,36879,17716,92749,59738,80822,97887,1582,6108,1650,4127,113,36
BinhThuan,09-09-2010,754903,69107,66622,07792,64154,84677,53149,75583,39567,53657,09785,34806,0224,4577,5835,2311,334,26
BinhThuan,02-09-2010,935700,30980,02725,55075,84006,40539,55220,82147,33946,81232,46724,83194,9512,1869,9566,1643,149,32
BinhThuan,26-08-2010,884360,24905,21539,05334,65604,30492,61303,63132,38755,35388,70998,06484,6633,3260,2263,2033,681,44
BinhThuan,19-08-2010,211165,71162,52975,28000,08861,04282,84311,04507,03902,84377,21892,42816,7390,3636,3720,6313,654,27
BinhThuan,12-08-2010,824864,51614,38263,61957,97322,94624,86531,04096,31808,76920,29987,10304,2582,4599,6116,1536,321,04
BinhThuan,05-08-2010,762343,52375,74521,53371,93679,83486,71325,22590,04590,24618,08873,53501,3006,5516,6850,1557,639,12
BinhThuan,29-07-2010,800682,25650,36530,28238,41179,66043,98963,09078,25915,99689,13226,91741,2345,2623,8214,8698,006,66
BinhThuan,22-07-2010,040303,64599,35787,32170,58335,03528,73365,68328,33920,61645,22770,53379,4744,8325,1620,5064,871,52
BinhThuan,15-07-2010,455255,52799,80352,76143,98351,82271,75763,10859,29903,44055,65909,66549,1679,6155,4577,4297,462,38
BinhThuan,08-07-2010,322042,60537,66126,18724,94369,36597,22196,36406,53436,16038,66706,79251,3840,6866,5463,0332,707,24
BinhThuan,01-07-2010,178830,84793,40415,58806,69970,95071,09611,21770,84630,81192,98689,05570,8447,3876,2743,9907,170,73
BinhThuan,24-06-2010,958106,77819,31361,69104,02217,08717,97374,87254,25815,16099,81258,78637,6153,9508,7080,9387,275,49
BinhThuan,17-06-2010,501628,26122,67507,73458,39469,87248,10058,36273,86124,19948,86287,20307,9733,8604,1286,4590,690,40
BinhThuan,10-06-2010,780580,33453,86712,56556,00956,40793,85881,21257,14210,65320,86258,12250,4236,2971,5297,4921,322,27
BinhThuan,03-06-2010,072371,09036,86677,84439,15864,45025,07504,71718,15311,60553,91912,78754,2957,1817,0360,3434,541,22
BinhThuan,27-05-2010,660005,90578,29861,95533,89076,18936,66383,20656,90386,96127,19607,29145,5679,4610,4489,6401,994,62
BinhThuan,20-05-2010,747588,25050,15778,59082,07780,57849,06593,75370,30606,64883,29742,11654,2427,6529,6071,4254,433,75
BinhThuan,13-05-2010,960400,15762,35651,90825,22417,48148,06774,48515,70158,35662,18593,00770,0662,9506,3042,7460,253,82
BinhThuan,06-05-2010,861940,56663,14671,63267,93988,24455,46296,31808,47056,35788,00131,45799,2727,5302,7636,4187,255,13
BinhThuan,29-04-2010,418365,27132,62129,45694,57156,92156,83280,85785,91219,82795,41046,40752,8272,5282,6875,7791,553,69
BinhThuan,22-04-2010,747003,37916,41138,30893,14666,72920,10861,78660,20749,85858,20226,72497,6134,6259,4315,5986,228,88
BinhThuan,15-04-2010,000347,55924,37647,50374,14956,71352,68874,78717,44638,11492,03165,65922,9977,1093,2977,4491,906,50
BinhThuan,08-04-2010,210300,02808,44771,15130,29800,68139,60203,61927,70374,68032,30008,94213,2185,7794,2829,8487,322,02
BinhThuan,01-04-2010,533950,78496,74998,90598,27726,91691,29439,57638,85776,40792,87645,07227,7718,0133,1975,2426,210,81
BinhThuan,25-03-2010,481695,69084,49499,02313,74699,83856,91457,31231,29511,91492,66118,06618,1237,9019,5133,0281,000,26
BinhThuan,18-03-2010,989853,46454,78686,22227,55741,78576,77333,01401,80027,43493,65850,99870,3357,1225,2665,0925,912,85
BinhThuan,11-03-2010,271559,73093,06003,60109,21440,72734,11576,18818,55980,21722,67586,40967,1448,6063,9640,9647,558,08
BinhThuan,04-03-2010,058142,30047,48613,19064,71301,78608,96435,98051,77460,33907,02077,62557,7629,0769,8949,4635,417,19
BinhThuan,25-02-2010,839549,06145,04832,70032,89137,15740,71786,33333,92313,26650,64189,92063,4553,7934,2005,4221,795,18
BinhThuan,18-02-2010,525890,96822,28732,69765,21157,67661,21915,15666,86519,41975,52225,61052,5368,5183,4956,5036,367,58
BinhThuan,11-02-2010,581811,45904,09885,69002,03239,56423,82179,17998,68895,63021,48927,30165,6264,4215,7728,3611,908,16
BinhThuan,04-02-2010,769062,29703,61457,29217,74310,85428,33173,81397,23860,81807,14473,88602,0930,8062,7588,8745,316,71
BinhThuan,28-01-2010,468111,92632,60513,37424,26429,31068,64820,52401,59790,01581,04351,75923,0415,0603,9875,7941,434,28
BinhThuan,21-01-2010,496731,25069,97000,28816,94133,63181,92356,69785,92618,22705,53995,73607,4756,3107,9904,9972,118,44
BinhThuan,14-01-2010,745669,67041,74711,48063,45531,15986,58130,24008,10615,24099,35401,33766,0725,1541,6066,2861,626,61
BinhThuan,07-01-2010,766647,81515,26946,41939,70577,27592,21113,99058,87765,82199,28205,01268,9136,6634,6628,4778,139,71
BinhThuan,31-12-2009,261798,65107,17109,69001,39021,66599,91357,99803,05753,72150,42055,41682,2449,3940,3764,2321,276,78
BinhThuan,24-12-2009,699433,60455,78597,02309,85468,51088,42690,14960,29346,92760,66446,10638,5626,5534,6951,0986,199,96
BinhThuan,17-12-2009,144851,67030,87633,65510,15272,06906,16989,12389,78561,59256,39227,08126,2570,4144,8831,9664,384,14
BinhThuan,10-12-2009,880736,79710,69391,35126,06605,15397,89037,02801,73534,67725,67219,34210,5849,4262,5448,9502,613,17
BinhThuan,03-12-2009,221185,17810,24791,25993,59506,12868,72367,15898,57188,12498,58681,14726,5482,7575,1905,0821,856,52
BinhThuan,26-11-2009,935788,57157,22971,28661,04442,77754,89919,76357,70196,26255,43102,16788,2172,0165,6024,1025,022,05
BinhThuan,19-11-2009,208382,07914,73653,97843,50607,79995,44625,31914,10390,78124,16745,91858,3763,0413,2950,9776,895,86
BinhThuan,12-11-2009,297878,54222,36703,30986,80930,68546,94427,84882,12277,37690,85748,91506,9513,1691,2746,0238,666,52
BinhThuan,05-11-2009,194834,27304,84974,62419,84651,16463,76004,29438,74072,10510,50812,59618,6816,8735,8825,1122,971,54
BinhThuan,29-10-2009,357679,29234,51000,19680,61815,28723,84200,92737,02948,35127,96907,90825,8070,7584,3292,5391,561,90
BinhThuan,22-10-2009,841142,01163,56182,06551,78930,77532,12028,99815,09512,01381,31127,55276,9441,2115,9446,7029,871,91
BinhThuan,15-10-2009,573616,67383,48722,19668,36058,32506,63614,41387,45217,29917,52809,25625,1117,1186,5564,9016,426,19
BinhThuan,08-10-2009,159921,42129,62022,71764,10845,67089,65962,40988,63974,49993,57876,00837,9324,9611,9835,9844,646,37
BinhThuan,01-10-2009,82334,37706,39748,66180,80741,26474,37368,11218,14200,61401,22180,76203,7504,4377,3155,2326,028,65,00
BinhThuan,24-09-2009,96914,54276,07424,69598,83113,65803,29021,93316,31276,81353,33964,71363,5909,7488,5936,2866,669,66,00
BinhThuan,17-09-2009,48206,90026,07058,85636,63582,83243,35697,60733,49408,85140,78546,97496,8396,6301,1319,3945,237,63,00
BinhThuan,10-09-2009,31988,94521,91948,04595,63852,29086,60871,05182,66071,48852,24895,72075,2517,2100,7700,0982,773,12,00
BinhThuan,03-09-2009,15503,65672,00087,89631,77507,75061,89723,08598,15923,84944,41978,72155,4606,3716,3519,2298,911,08,00
BinhThuan,27-08-2009,10871,38260,73052,83764,95285,94336,66548,25486,40973,69857,66974,37437,6390,5848,6029,6228,327,02,00
BinhThuan,20-08-2009,08214,12255,01660,18024,44492,13920,64592,95169,54742,24161,57296,59582,9885,0756,5530,8213,110,22,00
BinhThuan,13-08-2009,38948,16676,87618,78226,26532,32182,12645,46120,67160,90751,19575,01293,4832,5610,0940,2653,493,89,00
BinhThuan,06-08-2009,61611,42544,10650,76095,90520,05292,37598,69253,38227,44932,61571,21324,2373,8274,3147,7547,681,42,00
BinhThuan,30-07-2009,47540,80792,56362,91395,26895,78139,41851,51285,39199,75101,52971,36813,2526,9406,0388,3064,554,70,00
BinhThuan,23-07-2009,78420,08336,24598,72335,71230,32302,09140,10026,56469,66599,78194,32551,7175,0627,4442,8102,709,85,00
BinhThuan,16-07-2009,65447,39087,58317,63449,85585,00951,73030,59621,39257,13400,44242,86427,5961,7355,2892,4743,913,15,00
BinhThuan,09-07-2009,02151,59246,89295,93905,33110,98381,56368,68215,70282,72454,97313,74606,6736,7259,4301,7169,050,52,00
BinhThuan,02-07-2009,22985,52542,14784,63563,65374,68224,72468,34157,97706,96598,71382,32170,2343,8393,2374,7157,843,52,00
BinhThuan,25-06-2009,82018,41677,44703,16668,29278,23475,73498,01736,68961,66492,70693,65213,2673,7409,0713,9341,527,47,00
BinhThuan,18-06-2009,79528,68248,97487,27372,84948,55214,96552,43349,06447,29651,82578,40050,1713,3159,5703,7846,747,12,00
BinhThuan,11-06-2009,46932,64958,09254,54171,18275,97486,45986,57897,05108,31475,29986,91503,3290,6847,8953,7371,804,43,00
BinhThuan,04-06-2009,51454,63969,81455,26218,14945,42820,28682,90844,58462,12911,69408,78629,1008,4101,0751,1960,972,39,00
BinhThuan,28-05-2009,82336,36603,09253,68208,46529,89651,99665,67771,92854,56467,92764,20719,2014,2912,0940,1136,028,12,00
BinhThuan,21-05-2009,12807,43138,72459,85359,71518,32832,42984,03622,79825,40419,43655,10373,9724,2139,5124,2264,027,74,00
BinhThuan,14-05-2009,11126,49868,93273,02255,56341,77279,38183,51291,48263,35014,70259,64977,9294,7925,9157,5051,663,60,00
BinhThuan,07-05-2009,45707,10137,88990,25563,48461,06586,88497,42106,30223,72778,84586,92795,3054,4282,6645,2451,223,71,00
BinhThuan,30-04-2009,29089,55034,09276,53222,88168,34251,23318,88131,22117,12602,78881,98617,2533,9121,9587,6056,014,64,00
BinhThuan,23-04-2009,04065,63651,66919,20640,68207,01317,65155,49672,19451,10574,44747,95548,2418,8941,2435,3375,573,88,00
BinhThuan,16-04-2009,54956,07551,34680,70338,08862,51181,91347,49177,60162,61542,79985,73331,4992,0031,1993,2864,622,99,00
BinhThuan,09-04-2009,80125,33106,53589,63637,87711,42958,90387,62138,44473,05733,79609,40584,5205,6248,7808,9146,908,56,00
BinhThuan,02-04-2009,37285,23011,08242,96887,93896,96873,54844,44345,82521,27490,17459,89622,6860,8216,4199,3417,468,04,00
BinhThuan,26-03-2009,31719,32710,42550,94467,60537,43558,52351,89346,18980,24057,11695,11172,0795,9265,5217,6133,484,26,00
BinhThuan,19-03-2009,97465,86027,11713,64745,40807,84233,80280,58750,75827,09643,12868,77764,8271,0311,2471,5386,785,52,00
BinhThuan,12-03-2009,38671,30464,05162,57864,71508,03272,49299,96400,62206,15174,18044,00275,6965,9015,4592,3591,926,30,00
BinhThuan,05-03-2009,39104,49051,52331,44195,28291,72464,51406,93760,37246,93624,72594,47707,3803,6012,4182,8478,846,36,00
BinhThuan,26-02-2009,72385,76964,26127,28825,44841,79229,91788,76043,73785,37222,55631,18023,6527,6147,4725,7062,354,41,00
BinhThuan,19-02-2009,46328,16650,33761,09452,68520,16101,62830,82222,17365,04011,64913,75273,9596,3818,4707,3534,178,17,00
BinhThuan,12-02-2009,65097,17328,26007,04349,28635,66660,89503,09596,07666,73832,47468,69986,9784,7238,3623,7330,359,93,00
BinhThuan,05-02-2009,20700,28562,68845,22360,04890,99568,26834,50365,50226,66646,54344,89010,3969,1294,1406,4890,256,25,00
BinhThuan,29-01-2009,54819,57209,85733,02234,39087,53620,03834,53005,42430,51786,34718,99518,0247,8668,1961,7989,862,32,00
BinhThuan,22-01-2009,96553,76338,07315,53316,50561,23520,71290,47630,07879,09382,08306,30757,3422,2677,3070,0220,354,51,00
BinhThuan,15-01-2009,65764,95203,57657,42568,26068,00287,69081,74406,09467,39275,46601,70001,3332,1802,6483,1003,596,87,00
BinhThuan,08-01-2009,86415,60001,44382,50208,65315,70821,05240,03739,55598,42675,29957,96533,4027,4461,4663,1236,945,89,00
BinhThuan,01-01-2009,58183,57142,31944,92605,12973,06597,57632,35534,62304,81191,05999,61933,0787,1484,6740,4515,688,51,00
BinhThuan,25-12-2008,71898,09083,05449,92590,74756,28943,89266,16212,76261,03548,26199,27069,7503,8408,1251,9734,734,69,00
BinhThuan,18-12-2008,86332,81117,76107,29552,11137,69522,20761,08870,65393,56705,40071,09587,6721,6285,0011,6191,687,19,00
BinhThuan,11-12-2008,80799,46222,19169,20348,49590,98858,15275,49974,94115,47101,94143,72511,7529,1198,2327,5902,316,50,00
BinhThuan,04-12-2008,64256,88426,37590,66388,62082,53753,09209,83745,71951,49820,05317,97704,0521,2355,9607,2283,239,14,00
BinhThuan,27-11-2008,63838,84649,48885,17310,29923,69231,30697,31245,08055,62319,83702,36485,2338,9758,0851,1373,369,69,00
BinhThuan,20-11-2008,83649,45411,35932,73304,63112,52409,17041,43398,25145,78708,31495,23566,2761,9210,4722,5173,868,03,00
BinhThuan,13-11-2008,13672,19572,03808,39788,98324,81397,30622,01787,94899,01790,38574,28240,4019,0214,1282,0842,057,22,00
BinhThuan,06-11-2008,45679,66403,17973,69720,65339,38610,29117,31110,62532,28842,49820,21083,2204,1523,6866,5236,217,94,00
BinhThuan,30-10-2008,85125,40511,15431,10151,86092,63360,34590,26006,85367,64124,74070,59312,8630,7367,6407,6907,522,55,00
BinhThuan,23-10-2008,79453,86088,25352,72169,00049,20418,11934,62002,28657,87253,39937,44993,6191,3222,2393,8495,627,45,00
BinhThuan,16-10-2008,42175,05319,76919,52976,00763,79872,99477,53022,63996,24556,21245,68299,8063,5252,9901,7907,477,57,00
BinhThuan,09-10-2008,19863,66534,04174,37749,74658,86069,71740,15708,13614,32678,81699,26142,3390,2664,4194,5188,537,14,00
BinhThuan,02-10-2008,48644,19187,89759,40913,91710,29391,37216,30738,69050,68613,05120,94877,0037,6845,9947,9575,431,69,00
BinhThuan,25-09-2008,43853,48664,79111,83779,08401,48799,24430,28492,43537,30875,72628,32396,5153,5072,4031,6739,299,24,00
BinhThuan,18-09-2008,16645,44294,32533,39776,03632,01962,63894,06146,15326,54381,21842,87145,0168,4162,9791,6078,699,72,00
BinhThuan,11-09-2008,47509,26061,95549,44410,27840,71207,16104,12805,15103,55294,42212,61782,0758,6760,1287,2281,627,66,00
BinhThuan,04-09-2008,62995,70344,04594,76850,95021,91887,28187,37679,89283,42875,69375,05496,8649,4746,5270,7473,330,21,00
BinhThuan,28-08-2008,46837,01557,06893,34846,17359,27964,69774,96039,64805,41872,77989,54826,3417,2078,4214,2774,467,31,00
BinhThuan,21-08-2008,99806,16248,88263,93145,30595,47527,19610,61774,90208,92231,18998,97687,2781,2624,4124,0784,079,35,00
BinhThuan,14-08-2008,66305,68822,26374,29366,91336,89670,06462,94692,39816,55463,00881,15143,2252,5909,7928,3723,740,39,00
BinhThuan,07-08-2008,54267,87370,32045,15469,80305,82621,01862,24654,36998,94542,50958,23840,9022,6241,2629,0731,023,94,00
BinhThuan,31-07-2008,84363,25087,36807,14700,16137,60506,89214,95531,63569,08570,03108,26122,6070,3803,8225,2865,376,10,00
BinhThuan,24-07-2008,14540,64337,65752,00304,81223,21678,98102,70588,48252,90147,31473,74966,6999,0519,2961,4014,531,43,00
BinhThuan,17-07-2008,62824,21459,86065,98460,32199,72910,75472,44997,84302,12812,53336,21742,3039,8447,1624,1640,239,27,00
BinhThuan,10-07-2008,04497,14093,11004,15804,48152,46701,12374,07884,79403,38347,06082,42181,4575,7298,8709,1060,099,63,00
BinhThuan,03-07-2008,87675,47594,14232,95977,46082,05015,98988,27538,54509,46108,53794,62541,3698,2583,6056,0736,232,44,00
BinhThuan,19-06-2008,44022,50666,01452,92443,79934,53722,89167,17295,82945,44794,42693,77608,8187,4015,2224,4059,486,08,00
BinhThuan,12-06-2008,48016,22236,05806,61548,08315,41482,61210,22244,44603,24868,47614,55636,8568,8049,4703,2722,190,12,00
BinhThuan,05-06-2008,90744,31419,78537,93396,82320,20147,25653,09173,86623,22445,64652,53924,5723,8871,1654,1802,837,04,00
BinhThuan,29-05-2008,80518,24597,71434,24732,77699,06594,23352,00504,71855,32873,26888,67907,1978,1550,6913,2432,664,86,00
BinhThuan,22-05-2008,98258,11851,49460,20324,17554,02931,18417,56580,27929,66934,78416,06245,6609,0476,5808,7344,598,38,00
BinhThuan,15-05-2008,55409,37282,82331,18995,26258,48263,90509,50357,46755,08310,00413,79398,8980,4328,6842,0328,195,41,00
BinhThuan,08-05-2008,59059,58573,89916,47974,15173,50352,51197,46587,66790,19896,02843,32253,2456,8577,3210,9967,230,77,00
BinhThuan,02-05-2008,81729,22038,66959,36783,32277,64378,69944,12037,72344,28207,91163,99553,2449,2077,9122,4011,324,28,00
BinhThuan,24-04-2008,81699,12301,97479,40217,82573,82581,70577,13570,81895,42952,13880,7479,7327,0783,2919,5424,723,70,00
BinhThuan,03-04-2008,14455,05112,08074,03560,41056,15450,28545,88657,20950,34081,86832,8142,8363,3499,2083,1377,153,91,00
BinhThuan,27-03-2008,12866,22598,55714,00472,65920,11945,12712,37214,69680,26670,09382,3949,4242,0090,8378,6797,287,80,00
BinhThuan,20-03-2008,08100,82116,12247,72847,34049,76076,29557,59701,36412,27451,20023,0142,8846,3861,6003,9046,455,30,00
BinhThuan,13-03-2008,74919,43912,95517,49402,62512,63310,65422,80996,47399,10241,63183,0446,9854,9759,3924,1579,413,98,00
BinhThuan,06-03-2008,21401,67723,10932,53941,17952,00068,49338,84841,81081,53420,46455,5113,2651,8754,0659,4090,980,96,00
BinhThuan,28-02-2008,99749,15365,58188,34350,02028,82812,91812,01517,95605,71511,81114,2495,0363,4907,0329,7755,243,98,00
BinhThuan,21-02-2008,58300,86854,54319,79256,74804,63327,40026,34625,13153,49530,26066,4723,7441,8806,8944,9919,258,03,00
BinhThuan,14-02-2008,34186,34314,22044,18829,24224,46269,72202,10440,74127,38363,54748,2274,1072,3980,9867,3480,843,22,00
BinhThuan,31-01-2008,94321,32161,03426,31729,23854,38579,95632,67137,72456,84187,83255,8995,8294,2229,4303,8675,193,85,00
BinhThuan,24-01-2008,19151,65142,60691,07668,98948,97490,71300,79961,79607,80752,03679,4317,0905,1326,6306,5216,170,61,00
BinhThuan,17-01-2008,99520,45582,32166,47367,92612,60587,87311,40104,98636,55828,99666,2658,1356,7701,9941,8139,449,30,00
BinhThuan,10-01-2008,22278,77597,19895,81731,63233,11778,58261,80031,69660,38554,40012,6228,5417,7636,8717,4021,919,03,00
BinhThuan,03-01-2008,84852,53465,20593,11228,95938,40038,89671,13246,06486,62971,90041,8480,2702,4894,4899,3461,782,88,00
BinhThuan,27-12-2007,26078,97519,67207,31465,33119,32341,04025,06392,36261,82170,56669,83525,2470,3598,5815,4727,560,16,00
BinhThuan,20-12-2007,22361,86200,54137,49386,21149,76956,60532,28671,92323,99792,56053,70074,4028,6933,3953,1221,013,76,00
BinhThuan,13-12-2007,03188,29871,64351,28736,77502,84867,01747,29271,04424,33026,20732,62811,8329,1895,7092,4789,784,57,00
BinhThuan,06-12-2007,71896,51336,34442,67377,18169,79038,39081,99395,60437,05119,10457,61367,2136,4746,3964,6976,894,06,00
BinhThuan,29-11-2007,98148,16512,80177,09892,28168,18503,07396,25490,98053,86321,81436,64362,6537,1978,6197,8761,846,58,00
BinhThuan,22-11-2007,92931,56479,09368,29930,49706,00231,52923,48591,65723,81455,89595,11166,4468,0310,3670,1541,994,11,00
BinhThuan,15-11-2007,23175,23175,63946,69993,11225,20990,02198,00166,34450,06268,16160,33164,0974,8078,5394,5586,210,39,00
BinhThuan,08-11-2007,01041,08090,75718,85334,40667,28179,20892,17624,45589,93248,17286,52577,9132,2898,2271,2422,429,97,00
BinhThuan,01-11-2007,87012,62999,98502,09662,66377,05272,76691,13003,57127,47986,02075,97530,6211,7424,6184,0426,432,87,00
BinhThuan,25-10-2007,68861,07613,08769,97027,01337,80571,32334,24095,49434,24510,23205,18793,7907,3604,2496,8782,129,91,00
BinhThuan,18-10-2007,75894,12122,66102,37548,89810,00392,31022,21780,92759,83663,95057,56510,4456,7169,7788,1758,013,90,00
BinhThuan,11-10-2007,94521,11804,22407,56152,04104,32748,73448,39509,97444,54870,58704,79674,0548,8487,1209,7752,271,46,00
BinhThuan,04-10-2007,76466,13593,65100,02207,05883,61495,98492,79703,00108,23572,64818,14528,2668,8430,3672,2390,589,70,00
BinhThuan,27-09-2007,82458,14597,81263,40789,21147,17461,51001,72563,40329,35041,87923,02004,3663,7107,0123,1993,070,74,00
BinhThuan,20-09-2007,15931,29755,76672,66983,79620,51395,96769,98009,33113,01601,03562,34905,2745,6842,0675,7996,089,90,00
BinhThuan,13-09-2007,91689,16746,24405,03622,78979,91176,74586,03530,03889,09020,74299,09127,2670,0824,8338,3271,146,90,00
BinhThuan,06-09-2007,97992,25572,52622,05683,61183,56933,60362,28469,22742,39419,68015,77329,9921,2736,2563,1626,204,87,00
BinhThuan,30-08-2007,83624,33748,10502,71610,29316,17452,00318,92104,59537,91883,77375,61458,8857,9957,0136,5208,551,92,00
BinhThuan,23-08-2007,75521,03667,07176,37951,02183,29950,71412,54866,10581,07451,22832,82155,9723,8796,4987,2313,959,45,00
BinhThuan,16-08-2007,62767,77028,84354,78797,34409,69435,44723,45436,50472,19768,75837,12355,2117,3861,7875,3703,858,66,00
BinhThuan,09-08-2007,39957,90636,31062,21357,34217,79073,05513,47990,78384,56495,08221,15260,4329,7844,4481,1994,715,48,00
BinhThuan,02-08-2007,97623,19142,13065,02031,75548,16955,40969,83967,25030,44849,08858,99038,5347,2446,3879,2202,680,85,00
BinhThuan,26-07-2007,03251,02811,90865,67183,27020,94079,47201,98582,97707,43573,83512,63193,3632,5423,8348,0325,879,35,00
BinhThuan,19-07-2007,49337,60179,75270,72821,69911,32596,44718,24927,66655,36496,46670,40594,9421,2039,4933,8153,992,91,00
BinhThuan,12-07-2007,02086,97406,49526,99575,56955,98048,83693,49346,82766,64227,59525,34872,8759,7802,2701,0915,971,95,00
BinhThuan,05-07-2007,27747,42360,70544,79755,94357,80360,30302,22136,94927,27036,44806,67835,0597,8043,5771,5968,499,86,00
BinhThuan,28-06-2007,97030,24429,82523,80757,31825,98465,30013,18806,93626,55926,65608,66120,4410,6485,9694,9844,609,81,00
BinhThuan,21-06-2007,04269,58094,86863,40661,49249,01561,18203,02864,96652,06045,74455,28046,4177,3810,9386,6879,822,50,00
BinhThuan,14-06-2007,02700,58998,54621,20579,49194,00044,74572,49335,38644,74331,05085,66071,1268,6137,0429,1351,709,98,00
BinhThuan,07-06-2007,77500,55584,52520,22654,22888,32016,66366,72194,68093,33637,81209,14740,1451,4937,8489,3853,649,68,00
BinhThuan,31-05-2007,73171,17550,76029,39614,74217,36897,17950,31544,38771,90480,03292,86108,7327,0127,8782,4721,127,57,00
BinhThuan,24-05-2007,94454,39551,07890,30229,59455,81488,69496,52891,75632,41950,43430,63546,6295,4162,3909,5433,983,27,00
BinhThuan,17-05-2007,48273,95344,28573,09734,85905,53185,61264,23434,31723,48040,83774,48592,4133,0611,6878,5105,755,96,00
BinhThuan,10-05-2007,83756,84405,62497,78856,21591,25213,30268,98904,46850,57354,57292,48381,8276,7085,5871,8902,468,84,00
BinhThuan,03-05-2007,74720,35748,34141,85094,13869,46302,15918,57215,04968,06499,57710,94986,7726,0092,6402,7746,504,29,00
BinhThuan,26-04-2007,32066,86689,61910,86213,69552,30565,79703,95974,15170,32199,94873,21099,6590,9208,4432,4398,358,95,00
BinhThuan,19-04-2007,18967,67660,10451,99471,32441,08732,37197,88843,14164,37592,09755,54654,0463,8242,1668,8348,685,62,00
BinhThuan,12-04-2007,44805,09232,36914,06841,14424,94153,11187,83615,15237,54233,55937,97091,4877,8703,3067,2757,510,25,00
BinhThuan,05-04-2007,97979,06233,36896,86205,96769,63847,94292,21950,80892,78103,96788,61243,6755,6331,9689,7010,863,39,00
BinhThuan,29-03-2007,25006,98426,80520,65370,22815,91066,83522,64913,92135,72816,38448,76250,1635,9143,4881,0753,665,06,00
BinhThuan,22-03-2007,16901,58883,23967,39460,42411,95991,38018,64535,52450,84159,57316,35246,3927,9413,6045,2224,575,16,00
BinhThuan,15-03-2007,12539,25414,28920,91701,61458,15708,75888,81018,48096,61053,90706,87712,2243,3433,4249,5762,771,82,00
BinhThuan,08-03-2007,82650,06852,71991,76186,53099,82040,17820,61280,93841,91975,34579,17181,3126,8803,6141,3932,619,12,00
BinhThuan,01-03-2007,94281,91483,75630,09575,77011,29217,15269,43689,26179,09690,77586,69085,0918,2154,1776,5861,471,35,00
BinhThuan,22-02-2007,67363,99370,25473,40124,40274,59940,67511,47857,69166,49822,26015,18667,4985,5737,9105,9867,547,48,00
BinhThuan,15-02-2007,56624,83357,30722,86343,94492,26580,76387,85710,32462,63928,44818,03485,9739,7713,0399,4893,401,98,00
BinhThuan,08-02-2007,39056,22962,69773,79149,72631,89334,18903,47699,06002,19746,62523,26883,2729,6746,0329,1099,137,89,00
BinhThuan,01-02-2007,74845,41603,48671,20293,13385,19151,64867,84537,63077,57767,98365,17368,9020,9970,8477,0784,726,49,00
BinhThuan,25-01-2007,82094,96285,36828,39495,77216,66929,13501,63114,05672,80580,82607,93672,3334,4360,8580,8129,122,41,00
BinhThuan,18-01-2007,89625,63079,77550,82894,85208,78622,67746,74729,69244,88544,99182,16742,9536,9430,9524,0570,287,18,00
BinhThuan,11-01-2007,45774,60098,67887,62663,27726,60724,16673,33209,61241,50108,64654,19203,0208,9328,0506,9699,827,84,00
BinhThuan,04-01-2007,01692,06362,73332,00936,66535,58100,89370,36762,83821,75034,25989,60507,7480,5248,6708,3256,370,51,00
BinhThuan,28-12-2006,01849,15562,12430,83897,31548,90702,16913,19747,52582,81139,94890,05728,4727,0862,0791,4178,392,57,00