BinhDuong,29-06-2018,059557,25034,66478,26364,19092,62707,52227,32006,48332,62886,58178,07324,8392,9621,3209,6503,652,36
BinhDuong,22-06-2018,610812,13040,02581,17205,06974,09966,51432,71868,04925,09887,19710,33312,8598,1430,6522,6861,113,07
BinhDuong,15-06-2018,805380,13988,13648,28154,68480,47892,80849,31337,10421,43560,36645,35702,4378,7798,3919,3947,367,13
BinhDuong,08-06-2018,233040,85246,92037,88232,16589,67177,44872,46228,01303,30241,42158,75385,5692,9486,3480,8954,171,76
BinhDuong,01-06-2018,570454,98245,68900,77611,73741,46877,62831,70145,32833,13981,38257,63377,0439,9763,6327,6243,062,54
BinhDuong,25-05-2018,610660,03635,20571,71574,29344,69076,95402,96005,80486,54500,28140,65060,6232,7425,2535,0782,968,01
BinhDuong,17-05-2018,338337,15801,97007,37186,13053,76230,15907,91024,16331,20848,39279,43377,6113,9434,5294,7199,454,45
BinhDuong,11-05-2018,027386,79797,84193,52502,05619,55991,73399,79308,32271,61524,13497,99399,1346,9814,2826,3228,581,00
BinhDuong,04-05-2018,885468,90491,79568,20633,33908,59619,27706,50746,14303,91998,28277,49387,5972,9257,7863,0383,452,60
BinhDuong,27-04-2018,583511,20229,88170,52232,69620,09913,74040,92287,65119,88533,09976,69518,9081,8927,7361,6145,904,44
BinhDuong,20-04-2018,760227,25058,92087,23206,59636,47574,48064,40135,09338,12036,23024,19799,1716,9848,3959,2254,978,57
BinhDuong,13-04-2018,781491,66379,82557,72046,81137,01279,71629,29808,51224,19540,61772,75171,3306,1429,8116,4793,734,22
BinhDuong,06-04-2018,117462,98436,23906,93456,83559,88423,20391,44506,12958,76907,73270,63445,4794,6995,4645,8760,828,37
BinhDuong,30-03-2018,869341,29781,56897,40328,76940,13415,92998,56020,91922,87500,31495,78535,5822,7231,5474,3402,729,41
BinhDuong,23-03-2018,528996,40661,37160,30882,34478,09855,83329,39602,14025,06869,81230,32416,4989,1529,3939,0617,674,33
BinhDuong,16-03-2018,353726,86278,82940,13251,31378,82730,08400,98760,81463,47155,73325,89481,3348,0573,2414,4014,197,45
BinhDuong,09-03-2018,620242,01766,13620,60185,64996,92139,50952,14192,38946,36506,68980,51679,8241,8709,5983,2408,394,30
BinhDuong,02-03-2018,168554,60726,23319,32882,31279,89158,44943,29039,90390,46571,90316,47203,7955,1970,0946,5821,376,45
BinhDuong,23-02-2018,262598,11887,72466,09080,36434,53556,38867,74359,13699,24315,30242,51510,7190,4033,5719,4299,371,60
BinhDuong,16-02-2018,343744,45290,84314,01881,98800,50495,98030,74813,69795,02290,82972,75246,7384,2440,1481,9000,832,95
BinhDuong,09-02-2018,374812,24265,30973,06726,78541,91177,34709,99534,24575,28201,61128,08352,7912,3707,6472,8618,526,78
BinhDuong,02-02-2018,725864,19723,30265,63338,76063,68360,29764,13464,13848,91299,44264,60600,4837,3616,2747,0842,476,14
BinhDuong,26-01-2018,806483,30342,72189,56548,16905,54032,06244,42890,38540,59938,66825,07728,8612,9166,1282,4358,103,59
BinhDuong,19-01-2018,054250,38602,11118,81486,77284,26298,96227,10585,07981,00218,44264,22715,2827,9482,7057,9848,054,93
BinhDuong,12-01-2018,815462,86256,43583,42736,96090,92157,12597,08506,14751,34902,65080,01373,7529,8245,3891,6325,512,31
BinhDuong,29-12-2017,610539,67798,04685,68154,58926,85691,83001,23721,90639,18549,60263,10755,4497,3219,2087,6820,542,99
BinhDuong,22-12-2017,789060,19962,59188,82837,13509,46402,19780,35111,89965,02208,87092,58573,6390,3379,8647,5844,154,06
BinhDuong,15-12-2017,458231,30915,98237,45995,45910,98503,19192,72063,45097,84926,48670,98187,2616,0721,7044,8538,678,85
BinhDuong,08-12-2017,143019,28910,63168,60689,56051,20694,25401,48379,54574,23829,90762,62438,7640,9199,1822,9878,953,12
BinhDuong,01-12-2017,533129,79751,62465,93922,32557,96050,51933,81946,67049,57729,79894,85733,0882,7607,2394,2337,447,48
BinhDuong,24-11-2017,383812,48737,54429,78811,82573,69220,43705,48228,23648,89207,88067,00490,6459,7169,7740,1344,848,18
BinhDuong,10-11-2017,268879,00518,66860,69875,83068,62482,58759,53331,91533,26346,67758,20714,7715,3850,4339,7145,644,60
BinhDuong,03-11-2017,737554,42271,81314,11864,65696,57439,27027,54409,22127,68437,85496,86942,6750,8845,8048,1418,381,83
BinhDuong,27-10-2017,229954,77721,70984,27906,82540,25982,44653,05535,41892,66655,45524,95767,9450,7626,5048,4505,705,50
BinhDuong,20-10-2017,708182,52089,88624,34177,19970,68901,25183,72101,95575,75129,14353,73594,2774,7024,7140,5974,133,61
BinhDuong,13-10-2017,293086,94338,11463,32053,64117,16552,19703,31940,32053,35448,98925,75806,7893,9382,5794,6261,242,66
BinhDuong,06-10-2017,179670,05883,11194,58394,40161,73097,37470,47059,33581,08623,41308,79568,4014,5894,5387,7133,553,04
BinhDuong,29-09-2017,674915,34512,47244,93538,45170,86672,56839,41874,32440,92014,48966,57241,1979,2034,0521,5634,335,78
BinhDuong,22-09-2017,492714,95222,19268,43596,67251,73837,19107,84527,80490,07493,27813,04001,5141,8698,1868,5348,750,24
BinhDuong,15-09-2017,474533,46026,05119,41931,16256,11262,22697,08073,71353,89702,04888,40793,1350,2182,0358,6270,364,49
BinhDuong,08-09-2017,775673,92183,64539,17958,33211,30348,28944,89729,14663,85619,49674,81955,5993,6925,5500,0752,634,69
BinhDuong,25-08-2017,564542,85459,10403,82379,15434,85730,51353,40876,66933,00137,09958,53998,3225,1415,5453,3815,628,21
BinhDuong,18-08-2017,426901,35738,29109,02005,48619,55403,87976,87377,22739,03610,99236,97477,6215,6902,8765,0073,911,08
BinhDuong,11-08-2017,842975,66081,15627,44711,42099,20888,87771,15596,70811,02756,31815,80160,8761,6797,4248,1378,018,73
BinhDuong,28-07-2017,862040,71635,45530,26617,03958,05778,24913,64600,71736,12744,37253,10518,5542,2719,2668,2584,716,68
BinhDuong,21-07-2017,054386,31778,18696,68175,05908,64585,55856,67173,04718,29320,01939,80264,4536,0032,7201,9622,149,62
BinhDuong,14-07-2017,305809,97417,61033,19588,20921,92168,40219,19030,29617,72721,34364,36557,8014,5624,9308,1548,460,90
BinhDuong,07-07-2017,284770,18054,04387,58809,93999,21548,17923,07039,58809,45161,64234,58379,3185,7430,5086,1730,426,27
BinhDuong,30-06-2017,807494,48964,63085,61451,33462,80582,29932,55026,02092,20279,35916,23648,3568,4508,7905,2236,037,80
BinhDuong,23-06-2017,358187,78395,80304,18304,58641,99813,96569,98884,84668,56964,35991,54687,2284,1050,4525,7021,017,56
BinhDuong,16-06-2017,152713,96141,41975,59229,74262,11605,82198,56046,48843,81346,34278,38229,7590,5905,6408,4615,355,67
BinhDuong,09-06-2017,049924,12674,98154,57489,12865,08523,57345,95818,44298,62607,48016,91975,0300,4289,0825,7890,499,41
BinhDuong,02-06-2017,626348,58134,72583,10253,84579,48049,58475,76462,96225,92100,15726,66834,8510,0209,6912,0038,240,05
BinhDuong,19-05-2017,732294,49764,14499,09179,49561,40699,51806,80992,96446,47506,39097,06238,7815,1851,6602,6500,056,08
BinhDuong,12-05-2017,427499,80428,99775,48542,12474,37094,37138,77108,43523,79179,22603,33934,7346,4600,3278,7984,638,30
BinhDuong,05-05-2017,510511,44010,94387,23083,95190,95508,06345,53618,79947,95830,59074,96478,4345,9911,6156,6582,241,03
BinhDuong,28-04-2017,003803,76184,62148,79284,18904,81548,83280,36704,03630,24108,70096,35440,6091,6713,2385,8868,140,25
BinhDuong,21-04-2017,045494,69486,36211,72480,79854,80298,91502,75014,18888,64323,86701,35247,6544,8779,5198,7284,953,96
BinhDuong,14-04-2017,168080,99736,60152,42136,84399,65379,27254,50916,18593,30697,81282,87293,7269,8324,4839,3816,418,51
BinhDuong,07-04-2017,056119,70662,08077,54561,90667,47641,32729,48051,70194,52225,50846,81715,5750,2963,1441,7172,903,59
BinhDuong,31-03-2017,082273,90403,72577,92166,00927,65572,43791,44417,94806,28325,83206,37946,1121,7016,0599,0366,406,08
BinhDuong,24-03-2017,906040,66537,71356,94318,18111,43546,51958,74016,06191,99786,58188,83265,1283,2697,5516,7365,245,51
BinhDuong,17-03-2017,437393,09478,81914,27682,70834,75251,41886,47687,66080,85259,69605,24600,9565,7096,8751,2542,576,90
BinhDuong,10-03-2017,531805,01391,51981,88134,52148,74524,45105,65368,38943,27267,19656,24087,0683,4486,8482,3661,236,88
BinhDuong,03-03-2017,449563,43291,48934,16295,96077,19076,82432,92391,79360,94949,76900,75072,2870,1048,4050,4868,929,39
BinhDuong,24-02-2017,082311,73873,23038,85476,86144,55404,80261,35639,30029,20216,68917,10992,9822,4208,0975,0030,813,63
BinhDuong,17-02-2017,457609,18431,61929,32933,09952,06566,33810,58811,43750,73400,96790,70923,2784,6823,0837,0647,694,29
BinhDuong,10-02-2017,615641,36269,41951,81456,92260,27904,57467,37066,13275,12023,96683,86836,2812,2153,3752,9634,602,11
BinhDuong,03-02-2017,783852,61421,16123,25525,36907,40369,20988,99017,87894,45622,02976,13476,2864,2477,9939,0984,105,78
BinhDuong,27-01-2017,906088,96668,42141,91365,70018,95365,52153,70760,75253,49661,23991,26618,5445,0441,6162,2640,149,62
BinhDuong,20-01-2017,763344,86799,60373,64376,65042,69484,80878,51409,92977,13240,37924,37420,7856,8514,4163,1949,184,07
BinhDuong,13-01-2017,940369,02757,91677,81032,52316,46276,59622,02822,50721,92226,32136,05723,8750,1707,5337,3451,511,02
BinhDuong,06-01-2017,205733,41710,28063,57399,06488,05704,27327,35657,02072,41480,33770,08410,0376,5722,5661,6821,222,15
BinhDuong,30-12-2016,565136,09765,04007,26741,22893,99034,65398,05804,16711,04593,08622,81234,6501,3501,8117,4903,033,84
BinhDuong,23-12-2016,093055,60314,24766,00988,08458,94509,43175,16135,38365,10258,40671,62243,9216,2122,1521,1495,734,62
BinhDuong,16-12-2016,354347,49122,46881,22138,72659,25576,71687,64667,80495,72021,70677,01666,8615,0254,9042,6206,969,33
BinhDuong,09-12-2016,810545,66376,69749,93273,75229,19118,06619,40676,52044,48406,98669,68144,1199,3705,1459,5232,882,23
BinhDuong,02-12-2016,170644,53611,03464,72681,30470,72748,56537,64162,49444,53626,91453,33971,5722,6966,4502,4945,938,83
BinhDuong,25-11-2016,325770,87204,74184,64716,51933,31201,82478,08534,94631,33911,52035,16484,2756,5987,4547,4038,915,88
BinhDuong,18-11-2016,866243,78352,10881,11150,74593,14223,27778,25687,90279,21310,90305,92877,6900,1196,0039,3145,381,61
BinhDuong,11-11-2016,415722,14589,05278,72373,16313,88620,20219,61699,19164,83422,96311,73849,7387,1749,1458,6104,505,39
BinhDuong,04-11-2016,782383,09094,39567,97208,84994,60443,26942,36931,51256,30088,35601,49874,7852,1236,5844,3671,191,95
BinhDuong,28-10-2016,775412,19845,17157,87949,99128,44687,27268,82127,78740,45472,47699,17004,8534,4689,3531,4639,133,90
BinhDuong,21-10-2016,011235,26218,90165,99482,52348,21431,16897,31830,05887,59590,40851,12354,0822,8944,6636,3538,208,56
BinhDuong,14-10-2016,291623,73018,86725,19203,56808,97351,01533,51374,99684,20478,46137,54023,5255,2225,3434,6446,346,58
BinhDuong,07-10-2016,704896,87125,60942,90216,14013,18539,96435,25943,69860,25473,96319,89478,0348,5244,1439,0711,069,57
BinhDuong,30-09-2016,765235,37256,69005,97924,94135,70559,21769,88398,02847,28025,44839,36411,6482,8192,6767,2814,684,99
BinhDuong,23-09-2016,928389,85927,69189,81476,75757,27875,21869,93590,59053,77968,89154,18259,6835,3637,7248,9419,102,00
BinhDuong,16-09-2016,410269,64877,94845,33484,78308,80857,08964,42377,40747,86540,04826,17483,7280,3704,5484,2998,765,35
BinhDuong,09-09-2016,270062,08869,99510,92884,40172,34990,41159,71628,29001,42854,45589,38095,4725,6817,2426,3814,331,54
BinhDuong,02-09-2016,260460,24598,51670,56064,13600,69088,10791,72087,78670,22406,69195,37193,6132,4771,3941,8873,516,72
BinhDuong,26-08-2016,330597,97909,89507,59995,31659,04004,33555,24724,67954,44138,16525,61427,1727,4151,2075,7096,741,17
BinhDuong,19-08-2016,219563,24565,54360,73131,13946,58805,63630,07654,50695,79434,94832,45495,8110,9375,2938,4047,978,46
BinhDuong,12-08-2016,784121,65687,02824,81113,19649,89305,54987,85460,22614,99022,33071,95439,1697,3579,3568,8100,180,67
BinhDuong,05-08-2016,062042,80916,28345,21655,85364,89016,45369,43506,07618,05289,50088,39474,9051,3606,1140,7676,629,06
BinhDuong,29-07-2016,235259,67933,09181,59594,40891,80300,03935,25997,19538,76702,48024,59117,3301,4025,4366,3002,803,85
BinhDuong,22-07-2016,757585,10081,91311,41845,97811,36594,50763,95575,56576,86541,29998,47183,5496,9313,0589,6158,485,68
BinhDuong,15-07-2016,882144,82849,89497,95500,85321,87482,86128,77247,67966,53251,71100,53802,4896,6752,3070,2071,670,19
BinhDuong,08-07-2016,279153,86814,67990,61586,74245,07486,53787,33012,71596,60747,05890,07025,6761,7258,2745,9182,706,45
BinhDuong,01-07-2016,697768,86948,42156,67382,52624,45659,82394,13499,48365,12093,64618,72737,5670,3578,0589,0580,048,13
BinhDuong,24-06-2016,852803,10789,41451,21131,29212,95201,79700,89675,33494,28891,34489,91616,4711,8492,3996,4426,462,61
BinhDuong,17-06-2016,484286,46153,45385,82862,90403,91213,53846,00010,84710,36406,57414,52298,4422,9604,5290,1112,243,10
BinhDuong,10-06-2016,908811,38443,74758,58258,86599,77044,33750,63187,12666,06173,03696,74103,7787,2107,7383,2236,894,14
BinhDuong,03-06-2016,643939,69160,08637,98228,40115,10199,39908,43227,74894,99036,12136,87756,7950,8698,2987,2608,610,02
BinhDuong,27-05-2016,043492,69140,20003,62002,73724,94242,70521,22185,74593,77070,32311,09428,1644,4782,2904,7952,812,53
BinhDuong,20-05-2016,657637,76482,71546,24340,77855,18101,76299,89125,73694,58134,14339,86734,3259,4246,8056,7019,614,63
BinhDuong,13-05-2016,950155,12520,84626,18752,86970,05034,74977,60273,17528,53353,72902,43414,5948,9036,0526,2405,959,79
BinhDuong,06-05-2016,625838,38713,59051,01610,25975,16253,60536,18675,41223,13749,99138,37096,1660,7098,4547,9491,730,48
BinhDuong,29-04-2016,103444,57903,94611,65079,87678,59046,35125,96315,29036,11714,16088,75722,9832,2602,4439,8175,207,74
BinhDuong,22-04-2016,923982,95963,59090,52207,37249,43730,50385,28221,13148,47947,39132,44954,3787,1744,9286,5534,300,51
BinhDuong,15-04-2016,629646,50261,39441,37437,68244,39637,18822,98426,50936,85722,11524,26537,7897,6800,0952,5701,306,17
BinhDuong,08-04-2016,963907,48742,80662,85726,21252,86095,06240,72588,24571,73656,52290,80506,8332,6873,5395,4257,840,94
BinhDuong,01-04-2016,862587,70229,54647,81785,13856,50475,37979,89836,93777,90502,09471,53043,8268,8759,8047,8068,938,45
BinhDuong,25-03-2016,098018,52108,19237,63062,24543,63631,29260,85853,18714,97553,29478,93509,0224,5506,8380,8872,038,58
BinhDuong,18-03-2016,794584,31360,79870,79559,43265,33164,24475,36461,30033,97378,86345,64851,4840,1671,3260,5853,747,36
BinhDuong,11-03-2016,151671,78703,11528,40442,03899,06351,76574,38495,97867,29547,58737,14234,5349,4096,7558,2159,700,63
BinhDuong,04-03-2016,325741,97865,06306,78849,70209,77709,89281,41869,35874,96493,33468,25348,5941,8507,6556,6842,412,81
BinhDuong,26-02-2016,285984,85488,83488,11239,22330,14240,15780,44463,71685,14682,08243,28172,4958,0226,9203,7312,336,32
BinhDuong,19-02-2016,199368,79515,89412,61759,31500,58619,49297,57155,33553,71940,61896,13608,5045,1941,7295,6627,954,42
BinhDuong,12-02-2016,945806,59625,34326,82996,46428,83638,00606,72187,78576,39075,19891,64488,9422,0779,8946,3009,201,55
BinhDuong,05-02-2016,217650,15367,04175,15601,35947,73546,59067,95733,03127,49009,99842,39699,4134,4470,3087,6289,267,84
BinhDuong,29-01-2016,002841,49441,62644,15264,01632,29857,53155,12453,64699,80766,78602,37791,2017,7032,0498,5676,410,58
BinhDuong,22-01-2016,942778,77622,15647,33927,70358,36515,60619,37585,97887,79327,10775,49382,4959,7154,8089,5795,167,42
BinhDuong,15-01-2016,564292,16947,55382,17649,51990,49720,67397,82838,17901,92078,19429,82345,9686,7193,0971,4647,521,99
BinhDuong,08-01-2016,227111,43432,72965,14760,66752,28232,72653,07387,34533,94543,79128,15416,1540,6917,8241,4737,040,09
BinhDuong,01-01-2016,855150,95630,87467,96433,92949,84484,91049,67821,57620,25563,32699,60877,4234,6029,6155,9916,724,66
BinhDuong,25-12-2015,555886,94846,03791,76293,72715,14529,33555,90336,92565,08945,54866,89434,3155,4496,9563,6565,643,93
BinhDuong,18-12-2015,902915,89925,43089,01906,76493,64128,89119,64232,94969,90438,74702,78354,7055,8330,5820,4599,164,82
BinhDuong,11-12-2015,561525,77907,03918,58169,81532,25847,80360,14519,65002,42527,77005,54244,5931,8196,6646,9234,327,55
BinhDuong,04-12-2015,072541,16772,55083,00638,20816,97026,62110,76128,78202,60851,52260,75779,6572,6679,8561,2179,972,13
BinhDuong,27-11-2015,027663,52523,94441,57701,15505,04996,84452,09152,83557,01828,93560,24610,5331,7414,8299,0459,923,50
BinhDuong,20-11-2015,683293,66104,52775,45895,78870,11521,02686,30163,96281,22523,87763,55054,3864,4768,3593,3770,586,26
BinhDuong,13-11-2015,635595,61544,61395,50082,85637,97056,84974,92660,53753,37154,72107,74455,5656,2575,3606,7377,040,13
BinhDuong,06-11-2015,203021,13395,13722,38054,54843,84635,61216,76995,16454,09911,45253,81869,9897,0204,3981,0188,703,86
BinhDuong,30-10-2015,220324,51939,39563,21613,16440,55786,72217,65538,18415,23238,97121,34319,2740,8689,8083,1164,107,09
BinhDuong,23-10-2015,031366,25007,58985,14690,79703,90113,26432,51102,31617,69889,66687,02375,1169,8052,8512,3044,310,96
BinhDuong,16-10-2015,749639,34909,57112,99632,55309,39981,90104,65253,16231,98827,38805,35241,2147,6059,3796,8496,386,16
BinhDuong,09-10-2015,031982,81249,68343,61161,02970,93212,67336,09653,03124,38831,27705,35740,6702,7989,9433,5577,486,50
BinhDuong,02-10-2015,918494,20837,93076,26973,79526,20836,98128,16804,26044,44116,27272,91139,0029,0932,7270,6747,656,56
BinhDuong,25-09-2015,152742,13795,96489,59571,10828,89567,59356,59732,11797,84542,34487,99206,1327,1717,5292,4181,174,25
BinhDuong,18-09-2015,902910,01736,40482,36552,97400,39640,54462,50731,08033,94165,03121,71565,2096,9292,8436,3385,459,05
BinhDuong,11-09-2015,784727,09117,10060,22635,59861,13020,76519,87852,01922,55167,45826,87572,9941,0471,5945,3270,699,36
BinhDuong,04-09-2015,076934,50606,81966,13722,34400,94235,02046,55716,60752,70757,39517,41875,1979,9033,6306,8580,108,31
BinhDuong,28-08-2015,421195,55347,15713,68141,31695,35558,97730,39939,47635,76135,24376,33856,5608,3518,0473,9809,123,27
BinhDuong,21-08-2015,042332,10121,75109,29404,48221,47796,96811,81125,72274,19034,90966,34038,5559,4252,7555,5820,238,68
BinhDuong,14-08-2015,569547,69509,79812,90612,83916,71698,24887,02047,36186,76716,77349,58795,4760,8332,1125,8260,301,10
BinhDuong,07-08-2015,455962,02056,59457,37121,05115,06892,95956,09776,35821,04054,09712,95986,8681,9124,3933,4155,229,94
BinhDuong,31-07-2015,462189,11068,56289,46529,09455,76742,72160,66417,59143,42092,49418,47040,3492,5699,4473,3529,755,73
BinhDuong,24-07-2015,972454,48460,58329,01018,74197,03150,59930,95646,38654,49781,45172,92839,3486,0198,3283,3626,719,30
BinhDuong,17-07-2015,455076,95931,56721,23576,19705,70340,05236,89413,64867,41808,16937,20918,8703,0695,6685,1961,173,72
BinhDuong,10-07-2015,570448,51572,57930,23333,99064,36457,29607,69723,16674,34564,56615,89028,0819,8452,7576,1415,914,27
BinhDuong,03-07-2015,742607,05356,12591,21211,59933,36848,66500,81846,00770,06861,63264,67932,3020,4825,4779,5776,450,55
BinhDuong,26-06-2015,160696,28522,15452,56445,02863,78597,14302,41779,19761,01193,66385,08727,4141,0233,1520,9033,152,78
BinhDuong,19-06-2015,745488,23848,71181,69337,70397,71084,56358,71210,52592,74867,29309,51503,8117,1926,8313,8529,057,99
BinhDuong,12-06-2015,583893,15602,85531,62266,29491,06022,05012,07800,58496,78418,60961,93968,9437,9640,9927,4337,627,39
BinhDuong,05-06-2015,843019,21978,65860,55189,88533,59203,04142,87941,39571,36694,98209,17689,9208,9673,7392,7614,109,80
BinhDuong,29-05-2015,283800,39301,96735,46185,85307,89895,49292,84600,75581,39908,79123,16988,3317,4063,6482,5495,553,59
BinhDuong,22-05-2015,856645,97896,34224,07557,71015,72321,74056,28861,12940,19071,96052,81353,8068,2326,8146,5332,231,50
BinhDuong,15-05-2015,470814,60020,52584,00913,39624,25841,44906,20270,46742,84234,54410,30251,9271,2324,4470,6841,742,01
BinhDuong,08-05-2015,586688,52528,60212,76425,14040,06755,19628,61784,31269,67285,58323,12381,5265,7583,5035,6957,559,01
BinhDuong,01-05-2015,420420,49071,19367,74657,21149,15061,98297,14386,57934,53817,86482,27283,5860,8216,1188,1051,687,15
BinhDuong,24-04-2015,739030,29016,26873,09198,68034,70846,69892,51217,25785,19207,80765,83739,9032,6222,1309,7217,997,12
BinhDuong,17-04-2015,887312,97142,95818,41081,69249,06454,64627,11725,13690,74172,95029,73021,3026,8409,3266,3571,424,25
BinhDuong,10-04-2015,283498,59974,34910,06456,76780,08010,84816,64562,26260,36892,33301,14072,0887,3900,2488,7086,867,80
BinhDuong,03-04-2015,282706,57123,10491,79439,37323,71331,08443,39883,59206,88921,95221,24248,3240,9998,7066,6442,196,32
BinhDuong,27-03-2015,257469,30477,17246,43165,81898,18994,62638,62369,54690,16218,19710,44144,9775,6398,2275,7070,224,96
BinhDuong,20-03-2015,390125,67470,33622,10763,16830,01547,49698,67027,11086,48832,40734,25551,2386,3560,8871,9252,042,34
BinhDuong,13-03-2015,546348,06531,07104,00181,65703,28301,03697,49037,36452,50504,16516,16686,5379,8509,6708,1330,454,10
BinhDuong,06-03-2015,696941,06483,87684,60624,66584,84875,39579,80164,58246,77847,82144,50532,0182,1859,5203,6119,409,66
BinhDuong,27-02-2015,965266,51396,74091,28439,17728,95418,20825,88312,93175,89774,84479,07365,6564,6155,4896,9503,720,11
BinhDuong,20-02-2015,618478,07569,21497,37950,66858,93045,43941,51532,46141,64203,51903,07356,9055,1760,0178,7949,124,04
BinhDuong,13-02-2015,103306,15420,26003,61815,93450,30991,57524,57482,00105,79128,52263,93919,3228,1878,2696,4610,111,74
BinhDuong,06-02-2015,964483,02268,19234,63534,91685,44836,46698,03752,26701,56269,59524,64559,5316,5841,4961,9388,290,23
BinhDuong,30-01-2015,705978,65369,99330,47683,70914,41956,28314,13256,46946,18954,41816,04839,2984,7074,4368,1044,236,80
BinhDuong,23-01-2015,953018,06555,04377,42388,90898,23238,21586,31071,54757,24440,63875,20641,2409,9863,9665,8724,285,01
BinhDuong,16-01-2015,840031,09223,09719,56992,70739,62400,99524,40552,88664,37468,69856,06476,3679,7312,2439,7012,471,90
BinhDuong,09-01-2015,374400,94850,55023,57549,94051,57909,77804,13784,35183,18155,16223,36377,8132,4607,1752,9753,986,33
BinhDuong,02-01-2015,350353,33206,23540,23027,09414,25869,10558,41400,92713,25452,14724,48946,8341,5736,3201,6290,801,04
BinhDuong,26-12-2014,694207,96751,56260,18578,83563,43715,56799,58003,96183,28652,67544,46455,9577,3476,3676,8300,883,18
BinhDuong,19-12-2014,518278,27202,84539,03914,24968,68580,42175,67527,74536,73234,72333,80903,2433,6423,6139,3209,350,55
BinhDuong,12-12-2014,843822,49268,44326,21588,96808,54094,35073,66126,84516,51733,34269,74737,2289,4917,2754,2686,236,92
BinhDuong,05-12-2014,419674,49904,26082,57784,67397,82033,84418,02064,07962,69453,70271,02356,2070,3698,8051,8497,728,18
BinhDuong,28-11-2014,210170,98526,80048,48077,94657,10471,64386,83296,10113,98637,84523,77904,7277,5476,0030,0223,341,58
BinhDuong,21-11-2014,627543,79596,87206,42592,57574,58721,73683,48534,11167,43769,53575,41683,0635,1965,9782,7079,910,56
BinhDuong,14-11-2014,225287,72254,06850,03320,19026,69236,37726,10652,69491,24451,92246,77627,3442,6709,9341,5432,801,49
BinhDuong,07-11-2014,321001,88453,90574,59888,70025,72757,00879,95897,10173,36098,11083,93658,6969,1211,0826,3857,497,71
BinhDuong,31-10-2014,499776,59971,92471,61720,16232,22593,59303,41525,95942,54258,65819,87204,5726,0257,2594,3822,582,57
BinhDuong,24-10-2014,990024,01628,17250,35866,54982,47477,25120,92230,05543,87844,02493,07531,7510,0741,3272,4967,877,08
BinhDuong,17-10-2014,432339,56937,85157,08064,22047,97661,56339,01188,74176,51495,83905,94511,5617,7126,9039,5900,159,69
BinhDuong,10-10-2014,438962,33238,44329,05359,42798,62413,17646,77944,50218,23808,29291,91388,4453,0241,0421,2928,618,16
BinhDuong,03-10-2014,034285,60768,03969,47145,48146,52062,67912,31180,16679,34085,43531,80718,5501,2493,6373,8730,364,30
BinhDuong,26-09-2014,141437,53024,81443,38536,47787,46385,37440,91998,12637,56087,93039,35049,4070,9188,5649,0813,419,05
BinhDuong,19-09-2014,521858,44882,16995,11938,41124,88801,14893,95179,47651,90107,01487,21607,0102,8601,6592,7189,745,57
BinhDuong,12-09-2014,033082,53196,93269,36334,19620,20501,16408,07085,16074,17686,90631,66121,5100,9453,0649,9282,766,65
BinhDuong,05-09-2014,776709,90127,73065,30923,38428,02319,07644,16992,02410,34657,88126,36178,9102,1561,5805,3691,429,15
BinhDuong,29-08-2014,529709,93755,79886,82846,27170,35265,68071,66534,96263,42489,68194,25742,1848,5272,1885,8410,584,05
BinhDuong,22-08-2014,770243,54446,27921,09095,36898,57502,02882,66506,89910,49356,61182,19006,3002,5668,5064,1476,773,78
BinhDuong,15-08-2014,429159,53321,75736,51980,90207,55812,86177,47874,66837,57463,26038,37310,8418,3619,6544,7411,815,77
BinhDuong,08-08-2014,552602,98414,30157,57894,97590,77756,64666,65902,25361,19821,11547,23422,8547,1695,0955,7576,896,83
BinhDuong,01-08-2014,165216,59241,47735,39596,38613,31117,73187,96276,93639,09523,63457,12268,5561,8773,4316,6289,045,66
BinhDuong,25-07-2014,974278,79708,25676,62748,08802,49087,32806,39186,41190,00200,61790,22610,5172,8189,9494,3389,253,30
BinhDuong,18-07-2014,201464,09985,97023,49809,61847,07273,91780,17982,88500,63695,83653,42168,5629,6080,2691,4763,048,73
BinhDuong,11-07-2014,826907,12133,66738,03492,09784,81110,84135,45252,19499,12070,79646,12700,4232,9283,4133,8217,262,68
BinhDuong,04-07-2014,608027,52923,97093,40714,00525,32061,31903,35098,40806,86028,43848,94336,8875,5233,3393,0561,484,69
BinhDuong,27-06-2014,181674,47747,08375,92135,02937,80223,02246,86404,50223,06816,90067,07724,7778,0415,2359,8501,842,45
BinhDuong,20-06-2014,283669,36326,15840,37497,56791,36881,13354,17457,48664,55586,16480,94831,4684,5835,5139,6042,196,43
BinhDuong,13-06-2014,778261,55883,42245,79148,38514,86933,60590,96928,31615,08475,40750,87925,3249,9240,5534,0396,576,02
BinhDuong,06-06-2014,526040,72079,10114,36132,84919,99831,78369,69098,29980,68682,84866,83987,2849,0484,1191,7657,187,76
BinhDuong,30-05-2014,768434,88396,05494,98915,11953,41489,50090,49272,50279,21106,30270,73620,3594,1684,4479,0418,216,97
BinhDuong,23-05-2014,001449,06760,43114,96117,32906,04438,93431,86733,75924,05608,06135,96918,5780,4354,9858,0178,841,75
BinhDuong,16-05-2014,780781,96748,69192,91661,86397,82328,77662,16569,58706,13366,67187,00809,4348,9914,4226,8975,437,46
BinhDuong,09-05-2014,548116,41325,72031,37238,70391,50511,18962,26011,83239,88500,73460,77717,2974,8326,2633,9079,015,84
BinhDuong,02-05-2014,680604,77603,83993,37826,31447,23142,60987,90417,56771,74838,10555,40959,3954,8128,0937,6508,807,37
BinhDuong,25-04-2014,289556,31012,05020,43834,48471,79367,79925,48335,53434,65607,52785,54776,8752,4986,9173,4356,740,93
BinhDuong,18-04-2014,719412,79107,60037,72795,95580,06210,19550,35569,22525,28745,20552,96485,8701,0323,4571,2542,156,91
BinhDuong,11-04-2014,810784,14677,00922,82082,70759,33152,04862,80271,04284,83368,74783,17676,6885,9186,6857,6359,222,01
BinhDuong,04-04-2014,681923,07760,62588,12956,97946,92706,88460,87486,25392,46372,48223,65949,3065,1922,4577,6124,810,20
BinhDuong,28-03-2014,246144,16513,90322,96490,14066,03690,99690,41449,26528,36981,63519,06414,7991,6513,9422,0345,493,40
BinhDuong,21-03-2014,871216,45427,88487,33234,47141,00619,37753,99156,86196,90282,17776,50425,0762,6314,4533,5545,228,78
BinhDuong,14-03-2014,631040,65424,39543,62557,76130,71487,28562,16298,85818,98556,66692,27951,7924,5623,1642,6480,516,79
BinhDuong,07-03-2014,821878,12308,21137,29285,06689,74308,33708,67236,28763,10481,64151,00942,9275,3824,0404,7338,077,26
BinhDuong,28-02-2014,630960,99152,77059,07941,64396,74743,83363,63152,90568,54074,39387,14108,1258,2773,4856,3059,383,18
BinhDuong,21-02-2014,415744,28276,61146,71058,20710,56060,90329,19919,12657,27754,60845,64171,5275,2159,7758,0761,641,99
BinhDuong,14-02-2014,489543,59021,36040,28772,92622,81874,67041,91181,31828,03302,81424,61814,2536,9446,7973,8854,471,84
BinhDuong,07-02-2014,195750,75712,48826,75515,21899,21349,03305,63855,67034,44344,63485,40664,1784,4042,7252,5871,313,86
BinhDuong,31-01-2014,956148,09370,90738,27158,04320,59383,17333,40070,40284,24568,81741,93692,6111,3599,2529,4965,392,81
BinhDuong,24-01-2014,757981,79279,81666,46265,53020,89478,47553,38654,72482,77721,83548,48118,9183,6915,1269,1194,850,66
BinhDuong,17-01-2014,513136,08414,57803,27274,63939,92595,53904,41912,18115,93632,93418,20629,0176,4568,6342,9284,940,47
BinhDuong,10-01-2014,803448,08053,07982,34598,36569,82250,78435,70143,98956,83344,12324,04967,3120,9155,0345,9427,234,85
BinhDuong,03-01-2014,912624,15818,95453,42689,48341,36379,90971,82740,32811,29741,39390,00498,9324,7764,9843,1004,147,20
BinhDuong,27-12-2013,648714,37402,36308,67389,26970,00108,25251,04900,10565,78917,17541,95816,2977,1406,5143,8080,861,92
BinhDuong,20-12-2013,360332,00159,23708,34353,72238,80361,95028,35484,97585,21768,64129,59170,0626,6221,6051,1422,190,64
BinhDuong,13-12-2013,661379,93890,84361,41117,87540,41079,02245,14353,02196,32525,71664,04783,3852,1381,4410,1690,938,29
BinhDuong,06-12-2013,610815,47915,36327,06481,47643,96181,61754,28349,37587,94354,09770,04106,5823,7267,8830,6787,686,87
BinhDuong,29-11-2013,458498,27986,08688,55842,33347,10223,38132,42925,90026,12268,60745,79558,6184,4664,0078,1554,330,34
BinhDuong,22-11-2013,774544,95312,47482,14700,98059,83992,19654,38486,85816,28685,10514,41144,6089,7534,3684,4296,665,96
BinhDuong,15-11-2013,386194,40480,98324,76118,39191,04392,26262,26110,12120,21911,07275,83605,9070,2311,5065,3966,249,22
BinhDuong,08-11-2013,541014,18849,40015,04992,90601,80969,31347,88419,17279,84893,87423,74298,2301,0264,1852,6692,218,13
BinhDuong,01-11-2013,967593,78299,92777,00585,23321,09241,50691,04686,17396,31999,97717,92698,8589,5396,8745,1769,152,32
BinhDuong,25-10-2013,902502,03013,30138,25757,37621,49345,81255,47580,14556,92085,17652,65316,8814,3656,3605,7025,532,79
BinhDuong,18-10-2013,412797,03089,04143,93915,20528,11146,89324,53156,34492,30124,95577,06147,9494,9167,2766,8925,332,14
BinhDuong,11-10-2013,648708,52116,64718,90987,54857,27916,90363,16136,17151,71760,90732,60133,4397,1956,4681,1548,011,44
BinhDuong,04-10-2013,783995,89849,32866,28740,32981,29661,41843,34184,12650,23628,56622,67267,9884,6176,0075,0747,548,14
BinhDuong,27-09-2013,917086,35439,83318,64597,73084,21054,59259,01635,83421,39036,64195,02652,8932,0483,0151,3032,062,43
BinhDuong,20-09-2013,153910,51910,77094,12467,10165,30424,32815,57805,25599,60716,84906,16329,8621,9308,5171,2135,050,10
BinhDuong,13-09-2013,586920,50757,23281,71882,46419,87332,70004,43230,71910,03362,35975,01480,4248,5492,2928,4985,547,77
BinhDuong,06-09-2013,531273,88386,40719,29089,71131,25036,19790,96973,62615,26261,39542,92044,1603,8945,9777,4736,862,81
BinhDuong,30-08-2013,097019,51658,52364,65047,04566,54016,15228,99800,88462,52890,97322,86537,9711,3010,2124,8508,296,39
BinhDuong,23-08-2013,445501,39904,67319,49430,00343,00575,94659,97393,27957,82373,77315,38945,9373,0183,8656,7552,104,51
BinhDuong,16-08-2013,283947,87212,14388,99505,94951,40890,56382,58985,92505,14968,61940,70768,1524,7527,1322,3423,062,71
BinhDuong,09-08-2013,025612,89771,87934,58383,77722,24005,79114,66338,76750,11637,52343,33112,9782,5695,8237,1639,840,17
BinhDuong,02-08-2013,596088,79669,83956,49139,94300,17332,86305,65390,92356,18008,13938,34484,1537,9096,6026,3329,812,72
BinhDuong,26-07-2013,873988,46253,89110,33451,97906,24971,07197,07099,25069,50262,92322,36009,0973,5369,4985,6877,678,48
BinhDuong,19-07-2013,861178,11874,13893,84530,93274,03908,39703,33863,82916,73494,93402,67778,6134,6949,9488,8588,824,89
BinhDuong,12-07-2013,774175,98092,90313,90642,21180,29608,23066,57224,94912,11655,43673,42151,8231,9650,1522,2304,273,42
BinhDuong,05-07-2013,583004,49655,76159,69357,12001,08762,30881,32185,14490,56726,65085,07054,7552,6033,4794,4721,141,26
BinhDuong,28-06-2013,340351,95984,76826,81713,50616,08359,65786,75139,64447,92241,64729,05121,2230,0051,0865,6139,369,56
BinhDuong,21-06-2013,440206,49598,33896,76229,49309,94738,11495,56873,64720,87595,03516,09219,8174,0708,1551,6955,096,34
BinhDuong,14-06-2013,429802,56722,28733,88343,76554,70577,35947,09583,51383,92310,52461,47219,9117,3038,0117,9240,905,07
BinhDuong,07-06-2013,201001,19000,31369,03396,92772,99654,13609,38913,05353,67137,51953,21715,6641,9645,5885,9794,206,71
BinhDuong,31-05-2013,533984,70769,80989,88299,89464,92492,99444,54975,66656,89280,51204,89354,2426,0171,7679,4328,586,06
BinhDuong,24-05-2013,640972,79281,37990,00083,54054,64444,46574,39094,73144,75920,14611,72934,6718,5614,3280,5173,022,57
BinhDuong,17-05-2013,612384,07301,17483,63127,13925,62089,64443,53572,24072,56152,20532,47984,9633,1669,0085,7674,172,28
BinhDuong,10-05-2013,420394,13175,77478,75758,75196,42766,64478,24491,14643,93275,28448,93116,7838,1104,3630,0776,375,91
BinhDuong,03-05-2013,807535,49452,90264,02351,74514,71972,67543,61729,81057,27167,22632,47264,2297,4634,9443,0209,476,53
BinhDuong,26-04-2013,587084,24528,05794,79453,37419,61617,63176,59689,93147,92889,77490,76336,7263,9817,7215,3646,253,41
BinhDuong,19-04-2013,808524,13238,61183,77966,74758,47474,12133,08927,83242,15599,38750,51564,5524,8034,7891,8049,286,59
BinhDuong,12-04-2013,971335,22051,99806,75510,81735,49296,94520,13905,19867,64805,98977,36350,4915,8557,5539,8620,292,24
BinhDuong,05-04-2013,860188,91089,42339,69350,19714,85629,61899,20763,89899,47287,85286,65794,2242,8665,8393,1626,545,93
BinhDuong,29-03-2013,757850,96004,14687,05584,07371,24863,07017,39210,64612,41766,06963,69451,6171,4418,1085,7307,744,82
BinhDuong,22-03-2013,030973,22880,26717,18183,36844,87327,00590,33670,50712,60383,58499,56602,3506,1526,2319,3183,119,54
BinhDuong,15-03-2013,325208,67187,72614,48270,29831,16009,74722,57572,41840,43030,87071,63252,2090,8113,2580,9879,636,16
BinhDuong,08-03-2013,374187,19739,86454,07019,61915,20699,49981,16382,27235,94382,24725,09151,5478,7464,4115,9552,712,35
BinhDuong,01-03-2013,713568,76078,69202,77632,99283,37894,86246,63585,09082,57687,63364,13391,1916,1701,0162,6674,618,35
BinhDuong,22-02-2013,482243,41355,03061,71251,95558,19786,10773,19572,78311,09322,90581,97772,0425,8832,3920,1998,031,29
BinhDuong,15-02-2013,441715,58107,77035,16188,46415,09659,67249,17913,18684,28942,10788,22317,4250,6300,5827,1450,187,04
BinhDuong,08-02-2013,009053,36036,28536,17008,57226,18666,24390,44815,46930,75408,30815,51414,6819,6033,0193,2412,666,72
BinhDuong,01-02-2013,542142,84215,94678,53443,38958,33414,39675,26745,14589,95753,17463,53052,3839,7075,0770,0277,134,64
BinhDuong,25-01-2013,725047,34142,67048,57063,71212,71074,94965,06275,12016,68758,99978,23528,1721,5197,2644,8071,327,17
BinhDuong,18-01-2013,103175,07574,23241,67098,22512,06710,07960,00460,93372,83358,96423,23762,2021,3072,2132,8106,506,60
BinhDuong,11-01-2013,338757,39368,05186,82540,43767,53808,49706,06513,76621,14800,27307,14154,3214,9653,1267,7776,018,47
BinhDuong,04-01-2013,451536,17593,89110,07969,28419,69976,04144,83966,59206,87329,83311,65047,3108,6128,7139,0008,041,26
BinhDuong,28-12-2012,571802,59662,16931,75992,80940,59724,30054,25291,62208,79875,67863,68415,2104,6845,8831,3229,774,53
BinhDuong,21-12-2012,429126,89961,28786,53822,23658,11575,73625,02378,66542,70916,29311,64517,2417,5667,2884,0223,445,68
BinhDuong,14-12-2012,883866,58854,72455,33095,39829,26582,60682,64796,10830,96511,17645,61735,8584,3749,8953,2210,114,54
BinhDuong,07-12-2012,856186,37137,23245,70439,53997,83755,23824,28713,33808,89794,63182,71977,8352,9065,1874,1645,913,77
BinhDuong,30-11-2012,809488,62303,54868,30715,48657,69412,92616,86856,34076,92929,93125,07464,8465,5114,3794,8515,275,78
BinhDuong,23-11-2012,032100,30599,38454,01028,06330,52632,15174,33273,93214,41626,20544,62925,8315,1245,7887,3901,921,81
BinhDuong,16-11-2012,620735,87422,61267,08079,41311,22185,01941,21946,68873,69610,62638,93654,9482,9210,9889,2359,186,28
BinhDuong,09-11-2012,014472,46375,84314,98591,47894,25904,98856,68396,35913,87237,92819,47012,4489,8093,9753,5475,909,22
BinhDuong,02-11-2012,501038,90496,53825,71889,54826,87387,04908,03549,53701,42799,78155,63270,8175,7968,6817,4477,097,19
BinhDuong,26-10-2012,511981,77812,46670,29903,95371,50477,94880,25898,37044,69788,43411,46195,8705,3315,7303,7338,156,37
BinhDuong,19-10-2012,702549,37177,50639,20591,38092,39039,29407,65013,71501,69931,92824,13522,4513,6939,1790,4823,515,48
BinhDuong,12-10-2012,129765,47281,63779,70582,01706,14287,04976,80586,87675,53161,85003,69549,9685,2947,2296,8777,121,77
BinhDuong,05-10-2012,077047,12106,26588,65999,34433,66309,99890,39226,52348,83259,69994,06409,5616,3583,5734,4779,812,76
BinhDuong,28-09-2012,888789,48326,32365,58613,38180,89978,02414,46809,02144,71259,48229,14627,6985,0502,9749,7075,343,99
BinhDuong,21-09-2012,440645,40354,06023,09509,85316,31335,03784,26560,82128,18664,82298,93789,0116,9093,9657,5241,812,59
BinhDuong,14-09-2012,289794,89614,23039,44480,33453,36433,37412,73219,24258,47657,34728,22951,3206,6704,7679,0228,248,73
BinhDuong,07-09-2012,154092,18869,74791,81559,53591,61862,83427,61733,10912,65985,11862,90292,3147,8333,7875,2052,561,24
BinhDuong,31-08-2012,834683,70640,64937,39340,58487,20289,59050,03290,35677,84883,35009,34555,3570,2339,8874,0035,229,06
BinhDuong,24-08-2012,177719,39873,13884,09262,36382,33706,05173,19738,64374,62325,44640,46581,5134,5382,0846,8387,484,71
BinhDuong,17-08-2012,459891,57191,68813,17596,77856,77936,94081,32344,42135,68098,96029,36333,7277,0801,4858,2405,132,23
BinhDuong,10-08-2012,068327,61820,91637,72954,02853,21455,21613,87539,98381,53450,38043,43077,6526,0344,3019,8461,476,86
BinhDuong,03-08-2012,356891,87366,52484,45518,88028,07995,86411,74941,89816,59043,26121,81476,9475,4482,8565,9383,504,20
BinhDuong,27-07-2012,986625,23731,44543,54895,64743,73983,87262,93072,17015,62681,40382,22816,4980,3345,3058,9681,48,87,00
BinhDuong,20-07-2012,186796,55395,01156,84783,66758,87890,22893,29333,24696,63615,34576,33302,4901,8497,4075,8249,779,93
BinhDuong,13-07-2012,402815,34652,93163,95610,00010,89801,70599,18132,96554,90026,04570,46931,8271,5516,8511,5126,274,27
BinhDuong,06-07-2012,291964,10172,95638,82089,94506,28575,96249,90896,90808,83076,69394,19841,4403,7934,2444,7588,873,64
BinhDuong,29-06-2012,210832,02024,80244,42308,58152,76172,85708,31521,78011,44416,16264,81856,7598,8594,6002,7439,575,73
BinhDuong,22-06-2012,182668,40026,23471,41005,32535,90836,93908,47569,66693,45379,08244,05677,6026,7301,3582,8845,464,57
BinhDuong,15-06-2012,753978,99918,54603,81736,00740,38537,53275,06432,15738,47997,11883,21900,3212,9071,0095,2494,255,85
BinhDuong,08-06-2012,068550,13019,00301,32384,07584,20479,64548,29831,51027,17401,86350,47850,3368,3268,0923,4196,796,41
BinhDuong,02-06-2012,860085,89156,78640,90428,65508,14880,69291,29776,27841,82821,40453,30273,3887,0266,3789,6801,583,17
BinhDuong,01-06-2012,860085,89156,78640,90428,65508,14880,69291,29776,27841,82821,40453,30273,3887,0266,3789,6801,583,17
BinhDuong,25-05-2012,366007,50195,90705,82428,84519,52985,81286,85956,06541,22185,37024,67378,1871,2935,6444,1444,702,07
BinhDuong,18-05-2012,023804,77052,77021,27927,39047,80659,02210,84997,64079,34074,08581,89947,1850,9976,0515,8344,582,66
BinhDuong,11-05-2012,798450,88566,13573,16507,88225,33540,20456,07278,18676,61609,50838,85946,7452,7008,9872,9802,970,54
BinhDuong,04-05-2012,495554,59230,97318,15620,87424,68720,89533,87197,14144,52237,85934,06277,8228,1098,4990,5438,273,26
BinhDuong,27-04-2012,266478,19355,13682,53685,36393,78394,05458,19690,58382,90074,72762,77416,6295,8404,7675,3674,742,54
BinhDuong,20-04-2012,918401,28666,57918,62123,95863,23331,69738,98655,42724,03543,18197,16032,3870,5569,0682,8888,282,34
BinhDuong,13-04-2012,893119,40690,97303,32184,53222,56019,97916,92783,49261,14510,15914,98675,8163,7228,8506,1911,208,36
BinhDuong,06-04-2012,692656,08493,65246,37854,85476,43140,91925,33217,05509,66059,23613,00936,2008,9031,8805,7620,500,23
BinhDuong,30-03-2012,220952,02014,97644,22474,54679,31079,03303,96001,77094,65534,72857,89684,5465,9309,2150,4334,020,98
BinhDuong,23-03-2012,561861,05781,75274,49793,67072,32042,19915,96891,91606,75687,11035,02382,2873,6515,5238,2927,488,97
BinhDuong,16-03-2012,491176,90733,91396,35494,61606,49619,64978,37731,06981,64537,13332,36834,3723,7586,7662,1703,192,57
BinhDuong,09-03-2012,260356,08257,22831,87200,70727,78145,93934,23003,79891,87266,09435,20344,9843,7226,6782,0469,584,37
BinhDuong,02-03-2012,952915,25952,64800,62854,61730,19189,71283,12514,28581,58185,25696,65788,9844,9253,3339,9514,081,48
BinhDuong,24-02-2012,104594,74631,61760,37575,45968,36801,98801,36047,82278,54785,61823,51263,7552,9564,8265,2641,856,20
BinhDuong,21-02-2012,927715,31752,02588,00385,83496,00417,31426,43818,35422,95660,50906,38297,5669,6688,9848,4588,333,67
BinhDuong,17-02-2012,927715,31752,02588,00385,83496,00417,31426,43818,35422,95660,50906,38297,5669,6688,9848,4588,333,67
BinhDuong,10-02-2012,330378,25854,06725,54360,90768,11624,42534,26811,98743,33091,71354,36723,2019,4863,3639,4122,748,52
BinhDuong,03-02-2012,851451,89265,49369,85457,67108,07154,02840,79106,60857,08559,67820,83167,7028,6616,9498,9715,458,62
BinhDuong,27-01-2012,115412,60339,24444,76872,44246,91820,73549,18615,68083,18512,55044,92449,7139,8561,2323,3252,637,19
BinhDuong,20-01-2012,478195,83844,69791,52380,86350,90359,23196,84232,57238,37094,05369,79154,6428,4843,6475,6069,899,55
BinhDuong,13-01-2012,648187,86997,73084,46244,64627,28935,12613,49852,26160,93350,18146,63312,8369,1769,1626,8187,454,25
BinhDuong,06-01-2012,250883,82087,88207,43966,81699,26268,06373,59296,73698,69707,93778,42631,9847,9759,4856,6696,502,87
BinhDuong,30-12-2011,035115,04921,94179,22479,40562,84705,69138,17932,86058,40632,38716,16834,1607,6699,4496,8724,950,08
BinhDuong,23-12-2011,088377,30546,17280,76043,59618,26501,86792,11164,23777,75469,92283,54033,5450,0089,6269,5713,699,59
BinhDuong,16-12-2011,221882,53689,48127,50229,64096,40979,01151,38605,34555,01784,50576,65644,7697,7102,9121,9993,144,55
BinhDuong,09-12-2011,935989,02495,15318,28109,25224,26582,58517,27260,16318,66844,50273,89638,2922,5488,7266,5233,975,68
BinhDuong,02-12-2011,175007,03163,42870,63174,95810,18366,34784,79568,68954,12593,26571,93557,3794,6858,1099,5993,249,32
BinhDuong,25-11-2011,183300,66764,91603,29656,47385,26000,00216,02133,35745,58741,90842,71105,1858,9129,0549,0508,615,51
BinhDuong,18-11-2011,780714,35278,77108,80449,58940,88028,07770,23488,82148,43854,60454,83531,4842,1344,2870,2311,099,32
BinhDuong,11-11-2011,863908,14300,93425,31609,02141,56034,98772,28189,95370,68980,62038,08333,9670,6946,2439,5911,729,71
BinhDuong,04-11-2011,584834,25366,81691,48223,22356,91978,53798,53852,18485,04104,31366,24213,6846,2013,5655,4195,028,65
BinhDuong,28-10-2011,911573,60552,81355,41953,65165,52770,30833,13726,07781,37235,46372,10828,5576,0973,8096,7767,735,40
BinhDuong,21-10-2011,135536,68004,91159,41133,54925,01257,32308,78539,28974,71435,11428,39766,2755,7620,5309,9088,454,17
BinhDuong,15-10-2011,735170,88631,40641,25035,04723,77423,80491,51454,61491,35719,61657,59337,2339,7307,2481,9512,407,97
BinhDuong,14-10-2011,735170,88631,40641,25035,04723,77423,80491,51454,61491,35719,61657,59337,2339,7307,2481,9512,407,97
BinhDuong,07-10-2011,324166,67180,10233,90736,76080,98006,23189,27419,20891,46983,47115,55921,3592,7842,6491,4775,778,95
BinhDuong,30-09-2011,863311,12762,32598,08176,54095,72581,16219,28193,62788,96156,47620,33379,9630,1713,7852,5153,831,61
BinhDuong,23-09-2011,113205,47617,99196,97811,50475,79773,88851,07553,16144,38630,47169,86806,7447,2982,0212,0431,749,52
BinhDuong,16-09-2011,126780,97493,87213,50909,06022,85651,02975,18089,22899,77981,28686,52714,9425,5482,5266,1246,942,60
BinhDuong,09-09-2011,113628,88496,92541,05925,10097,49586,31777,20425,91048,62659,03820,17983,7611,6887,8167,8710,668,28
BinhDuong,02-09-2011,686849,68230,68219,24523,32318,17313,67725,47512,53527,75937,08995,98557,9094,2592,8153,1218,653,25
BinhDuong,26-08-2011,285091,74386,71198,33477,44444,05257,04837,57137,53138,99321,07920,59886,3035,0040,8346,1215,883,83
BinhDuong,19-08-2011,030908,39137,40768,42244,90768,42243,21194,26796,80474,04832,71392,15440,0686,4957,9408,3900,818,98
BinhDuong,12-08-2011,240398,99833,13070,89342,84166,93363,72833,09273,56199,36688,35370,04413,0796,6718,4638,8834,883,06
BinhDuong,05-08-2011,197467,99368,40311,24259,87567,09447,51397,02563,99551,63542,66609,61824,8304,2677,6698,5974,969,96
BinhDuong,29-07-2011,872640,94536,50148,27973,15591,49183,20320,62467,63086,75058,62830,25945,4494,8264,6068,9631,778,89
BinhDuong,22-07-2011,893608,66700,32250,65286,67976,28797,60427,19687,94046,45736,54830,48863,5552,9176,5404,0106,259,91
BinhDuong,15-07-2011,089838,77077,44963,24630,20131,94229,32088,02841,59122,68008,82856,16079,2572,5609,2516,8385,573,45
BinhDuong,08-07-2011,384090,45759,74542,97820,09873,08270,60116,24738,17062,44556,17889,73466,8853,8594,9431,8602,333,37
BinhDuong,01-07-2011,311578,26106,81649,60588,33748,54144,05532,52750,92817,39747,28464,56900,6789,9996,9110,3385,000,11
BinhDuong,24-06-2011,493875,83348,11603,67380,07411,95662,22648,05890,00361,52599,23881,83712,0756,1031,5539,7978,586,61
BinhDuong,17-06-2011,535075,58321,48003,05639,64808,25098,60228,94980,42121,52570,14707,40819,9181,3563,2146,3407,984,19
BinhDuong,10-06-2011,944765,95533,75914,05116,55923,67284,25435,32346,15155,50158,86926,91893,3149,3551,1288,0474,046,21
BinhDuong,03-06-2011,812443,43460,58070,38205,32216,82181,09104,52089,01928,44338,09235,22681,3136,1088,2899,0178,021,29
BinhDuong,27-05-2011,774871,91991,43278,64485,63367,51549,81078,91928,59358,80468,82463,23589,2511,5435,8120,5488,609,60
BinhDuong,20-05-2011,806535,01603,13139,89090,26834,62547,25985,75321,10575,49798,65497,28903,1898,4364,8719,1808,350,54
BinhDuong,13-05-2011,472224,08999,73415,66600,89738,98628,97262,46190,50773,14856,96620,57547,8595,2280,7956,5816,618,09
BinhDuong,06-05-2011,309370,58917,81851,91752,70300,05757,94794,79792,78184,67430,24873,58572,2991,7411,6400,5821,471,14
BinhDuong,29-04-2011,732569,99359,64710,70276,53905,47752,96117,63265,35946,88917,71188,41275,7748,5472,4299,2595,420,34
BinhDuong,22-04-2011,074180,96177,90757,97564,81143,10335,57738,69355,52424,73444,67670,40459,2341,2606,9424,8063,799,38
BinhDuong,15-04-2011,430381,69446,65251,03400,06959,53850,20319,17568,11908,99981,49843,61250,9606,1367,5018,8874,782,46
BinhDuong,08-04-2011,693138,58396,52221,44635,93151,67566,74750,91651,70055,47474,78282,34330,1417,5774,4741,1335,965,82
BinhDuong,01-04-2011,739334,74282,03602,25028,06128,97718,31044,80041,52242,68263,87544,42250,5845,2078,8600,5389,290,45
BinhDuong,25-03-2011,415562,54556,46625,82181,73945,44672,72290,17686,97267,21176,94309,95756,9868,3446,4790,8508,061,05
BinhDuong,18-03-2011,722342,84862,35590,78546,69971,22467,54805,05849,59894,46613,22151,75476,5027,4118,7344,2956,129,95
BinhDuong,11-03-2011,506697,11307,25633,87752,34912,46925,24712,45205,56228,30989,57543,94495,5905,3449,2466,2704,081,22
BinhDuong,04-03-2011,289693,65028,33770,22578,79382,91783,33541,91598,26804,27502,23095,80870,1569,5715,2203,2489,984,70
BinhDuong,25-02-2011,246316,15979,54539,26723,25888,48766,33122,73218,33153,03910,26977,89542,9708,2849,1777,7088,898,01
BinhDuong,18-02-2011,144413,12099,34667,35525,56673,23294,54970,95706,02207,75004,40328,03358,4062,0691,2811,5261,292,69
BinhDuong,11-02-2011,369100,32160,09465,52606,24707,89608,29104,14922,10126,38747,24622,19155,1791,0660,5799,8976,291,41
BinhDuong,04-02-2011,890168,28797,31861,22899,44685,03797,77897,23035,03760,55233,27792,80930,3767,5147,1310,6439,444,45
BinhDuong,28-01-2011,583375,47128,80159,00926,53512,81620,86266,06857,85940,17675,41706,76392,3204,9976,2927,0565,778,76
BinhDuong,21-01-2011,843592,93511,48423,00652,06190,03962,19269,07854,24883,41275,12708,47884,5035,1469,2851,1202,457,68
BinhDuong,14-01-2011,346119,02282,53427,59868,06383,14063,94338,55736,00469,61347,83784,56768,4882,0972,4507,4433,871,59
BinhDuong,07-01-2011,441016,77665,84205,17142,96577,83001,67446,63050,56624,87755,09360,60393,5027,7724,6352,5167,797,31
BinhDuong,31-12-2010,288075,94632,82275,63089,13760,66349,85192,43317,22003,15335,52154,76245,9845,5934,3507,6856,178,75
BinhDuong,24-12-2010,820949,71748,34384,17690,59581,74093,40955,89681,86749,14333,94504,37807,0667,7356,9386,2988,693,48
BinhDuong,17-12-2010,419569,83228,58650,07423,92610,72496,01419,15766,15429,73361,36495,33939,3010,7205,6385,6425,717,63
BinhDuong,10-12-2010,090735,29387,86602,15526,34016,72690,73408,16688,06403,83250,84259,98425,6415,5420,8145,6080,254,47
BinhDuong,03-12-2010,569553,03969,14795,85566,66245,35086,15331,64605,63889,20237,79623,61485,9128,9408,6783,9041,239,21
BinhDuong,26-11-2010,475381,84995,57399,02016,58157,73686,62946,97660,04728,78719,28775,13007,9084,7178,5711,8064,250,97
BinhDuong,19-11-2010,749645,62674,33036,82478,47338,87559,36433,55465,16128,54943,09251,91851,5662,2294,4065,5195,569,23
BinhDuong,12-11-2010,121354,36329,90310,33459,45435,04279,13178,51086,85218,27367,15038,98834,1688,5810,9035,5357,461,71
BinhDuong,05-11-2010,306366,88476,40554,84065,47553,31283,33473,85290,98677,05490,68027,27040,8006,2848,4127,6374,686,76
BinhDuong,29-10-2010,671821,83929,10529,80060,22964,54735,34547,12487,68879,55231,74195,09077,5371,5837,1214,3709,588,65
BinhDuong,22-10-2010,480928,47800,98317,07566,67413,55919,52975,72593,05950,89209,50904,87635,4714,0106,5993,9991,717,72
BinhDuong,15-10-2010,363132,54639,54674,72047,40212,10162,38534,57130,27901,52284,67049,37846,0199,0898,3340,9376,105,84
BinhDuong,08-10-2010,576607,70034,48767,45213,69786,94900,88930,56906,90457,31012,16953,45709,8885,1927,7185,5298,210,79
BinhDuong,01-10-2010,574848,89923,60859,04503,95998,35185,96181,95457,67941,88815,55693,57043,8070,7617,0118,4728,604,51
BinhDuong,24-09-2010,721860,28043,12211,71273,51855,88877,86005,40263,46958,96385,41680,03957,4556,3296,2561,9371,314,63
BinhDuong,17-09-2010,679780,63302,80927,36237,21014,47191,73690,75646,37567,46129,54102,29453,2064,1368,1573,8903,543,11
BinhDuong,10-09-2010,345305,11452,30642,72636,68059,15011,42005,16699,26283,70673,01744,30926,5453,1996,0292,9917,829,48
BinhDuong,03-09-2010,666401,00525,37305,62020,23988,51383,56040,17805,96149,50004,99391,40352,9187,0472,7898,3712,755,33
BinhDuong,27-08-2010,141929,69850,25020,68953,50661,86871,77604,40629,25510,58542,87846,90953,3217,8963,0303,8346,449,73
BinhDuong,20-08-2010,759464,65308,42005,11905,80915,50608,28776,03035,06599,45732,04379,82141,8011,3900,8774,4607,043,92
BinhDuong,13-08-2010,257413,62864,49725,28217,69460,08250,03472,79808,71843,57421,58288,53966,9353,7805,5391,8801,020,81
BinhDuong,06-08-2010,444538,99454,06486,29311,13655,26353,33549,29800,96568,68340,99459,73344,7618,2231,2931,0239,404,46
BinhDuong,30-07-2010,430881,24951,35865,63900,15571,92393,58901,85434,11759,98089,24822,38869,0032,4232,9573,5965,629,77
BinhDuong,23-07-2010,673712,40375,86485,75321,56494,20671,37716,20981,92278,41359,87375,70205,3624,2525,7097,5623,266,97
BinhDuong,16-07-2010,659524,13106,58396,48077,88631,72174,41176,81223,28035,78437,74279,76923,3778,9466,6635,5506,037,50
BinhDuong,09-07-2010,339095,58899,02891,35430,82568,03112,91728,68558,90321,67032,84639,26427,6105,2757,6246,4097,382,00
BinhDuong,02-07-2010,666661,29570,11046,19024,80691,40316,30324,77555,57020,76573,55580,81173,1565,5581,7401,2477,100,34
BinhDuong,25-06-2010,594225,73088,68236,30874,10405,26013,80522,77050,46759,45865,88287,83074,9806,0200,1953,0245,817,53
BinhDuong,18-06-2010,004441,18431,42213,22111,68303,80581,99116,09233,45330,48145,79605,34312,3048,3554,5771,9362,871,75
BinhDuong,11-06-2010,760207,03221,69127,07147,00883,47448,52272,66419,16796,12087,30576,73729,9325,5114,0964,3690,750,85
BinhDuong,04-06-2010,229920,97865,46539,71350,96696,81304,64578,21662,88081,68282,04746,04674,6662,1592,9012,9697,523,29
BinhDuong,28-05-2010,482573,71423,00033,02789,73206,99529,79895,96820,71263,29204,95376,84538,5074,3648,1525,7680,735,62
BinhDuong,21-05-2010,181826,50528,42259,00603,18097,26160,58915,09261,27505,42410,08219,23723,6113,7077,9859,4429,706,54
BinhDuong,14-05-2010,807698,62153,00830,02203,01818,82714,69539,22254,05016,37763,98105,38695,6819,3475,3487,0311,760,22
BinhDuong,07-05-2010,541833,94813,61068,30988,10706,86938,27112,76097,14205,97380,35679,55452,8440,4131,4664,4452,506,13
BinhDuong,30-04-2010,552011,92503,62929,91113,30933,80716,32422,60786,78148,08083,22240,25192,2077,2480,0557,4480,112,71
BinhDuong,23-04-2010,898132,67374,15447,96660,14349,10328,43310,61831,78465,31505,23277,03433,0599,2938,4798,2083,486,17
BinhDuong,16-04-2010,010538,12137,51301,91174,96191,69674,07739,59184,62256,56930,82846,73172,5964,6194,6154,9379,023,85
BinhDuong,09-04-2010,418362,34714,74575,66319,45329,57381,82124,33406,64647,28289,95118,25800,5046,8872,0393,0868,087,08
BinhDuong,02-04-2010,770062,47532,65927,75797,66835,26799,47692,29138,65674,19245,91688,83893,3303,1948,5792,5392,091,03
BinhDuong,26-03-2010,201090,96386,07360,92133,67072,43948,40917,26263,69424,81777,06824,41138,3320,5930,0966,6284,039,15
BinhDuong,19-03-2010,297332,18512,84384,28814,54267,53317,36435,14007,53755,08048,65599,31764,7635,2440,3866,4044,390,22
BinhDuong,12-03-2010,350403,60907,78990,71555,93941,86465,49469,76402,66579,64213,58748,32626,1576,1928,7399,7100,397,05
BinhDuong,05-03-2010,496070,85528,17088,08157,37222,71236,62187,00083,96211,32380,29169,58659,9282,3264,0294,4784,208,44
BinhDuong,26-02-2010,018085,19657,33700,18111,36596,84497,20098,42294,04626,69502,15876,29249,9978,3728,6414,0138,277,53
BinhDuong,19-02-2010,857596,25520,81258,58070,38470,07306,40470,97115,50295,76897,45496,71700,2689,8849,3620,0160,119,95
BinhDuong,12-02-2010,272233,60102,30683,01026,79449,51968,66295,59104,43062,68097,54999,52648,4590,9956,7663,6704,169,06
BinhDuong,05-02-2010,336481,80465,23790,53504,51851,03206,40097,38843,94801,21945,43153,89054,9891,9118,8984,0610,732,43
BinhDuong,29-01-2010,288183,51040,85481,45223,56977,18116,87807,66725,56617,13866,12031,83654,9666,4610,8341,0453,493,83
BinhDuong,22-01-2010,978436,66140,50413,01938,63106,00174,41269,08465,85009,96715,00139,52441,7142,1237,7309,7459,991,02
BinhDuong,15-01-2010,707275,23650,29620,24735,55800,10168,38910,92802,63464,69558,24555,50659,7047,1004,9939,0224,686,75
BinhDuong,08-01-2010,723025,32612,36749,02473,78401,98817,17287,06920,53995,90060,67229,19171,7816,1321,2125,2702,204,64
BinhDuong,01-01-2010,167098,40070,71398,16584,65715,84213,78321,73636,24025,31610,57616,35396,6685,4747,6483,7112,176,92
BinhDuong,25-12-2009,346410,94163,21235,17703,58710,78106,57376,34052,43748,76120,96727,54732,3984,7471,3410,7049,598,90
BinhDuong,18-12-2009,209665,70752,33296,91620,78452,02176,76968,07641,57411,52194,61729,39272,2054,6019,0327,6249,827,26
BinhDuong,11-12-2009,441998,72554,67885,93193,52513,93047,20852,68815,39784,97785,21144,84684,8054,8125,9855,4904,506,20
BinhDuong,04-12-2009,434277,06959,53804,49289,28605,36755,02473,04927,58177,07276,60278,22480,7240,9692,1332,7356,859,03
BinhDuong,27-11-2009,918128,89482,79356,93606,60962,70779,64167,94569,35401,03106,01156,17507,2928,6042,2638,0605,201,40
BinhDuong,20-11-2009,317244,43541,50096,00394,96547,11604,63114,38655,47373,84723,15602,76223,3390,6251,3554,3158,431,51
BinhDuong,13-11-2009,462786,89540,80081,74283,52584,51596,53190,05042,22889,56053,65379,00867,4243,9900,6248,5832,122,04
BinhDuong,06-11-2009,423297,62850,92384,87737,07766,97593,23976,48433,11541,34031,26774,10112,6424,1150,5038,5651,175,70
BinhDuong,30-10-2009,352202,17121,68654,60848,80201,49405,05959,88782,47551,86789,94462,48468,8724,8908,9135,4198,234,89
BinhDuong,23-10-2009,909366,23770,09185,18828,89944,90777,38267,54624,64774,31675,69245,47865,8593,0846,0710,0764,598,88
BinhDuong,16-10-2009,863196,63264,25494,37977,94966,79823,76987,01512,30748,86484,80456,09232,2018,4438,0172,9587,590,13
BinhDuong,09-10-2009,031990,23071,98049,32657,11786,20735,40455,73953,78225,91492,38240,53717,6432,2807,4510,3248,994,86
BinhDuong,02-10-2009,55278,33217,53333,90923,61980,68279,01767,60750,45460,51869,70323,66162,5352,1506,4069,3539,985,89,00
BinhDuong,25-09-2009,36686,38645,62261,09882,94682,72673,09302,48706,15893,81672,60075,26236,3116,2366,5210,5670,063,75,00
BinhDuong,18-09-2009,27123,87939,46205,76350,10703,31899,84423,34360,49252,85446,99437,99611,5701,8912,6723,5497,178,54,00
BinhDuong,11-09-2009,94843,80394,33795,74619,26535,47146,47043,16876,88438,49319,06379,39104,9377,6401,6674,4974,614,68,00
BinhDuong,04-09-2009,35403,48080,42997,31901,64074,65350,10586,71286,86553,18866,38351,51233,3991,5182,8795,0445,058,28,00
BinhDuong,28-08-2009,07197,05500,12769,37368,40065,50735,00489,39687,45411,04795,42039,19870,7254,4236,9625,1935,082,82,00
BinhDuong,21-08-2009,29875,94042,58531,73138,76293,48432,13476,19561,23952,93947,97648,56591,9332,4903,6448,1882,743,62,00
BinhDuong,14-08-2009,33140,85104,85157,51871,93514,57078,70850,26985,07228,70035,39101,03000,1514,8833,6480,9854,393,39,00
BinhDuong,07-08-2009,73659,42259,66883,92900,76317,11699,98470,60444,29181,16716,83816,92619,7239,4871,9802,4069,618,61,00
BinhDuong,31-07-2009,90022,54631,63483,46635,07597,16224,32706,61002,16653,61878,15461,85958,1862,0795,5428,0791,865,40,00
BinhDuong,24-07-2009,09605,20239,34894,24124,62603,78305,42311,02400,50485,93074,99366,45010,2588,2221,5669,1799,433,41,00
BinhDuong,17-07-2009,29908,98236,97532,32416,95321,45217,22429,17474,08256,08063,03362,72508,2286,8180,9671,7615,662,96,00
BinhDuong,10-07-2009,54533,70652,77424,60955,31345,66670,06688,80431,06049,43542,71199,27235,3054,1011,3243,1721,712,68,00
BinhDuong,03-07-2009,67864,45595,94368,33907,09468,79461,68019,84724,64576,95559,22655,52840,2461,5116,4289,7333,334,26,00
BinhDuong,26-06-2009,65704,06692,21300,57038,65864,26917,40213,71061,73809,60950,83169,25730,9389,6191,2937,8854,131,55,00
BinhDuong,19-06-2009,66424,55414,68227,27323,56114,99332,48770,08961,06205,42371,24591,94001,3426,3999,3236,2347,752,62,00
BinhDuong,12-06-2009,17570,20624,57111,17034,61918,73361,59881,91170,50138,01509,10556,37717,9269,6089,4796,5359,832,00
BinhDuong,05-06-2009,09092,69838,14626,09065,90610,74144,35199,80557,67500,62256,82543,66263,8309,0156,6508,1988,657,01,00
BinhDuong,29-05-2009,61685,33305,95766,47490,07135,32148,56567,31555,18056,52528,48190,62890,5037,2039,1558,9936,361,24,00
BinhDuong,22-05-2009,01680,93596,34260,05311,47816,47832,67108,72710,11843,84582,86240,68316,7261,2317,5441,2482,771,69,00
BinhDuong,15-05-2009,54594,29399,64090,12358,18209,49804,46356,75818,55170,37078,63708,93062,7989,3972,5345,9919,189,04,00
BinhDuong,08-05-2009,02325,34409,89343,32175,95135,38479,93875,60010,23394,79056,74845,66205,2877,0859,9599,9521,693,96,00
BinhDuong,01-05-2009,93168,67708,62140,91602,34452,88048,93024,24002,25937,29216,93971,56092,6670,5677,2467,4675,334,98,00
BinhDuong,24-04-2009,44491,01503,59863,38185,91088,08952,91555,15566,92898,53520,05034,05728,2983,4408,6763,4336,293,75,00
BinhDuong,17-04-2009,00559,77560,52529,23671,30502,47618,25508,38659,11211,06853,50461,68563,3205,5773,3578,4920,501,65,00
BinhDuong,10-04-2009,59569,87681,85566,80240,45914,13015,10784,44670,45871,45271,28977,74678,4734,1887,0861,9299,642,73,00
BinhDuong,03-04-2009,45969,38658,17644,60295,63377,82755,17864,69559,89484,79566,04154,83689,7605,9195,4089,3438,214,55,00
BinhDuong,27-03-2009,73424,50490,95929,56280,05048,16728,84669,61873,63252,42309,71614,29271,4181,1621,2278,2252,957,67,00
BinhDuong,20-03-2009,42065,38325,73563,72698,35022,20299,74868,93410,48118,13254,35772,58246,2698,5858,0534,5657,275,50,00
BinhDuong,13-03-2009,97992,52392,29773,66661,57090,75621,31320,07209,67478,86077,96252,17065,8033,9971,5961,9948,488,87,00
BinhDuong,06-03-2009,00695,68028,06809,62485,68303,49717,20951,68764,72604,28985,21750,84508,2856,3210,2317,8774,669,15,00
BinhDuong,27-02-2009,99851,85629,81952,63429,54095,08272,92541,41185,55460,66718,73809,22938,9548,5468,7826,6088,282,21,00
BinhDuong,20-02-2009,74282,41341,43931,62318,64773,03160,67164,87539,73564,89062,90798,92206,3290,7891,4876,6507,168,13,00
BinhDuong,13-02-2009,52963,70241,53432,99602,98314,83586,87415,30268,65367,47140,08902,85199,1897,0126,3155,6210,320,52,00
BinhDuong,06-02-2009,86514,09042,98986,90112,05713,44040,96683,58126,91987,71760,14056,79514,3548,2899,8537,1355,309,59,00
BinhDuong,30-01-2009,91909,78754,76517,72754,19383,54172,46735,68917,10848,75687,69558,81399,8347,7467,1932,1952,777,53,00
BinhDuong,23-01-2009,95642,54602,74489,15978,10344,37850,33924,55776,95142,30706,98449,11459,9001,0482,1808,7555,113,36,00
BinhDuong,16-01-2009,02803,87699,36304,51123,00502,93590,85409,79475,55253,16980,57430,83057,7887,5031,9312,9411,587,31,00
BinhDuong,09-01-2009,09918,38690,20855,13996,71125,50238,40524,03311,96740,96340,44876,39953,7408,2581,7270,7243,471,25,00
BinhDuong,02-01-2009,91353,12336,17858,62096,71434,08870,18907,50030,99855,14640,84644,41050,9444,3505,6083,5454,502,69,00
BinhDuong,26-12-2008,41752,73398,05798,49881,74393,37650,00110,66004,00080,77704,84319,27668,3643,6420,7837,7197,919,82,00
BinhDuong,19-12-2008,70237,49869,88876,13868,42294,38763,62423,77282,50589,93515,77988,47765,0875,1123,1204,1373,595,80,00
BinhDuong,12-12-2008,07169,04349,53608,17996,86822,22931,54422,29767,05509,35886,95623,97222,5186,7437,3712,1317,605,50,00
BinhDuong,05-12-2008,51269,99460,68798,97713,26795,49270,64526,10573,74520,50910,51644,56515,2869,5330,5707,9080,417,67,00
BinhDuong,28-11-2008,26113,94958,30025,57761,43656,43072,47088,26635,00605,11168,81604,39903,9676,5183,7642,9293,105,96,00
BinhDuong,21-11-2008,61043,83555,66998,29176,52163,66326,47643,20203,67709,31621,68998,33423,1724,4270,5664,4718,511,87,00
BinhDuong,14-11-2008,66838,88921,51153,27784,94212,71477,42685,63980,77044,18337,94388,88989,6777,9888,8808,0319,216,56,00
BinhDuong,07-11-2008,37446,96163,04537,88127,82964,61449,83662,84687,71331,41094,72885,59339,7170,8998,8086,4981,950,98,00
BinhDuong,31-10-2008,39539,46780,26634,15860,98602,11713,85522,48263,22182,35695,93713,35620,6610,5410,0791,4233,451,74,00
BinhDuong,24-10-2008,79868,86692,15470,21110,45060,01024,49860,90700,24058,67937,52189,31720,8715,4347,0415,7180,864,94,00
BinhDuong,17-10-2008,39321,79794,28533,73845,03142,38577,36360,27055,80126,97850,22761,72801,8354,6960,5997,5637,869,74,00
BinhDuong,10-10-2008,10973,68638,41450,07559,79871,64535,35153,34240,75961,05367,27229,65700,7115,0709,5173,0471,566,82,00
BinhDuong,03-10-2008,29962,68685,77241,03654,43158,82756,12237,65898,05857,76127,40167,63274,1156,0466,8141,6453,623,33,00
BinhDuong,26-09-2008,38465,24997,68128,79888,72722,11179,93108,52626,67957,40024,31948,64864,2836,5552,9643,6908,134,16,00
BinhDuong,19-09-2008,98218,23837,23535,43528,09044,19158,93665,25523,52507,34732,83948,76368,7440,8400,0648,9370,162,85,00
BinhDuong,12-09-2008,97074,02557,78969,92972,46979,63140,91230,02410,76405,19891,48828,58239,6398,0017,0668,7812,396,03,00
BinhDuong,05-09-2008,60796,08737,71673,26836,92444,53346,57317,11921,71389,61049,40370,41447,9720,5680,4511,9885,032,63,00
BinhDuong,29-08-2008,00048,00742,11355,03491,32754,20330,27973,31581,70251,38239,48049,17697,1428,3023,0381,6564,977,68,00
BinhDuong,22-08-2008,56239,97006,34149,18176,38020,30267,21027,12248,51749,45133,77589,89315,4821,6678,0827,8297,905,78,00
BinhDuong,15-08-2008,10956,50231,94249,66046,67225,24510,77155,83644,48092,32064,23610,30251,1613,5013,4637,0313,187,64,00
BinhDuong,08-08-2008,81128,29804,05463,45370,64536,22621,04894,09051,23189,15382,49870,01581,3620,7599,7239,0514,796,28,00
BinhDuong,01-08-2008,43558,36216,79748,16399,32367,81030,84773,56057,12607,54119,57385,19312,1599,2870,2406,0046,200,25,00
BinhDuong,25-07-2008,44951,89486,23019,22058,46365,94568,33903,02129,16644,76103,42019,01448,6876,4087,1109,9010,931,36,00
BinhDuong,18-07-2008,38199,54559,15988,32416,10129,14339,19075,47302,30072,23654,52471,09136,2487,7706,0580,6169,592,81,00
BinhDuong,11-07-2008,64241,11230,53843,28344,28359,19165,18416,51022,96376,49606,67326,89519,8065,2553,7914,5276,336,88,00
BinhDuong,04-07-2008,68951,37180,40684,38817,58079,80229,90572,82349,49422,58680,91646,14985,6909,0321,1159,2577,333,79,00
BinhDuong,20-06-2008,43938,66398,47533,18110,16344,50709,76540,52981,97057,42461,68821,62165,6598,7012,2252,7503,976,59,00
BinhDuong,13-06-2008,76622,20605,25916,38549,68404,17823,85038,33388,24021,67999,71286,40449,5254,4199,5138,1980,580,76,00
BinhDuong,06-06-2008,73799,96200,92736,93979,86870,79669,85005,46457,48984,25208,45907,33246,1238,8399,7704,4998,255,85,00
BinhDuong,30-05-2008,48389,51288,97550,00981,70579,79021,69843,28787,72216,01554,99263,95849,9641,1819,0638,7381,189,69,00
BinhDuong,23-05-2008,70512,10989,71878,36856,13320,14249,09431,86877,15192,44884,71759,95845,4289,9766,6355,6515,988,83,00
BinhDuong,16-05-2008,98583,06542,61469,76294,25827,33342,88122,88179,90932,25804,57392,91543,1251,1172,5783,7662,099,93,00
BinhDuong,09-05-2008,28807,33252,42356,38656,91430,99345,02674,63293,91971,55985,03035,87635,7200,5049,7198,6111,464,94,00
BinhDuong,02-05-2008,91539,03403,84589,89370,48424,17284,00713,64169,72274,87898,35215,41814,7793,5392,0736,1015,397,09,00
BinhDuong,25-04-2008,50255,56412,75889,25129,26935,71985,25659,36206,82978,14276,97919,0161,9653,9788,4786,4955,791,17,00
BinhDuong,18-04-2008,33615,80145,82003,40667,38959,81154,06801,19832,96136,47386,06005,5476,9456,7915,4885,6870,709,97,00
BinhDuong,11-04-2008,85333,19282,01193,01834,21947,65927,21135,42823,99032,09389,39292,1000,5833,1456,1136,0625,969,50,00
BinhDuong,04-04-2008,36870,30103,00154,77860,54929,43080,78293,69681,37728,58438,44128,0159,1836,2999,4328,1109,654,37,00
BinhDuong,28-03-2008,78282,24042,65681,94367,92124,21504,07052,73922,01757,68611,81399,7033,3562,4266,8572,7730,357,39,00
BinhDuong,21-03-2008,96639,96143,78290,52602,88983,23852,66641,30064,33996,60459,83102,8913,3495,8097,1524,8360,035,77,00
BinhDuong,14-03-2008,58779,89629,58889,08285,52201,46912,68746,08083,20845,05526,82772,3032,0034,8696,6031,8298,105,99,00
BinhDuong,07-03-2008,56128,37043,37610,69748,20635,47562,01665,08520,63341,85004,65492,6253,5682,7936,1233,1176,291,33,00
BinhDuong,29-02-2008,86488,90231,14014,13053,88066,55792,52737,43204,88182,58120,55957,42263,7620,4508,0000,9506,463,98,00
BinhDuong,22-02-2008,95995,91375,32646,03964,65460,61223,13553,50681,21519,20151,45086,69628,4393,4610,9364,6511,606,91,00
BinhDuong,15-02-2008,92185,80596,64615,24828,92224,28179,44285,55445,13384,04430,23730,66237,2382,5920,2082,2515,035,39,00
BinhDuong,08-02-2008,08072,98013,73093,49186,67669,68466,08848,40087,09264,98670,91170,60157,2649,8200,7824,1343,341,02,00
BinhDuong,01-02-2008,28731,22768,92496,61204,55045,91869,28853,57707,80486,86146,98624,97610,6860,8217,0956,3318,999,83,00
BinhDuong,25-01-2008,81431,33715,23559,40211,73777,20150,78957,06549,27335,95287,96600,36560,6933,4467,4206,8717,196,98,00
BinhDuong,18-01-2008,26325,18159,72221,43753,01199,02010,86318,32571,33787,67322,56058,48221,1091,1756,0406,0662,377,85,00
BinhDuong,11-01-2008,68701,00315,03568,01776,80069,01776,80069,86680,60569,72238,99212,69084,9187,8143,0249,1084,421,10,00
BinhDuong,04-01-2008,42246,77231,79571,38603,01394,06024,87711,06080,34098,09618,52518,00797,7584,9742,3116,3591,282,68,00
BinhDuong,28-12-2007,82759,26356,65032,92128,36212,56914,83515,83310,08684,78749,86944,94369,8115,9388,0032,6932,260,23,00
BinhDuong,21-12-2007,30004,92562,59643,53988,67757,29346,99468,26263,34856,99330,23286,59871,5532,3775,5457,2596,720,06,00
BinhDuong,14-12-2007,46297,96031,41142,69019,83400,90504,72232,70379,44729,65824,08305,12391,0992,2165,3184,9025,339,84,00
BinhDuong,07-12-2007,79655,97473,33622,91799,38359,32595,41414,50009,15951,10917,42637,49641,5720,1180,9134,3465,470,75,00
BinhDuong,30-11-2007,86303,06838,03086,06421,17567,09359,53798,69742,49526,22786,20250,00736,0543,0502,3886,0996,632,34,00
BinhDuong,23-11-2007,72842,14050,76517,41359,34433,49860,25750,19925,84645,39199,65584,01671,7097,2927,3504,1461,861,08,00
BinhDuong,16-11-2007,71046,53472,30698,12145,66982,04499,44305,42433,30126,08236,51574,50328,1150,2658,0151,5417,515,33,00
BinhDuong,09-11-2007,05282,89031,67370,16596,38227,78957,51439,36254,29777,29296,08201,30898,9769,4649,1933,8057,859,53,00
BinhDuong,02-11-2007,56315,98389,40135,73514,68024,65398,03537,32121,30667,42526,60589,60809,7212,2853,4942,7802,982,79,00
BinhDuong,26-10-2007,97519,26140,63258,15212,61384,95549,38838,63577,73541,74380,88419,20024,5086,7115,5765,4420,307,66,00
BinhDuong,19-10-2007,73718,36420,90727,70444,04579,16558,10716,55177,05928,35365,76605,83705,6504,5913,1455,5457,959,38,00
BinhDuong,12-10-2007,36032,36965,67638,42842,42247,83938,79709,91828,10581,63764,37387,75243,1371,8415,0790,9676,163,25,00
BinhDuong,05-10-2007,63016,64222,05154,14774,22046,81792,02285,00939,44946,42330,94289,96728,7832,3955,2166,4024,999,52,00
BinhDuong,28-09-2007,32843,23737,05619,05619,98768,37703,11827,50165,22689,17400,41504,52246,6022,5952,5638,8504,670,54,00
BinhDuong,21-09-2007,72823,43255,16246,55768,54353,00146,94126,42274,80389,57816,02844,64251,2285,8050,5832,0107,491,28,00
BinhDuong,14-09-2007,48408,12920,17459,59726,75556,25008,62913,94973,87604,11587,30794,23127,1417,3949,1398,3095,001,09,00
BinhDuong,07-09-2007,15011,06220,71811,02577,33587,85725,54451,29968,85386,71602,71807,54255,7259,3320,2481,1202,930,93,00
BinhDuong,31-08-2007,54790,47987,49448,43484,74191,35722,77307,76193,41603,11672,99179,01774,4252,6658,7454,9076,985,18,00
BinhDuong,24-08-2007,85365,03187,28591,37216,95417,64066,43303,62354,67985,58661,06698,98826,3992,4379,0247,2141,370,89,00
BinhDuong,17-08-2007,08866,92651,24859,41270,73609,24156,22954,94366,73564,96864,00261,71503,2633,8524,4051,5948,382,05,00
BinhDuong,03-08-2007,82847,52832,26276,50496,40413,32498,88932,70187,24904,94339,21270,08469,3001,5150,7630,4000,851,62,00
BinhDuong,27-07-2007,04404,76429,01706,48014,12370,60065,75678,76387,72405,91436,84561,32642,9062,6303,4641,2232,767,53,00
BinhDuong,20-07-2007,68700,30446,83001,68029,66962,10146,82769,91455,44415,30514,05293,32962,4284,8197,3364,4110,433,20,00
BinhDuong,13-07-2007,25092,80597,40148,26163,44782,14210,86491,23662,83257,32618,12837,83765,2215,9736,4697,1957,762,58,00
BinhDuong,06-07-2007,20995,06013,04679,81762,84488,06702,64800,65078,55726,40615,90996,14952,2231,9591,7258,1916,280,84,00
BinhDuong,29-06-2007,76403,77427,77870,49341,87506,75581,68689,00689,67997,27357,83849,30562,2375,9672,1645,5210,633,52,00
BinhDuong,22-06-2007,63659,54188,03733,95803,48523,58815,09819,39723,76695,75602,97368,09457,5382,7456,8392,8836,216,54,00
BinhDuong,08-06-2007,93155,85870,74968,45162,61992,30217,00202,66295,77525,12049,35853,17697,5016,4928,3013,0773,137,06,00
BinhDuong,01-06-2007,70284,57405,96283,32751,65598,47567,54813,25041,83559,02791,23327,24391,8702,8592,9778,8097,882,15,00
BinhDuong,25-05-2007,63124,91172,70510,29617,98696,61638,28187,10037,45235,41004,01669,29302,8225,5515,7290,1049,389,32,00
BinhDuong,18-05-2007,94650,55629,31119,28025,72033,85859,95095,54364,10849,19662,90374,58123,1711,7073,0275,0904,555,05,00
BinhDuong,11-05-2007,14885,89253,59509,97030,90617,34640,72665,70556,07549,81097,21120,94622,6436,1856,8400,3861,777,72,00
BinhDuong,04-05-2007,16763,06053,89734,95988,64149,37435,68621,55694,49258,61533,57073,44285,0822,3984,8613,0858,791,47,00
BinhDuong,27-04-2007,90882,19581,05210,45267,77947,60166,41437,47443,54151,78375,75900,88550,8363,4682,7136,8275,525,66,00
BinhDuong,20-04-2007,71135,91340,10939,02814,45860,51619,52606,67247,35820,52191,18652,31949,1551,8834,6347,8200,021,78,00
BinhDuong,13-04-2007,87707,52022,54548,79154,75294,35739,25107,41249,01524,36198,60849,54350,5001,5201,4284,7440,004,10,00
BinhDuong,06-04-2007,36493,29084,27552,31248,47934,98566,43612,84212,71632,57798,73382,07427,4730,9630,7337,1773,644,19,00
BinhDuong,23-03-2007,65972,21429,79028,89892,35213,59235,33895,45517,03786,05774,71599,26080,0861,0463,1535,4620,219,36,00
BinhDuong,16-03-2007,62063,79998,04728,89940,44043,05138,36354,23501,88915,05789,46151,39029,9601,3651,9329,6513,767,98,00
BinhDuong,09-03-2007,39710,31573,03358,62413,08004,20491,99387,94217,72137,72121,93621,96473,8802,8302,7543,0515,948,27,00
BinhDuong,02-03-2007,08995,68569,51324,63166,27010,00265,07668,99737,50622,75526,35121,49774,1962,0160,9370,3682,559,71,00
BinhDuong,16-02-2007,58968,55668,88550,44095,11794,34504,83070,91756,97101,47425,97621,36755,1588,8815,5447,1901,443,86,00
BinhDuong,09-02-2007,33293,38800,59980,75041,80375,55932,05030,19726,32059,96625,07524,97406,0172,1100,7834,4023,049,83,00
BinhDuong,02-02-2007,16313,38931,52065,04686,48954,86924,40894,99315,55464,71836,76049,71415,7821,2147,5585,7683,216,44,00
BinhDuong,26-01-2007,72119,14581,33757,18090,70323,20404,36913,39214,17272,32253,47599,04482,5369,2750,8394,7959,617,39,00
BinhDuong,19-01-2007,34804,89845,60142,64290,08861,72438,13638,67446,82273,68196,21392,35664,1322,7242,9212,2687,011,19,00
BinhDuong,12-01-2007,47612,41814,86021,05584,94800,02988,38445,70302,27086,18017,50278,70847,5268,7287,5746,2861,962,59,00
BinhDuong,05-01-2007,00790,39432,04287,60766,91127,29246,07060,02575,55183,41313,05974,19726,4272,0321,6196,2318,340,28,00