BinhDinh,15-11-2018,354745,30598,67076,63857,35351,40043,93198,98671,56373,40865,95699,26405,9549,6055,9046,9389,062,60
BinhDinh,08-11-2018,296527,47827,32348,24268,57264,89384,23685,56423,14987,76203,90165,09888,1156,7020,1901,9685,219,19
BinhDinh,01-11-2018,592806,34504,16175,37132,14785,89018,42680,18520,16712,68518,22833,66796,5755,3712,1122,4236,319,73
BinhDinh,25-10-2018,045673,63699,94017,18987,55898,85432,28479,87212,90000,00370,29944,56150,8995,5639,5926,2924,190,51
BinhDinh,18-10-2018,411501,41739,23033,75003,18745,46775,44006,23244,80985,20680,21054,13739,0057,6947,5064,1003,233,74
BinhDinh,11-10-2018,409799,35577,35917,80437,62144,76288,23531,11045,04389,71103,43849,66117,1610,5745,4760,0042,640,02
BinhDinh,28-09-2018,023749,64829,10191,26077,38032,17417,85593,74085,01176,29438,83186,09358,3667,6776,7294,0293,669,93
BinhDinh,20-09-2018,692579,85192,96144,85785,81879,39255,39038,69777,37173,80910,22255,22406,2805,3471,1775,7885,954,13
BinhDinh,06-09-2018,781709,06162,08096,41229,30273,71481,51626,26566,76122,09684,19294,52632,1325,4560,3407,6039,285,45
BinhDinh,30-08-2018,886017,07185,00565,78071,15036,29798,43075,30336,90708,14869,50586,55210,2225,7506,3929,9315,782,54
BinhDinh,23-08-2018,806833,55908,23157,02144,39698,30342,46604,28462,04985,87508,41405,54627,1243,1365,4069,1020,044,28
BinhDinh,16-08-2018,270498,49104,23486,82863,53562,64491,98560,67312,11994,98451,04550,00863,9527,1711,3543,1980,558,80
BinhDinh,09-08-2018,232178,84459,49963,33328,00467,55289,42390,76732,67480,54939,80851,16059,9790,8723,1807,6176,463,12
BinhDinh,26-07-2018,021073,30712,23698,00584,42856,60116,40371,14124,97805,33666,08398,92098,8390,1506,1877,9506,030,34
BinhDinh,19-07-2018,809065,91271,42927,08103,39778,56556,22941,64756,18786,17913,40328,54531,3209,4048,1337,4911,075,34
BinhDinh,12-07-2018,212776,24894,08784,80204,20163,71067,03420,39399,40961,35347,68925,54510,8461,0238,0625,8781,356,33
BinhDinh,05-07-2018,963900,51324,30670,71673,58868,24395,13547,07018,03500,72335,61032,63884,3625,1008,6673,7971,305,12
BinhDinh,28-06-2018,196833,72289,26744,07130,11252,82795,40427,15328,44609,33646,48071,23900,7703,7924,0784,8437,426,15
BinhDinh,21-06-2018,384090,76929,99806,11534,26658,35751,66260,18612,90392,74144,58162,66692,4060,2998,1999,4962,557,69
BinhDinh,14-06-2018,857694,61296,60452,26829,30913,46493,61235,92340,02084,98887,34643,16047,6199,6535,6839,8144,395,07
BinhDinh,07-06-2018,990473,86069,56786,57948,60644,97946,06910,61731,69889,29410,98840,37432,1156,2137,6230,4825,831,91
BinhDinh,31-05-2018,583362,86754,54743,44563,57839,74567,59102,52090,30408,88688,47579,50660,1824,9129,9182,5160,800,54
BinhDinh,24-05-2018,657422,60878,31388,49657,96947,40773,03367,65013,24305,07420,12652,99364,7590,1067,1209,7946,412,17
BinhDinh,17-05-2018,646624,58481,60545,11409,20720,97373,63319,97334,00392,94048,44441,15047,8554,4207,9877,7330,969,88
BinhDinh,10-05-2018,845617,84746,20355,13632,85846,16735,88803,69943,39601,60449,51223,07854,2944,9077,7659,2237,482,43
BinhDinh,03-05-2018,203333,74131,96241,48345,53925,27251,79720,85742,11368,05859,65364,97542,4210,5761,1363,0284,035,18
BinhDinh,26-04-2018,659813,68293,04267,51509,24906,64033,68751,27180,17627,18656,01098,45779,1728,5050,6914,6321,288,22
BinhDinh,19-04-2018,408151,67381,18790,06609,66228,37004,47811,29522,71435,71672,26136,07043,5887,6847,9089,9803,418,84
BinhDinh,12-04-2018,683008,50542,51391,02575,05160,85274,74204,20690,31760,09502,84031,52525,5976,4187,8069,3400,303,69
BinhDinh,05-04-2018,267112,20055,55864,16054,75581,04071,90482,28289,31057,46750,91982,30675,5284,1368,3816,9600,979,62
BinhDinh,29-03-2018,038805,59793,88280,60816,89684,97780,29525,59702,18625,48762,53651,22519,4529,8018,9903,5978,296,59
BinhDinh,22-03-2018,317213,93216,79953,80539,80491,95786,29253,42265,88616,24926,49703,31070,4217,0533,9168,5880,783,02
BinhDinh,15-03-2018,248051,61958,78060,29535,62417,09582,99199,98318,90218,49134,53090,08071,4726,0024,6990,2700,746,63
BinhDinh,08-03-2018,748866,46779,01017,39732,50129,50781,65652,82358,07296,75439,85572,08357,9190,9576,9163,6865,157,50
BinhDinh,01-03-2018,280325,88489,92407,66279,49367,02221,20897,22287,00536,10648,93148,72611,2896,2453,2423,7190,018,10
BinhDinh,22-02-2018,480829,83225,19208,49665,65803,25792,41686,30624,08541,48513,84544,67267,7876,6115,1304,3278,581,35
BinhDinh,15-02-2018,668303,90476,98931,97244,50965,17553,90118,03957,06611,61742,04272,51433,5070,4072,0246,6892,627,78
BinhDinh,08-02-2018,450787,66877,57713,72226,37756,42172,38595,08877,67427,56841,08100,16238,2361,9399,3467,1386,173,43
BinhDinh,01-02-2018,211667,15967,18993,97670,37462,68459,09139,76577,79704,05386,74817,39984,6488,7545,5673,3248,083,81
BinhDinh,25-01-2018,179436,40330,32117,09091,14275,27832,53815,95744,54062,70811,50214,76775,7560,0921,9426,6255,042,96
BinhDinh,18-01-2018,650269,64152,25413,92127,16326,79279,18258,82470,88949,78955,90689,63601,5456,0999,0604,8904,028,81
BinhDinh,11-01-2018,188861,22033,01637,85784,01773,13240,62391,16304,38457,32368,27412,75465,6878,4550,6484,7604,926,90
BinhDinh,04-01-2018,824996,20091,23911,61056,74221,50415,12368,94370,01841,48748,03753,47942,4411,9904,4318,4300,764,06
BinhDinh,28-12-2017,419052,74216,09476,55148,54306,13405,06848,42132,50442,93665,85754,16517,9648,9927,3125,3386,468,40
BinhDinh,21-12-2017,207580,60407,02040,29750,82869,11586,91949,21039,55616,58422,44105,35311,3739,4929,0737,5981,950,61
BinhDinh,14-12-2017,510546,92360,53388,77059,07175,50661,24242,50205,36890,48160,78739,06940,4688,6412,0943,1825,239,43
BinhDinh,07-12-2017,581114,29773,72449,10559,30050,47360,76537,23984,38801,55545,65427,28736,8975,5104,2278,0546,434,37
BinhDinh,30-11-2017,808960,75488,84007,88760,41449,10268,03554,95191,61425,23865,63882,00692,3375,3753,8809,0891,805,66
BinhDinh,23-11-2017,522633,26637,10698,75589,13204,15993,08554,31288,98136,83728,02404,15816,0567,4117,3680,1053,648,75
BinhDinh,16-11-2017,794265,11531,72756,93408,58401,17850,12691,66125,11436,69801,31835,02050,1816,9676,0848,4730,938,65
BinhDinh,09-11-2017,652096,56438,89345,33669,80701,28362,40398,22788,96194,07636,92801,20387,4910,8963,9844,0904,227,13
BinhDinh,02-11-2017,753343,60123,47561,89840,52757,55914,96233,41399,81714,32348,06309,05180,9851,4202,9830,0087,879,20
BinhDinh,26-10-2017,872674,83091,87149,34904,36643,06238,48024,76650,22146,85027,17985,60345,3248,8428,7814,5361,721,80
BinhDinh,19-10-2017,932473,56404,36350,06916,47902,21850,55022,57781,69614,25751,90347,23009,5225,7847,9583,4858,712,27
BinhDinh,12-10-2017,010387,22047,43147,56339,35293,74766,38553,56501,07519,06473,37170,32325,4134,7028,8953,9619,685,96
BinhDinh,05-10-2017,219735,68556,69899,25009,23188,60948,84293,03894,45856,13044,15435,48072,2430,5611,1903,8229,628,32
BinhDinh,28-09-2017,585000,42910,07932,68024,52316,49211,75658,94869,00714,36762,16526,50828,6914,3190,9439,1673,044,62
BinhDinh,21-09-2017,924868,99779,80185,69127,90884,55744,38150,02577,89868,21862,12118,68835,0843,2578,8522,7059,929,98
BinhDinh,14-09-2017,101900,76295,92091,80416,03859,80693,22717,84478,87304,37221,11095,63599,9127,4107,5381,1316,574,73
BinhDinh,07-09-2017,117871,79422,34668,91089,03349,36828,71195,16689,62936,35626,80225,28708,2353,7584,4041,0282,689,74
BinhDinh,31-08-2017,349596,17958,82055,61438,23738,51467,02059,21821,46010,29293,02006,04484,8410,5569,7368,9959,090,83
BinhDinh,24-08-2017,601136,16025,07050,90896,38472,22180,77040,06276,40259,75571,26020,50970,5290,5479,3952,7133,843,33
BinhDinh,17-08-2017,466901,36672,55203,31815,44991,07190,96006,72250,90311,47370,24082,88855,2373,5269,9969,5613,808,62
BinhDinh,10-08-2017,687018,56576,88870,25051,23913,66891,34153,41108,47908,39106,35365,77562,7051,6440,7930,7850,043,36
BinhDinh,03-08-2017,295341,60065,75448,46607,71548,82526,42291,94747,50852,49226,60627,93781,8566,5765,3374,5247,164,52
BinhDinh,27-07-2017,675944,02120,96190,25137,47287,65561,23002,87329,98214,16650,47830,93611,7860,7246,5038,3690,438,75
BinhDinh,20-07-2017,193947,31074,93808,33826,98696,90994,86623,13021,14611,03328,43093,66792,8136,0580,1295,7095,901,46
BinhDinh,13-07-2017,396582,73982,48019,61195,26022,20480,60847,64675,04773,62534,61793,85034,0533,2364,6152,2324,514,77
BinhDinh,06-07-2017,015237,13034,65718,53107,86049,27684,00621,92749,00400,63946,96399,62038,1470,4847,4870,0478,767,50
BinhDinh,29-06-2017,255481,88480,00228,31595,72291,95890,00650,02279,09113,18018,91490,68911,7953,8162,4247,8647,394,56
BinhDinh,22-06-2017,602522,77298,57325,95463,80109,45776,88410,35317,54816,49926,37091,49176,9066,9226,2150,3082,423,63
BinhDinh,15-06-2017,514158,29749,30379,21063,03821,58537,97391,81812,09577,28969,77571,62351,8710,1676,1808,3837,983,02
BinhDinh,08-06-2017,661911,43404,37429,81257,17140,73668,50216,68835,17099,96682,63960,17099,4201,1413,4503,1609,076,24
BinhDinh,01-06-2017,358684,61211,01700,93388,89731,24192,93892,68906,16490,75460,35138,99118,3589,6257,3288,6547,277,41
BinhDinh,25-05-2017,696581,70562,80060,07107,03168,00540,97729,47046,27748,62372,39315,27348,3418,4266,3026,9204,639,60
BinhDinh,18-05-2017,677855,83213,03337,01883,93530,99919,07478,30023,77571,67508,11308,27901,9770,7279,3989,3071,077,75
BinhDinh,11-05-2017,984394,89592,61314,99886,59713,56256,35938,36174,95936,75468,56917,80429,6830,9622,8446,9638,720,98
BinhDinh,04-05-2017,898716,43762,70674,11239,57704,81283,25462,74806,58075,50901,04720,13954,9878,1902,2863,3287,056,50
BinhDinh,27-04-2017,368205,90036,52662,80263,41851,07911,74434,96612,00863,58222,00829,44024,9853,2080,7857,6020,915,34
BinhDinh,20-04-2017,604472,17367,94130,37637,10339,21974,20989,54849,67585,55300,26734,30298,6679,6084,2561,1735,603,12
BinhDinh,13-04-2017,322416,02621,48656,58274,08880,02906,84931,40384,41959,36408,38887,99260,4733,7434,0670,3312,856,44
BinhDinh,06-04-2017,664157,84628,94761,22941,32851,70355,81909,70500,88053,60693,00374,08820,0886,9958,4906,4395,330,97
BinhDinh,30-03-2017,42254,94692,24342,18647,19845,90854,52417,19424,66043,03990,00995,31791,8998,6189,7410,5981,158,26
BinhDinh,23-03-2017,07510,89416,29249,88000,82087,82173,90702,43597,51708,39472,84118,06784,0087,2391,9035,8102,978,70
BinhDinh,09-03-2017,30275,82364,31795,38697,41521,62660,82393,77781,37772,61019,79660,67047,7505,0189,6763,1029,016,64
BinhDinh,02-03-2017,02646,76124,79677,94837,65884,50218,68767,26372,54667,02557,71632,48971,1148,5598,8830,2708,755,11
BinhDinh,23-02-2017,91843,57788,40050,10303,62935,40832,95467,27255,88128,47021,60670,95607,0683,6526,3545,7784,459,73
BinhDinh,16-02-2017,70564,54073,28606,45570,57104,29837,27192,92332,54635,62752,65113,42163,9221,1723,2794,7271,591,51
BinhDinh,09-02-2017,10691,22202,63214,06782,53127,74668,06550,78784,11220,99803,46795,46408,2073,7660,8694,8850,110,45
BinhDinh,02-02-2017,45381,64933,48863,32638,70175,61089,28863,48690,31788,33631,16494,41064,2066,6488,5410,7045,944,33
BinhDinh,26-01-2017,53773,64237,00571,54970,90458,44745,25670,70680,77008,85798,56317,50215,1394,1620,6856,9785,174,38
BinhDinh,19-01-2017,76325,47215,11438,18663,22577,63314,84430,27443,76813,09471,04629,30756,4309,8885,1233,1095,340,19
BinhDinh,12-01-2017,71976,63499,04094,48591,74143,91816,23560,61392,88187,00443,37967,46687,6066,5946,9186,7254,119,32
BinhDinh,05-01-2017,90177,90030,81592,22806,35602,84297,72263,73201,79333,65352,81118,89343,5785,9858,2314,0068,700,13
BinhDinh,22-12-2016,21061,58831,60254,85190,76879,95864,87671,43775,82165,18897,14542,80778,6365,1973,9199,7399,113,26
BinhDinh,15-12-2016,86088,33492,97648,13982,24583,89691,81376,91081,37871,98976,49394,89661,4124,2240,7724,1808,559,44
BinhDinh,08-12-2016,93838,25994,20090,63909,55881,11769,65515,11713,74992,13960,10234,81264,9476,6411,4360,7844,584,29
BinhDinh,24-11-2016,88451,20314,36791,82065,93294,63404,17503,48287,60614,33121,22276,59812,0543,7987,7979,6851,297,77
BinhDinh,17-11-2016,72208,67515,74962,73301,32717,66498,78996,20062,42392,92560,52485,14416,1908,4621,0948,0415,102,78
BinhDinh,10-11-2016,45241,44677,73849,27643,65425,01400,76802,81851,32907,43186,82387,57392,6372,2420,5323,5867,280,48
BinhDinh,03-11-2016,90056,52361,58671,84560,39084,49533,95775,05127,72507,36843,37072,46728,6712,0972,4745,1154,886,70
BinhDinh,27-10-2016,41080,32470,50435,53580,12951,29228,63838,02542,74054,81796,75785,54231,6659,8929,3864,7208,763,59
BinhDinh,20-10-2016,24125,68649,42078,20338,52676,78785,55076,97438,66145,35118,09938,77545,7726,6054,3189,3511,597,97
BinhDinh,13-10-2016,63126,94259,83713,97981,20342,38187,42260,91243,35724,88388,48899,07842,8113,8929,1686,1291,988,27
BinhDinh,06-10-2016,60184,88238,46450,74702,49590,26357,34694,36518,28297,92030,25697,83375,5545,7313,7566,4983,456,96
BinhDinh,29-09-2016,02085,89889,18058,69491,67015,65031,45178,04313,36865,92655,40738,46304,7297,3544,8689,9025,682,82
BinhDinh,22-09-2016,22271,06160,34939,41521,40699,98110,85273,61070,47125,04124,97968,38983,9760,1175,3526,4115,237,83
BinhDinh,15-09-2016,85320,94973,06224,20809,03046,82040,77682,15346,35737,06975,87151,51088,5402,9041,5608,0966,504,03
BinhDinh,08-09-2016,92407,46201,85235,47831,44024,71587,84089,53664,75555,84207,56231,01828,3526,8071,4943,2104,643,55
BinhDinh,01-09-2016,63465,37757,91146,76972,35985,75726,72017,94193,23760,70968,93456,37107,7848,5465,3606,0807,844,82
BinhDinh,25-08-2016,01626,79582,49038,87149,57769,27020,34225,10301,75064,78330,96134,55721,7410,9685,1081,5788,556,57
BinhDinh,18-08-2016,52527,36087,39683,21760,70179,34152,47753,31398,19225,34030,76552,31835,2073,6167,9594,0376,114,41
BinhDinh,11-08-2016,22615,34243,59509,53794,40529,28675,13912,59474,84748,17942,07711,84960,4848,0747,2679,2772,474,50
BinhDinh,04-08-2016,15758,55257,21684,60780,44865,67187,58160,04048,70103,88374,87129,73552,5448,4220,5993,6713,086,14
BinhDinh,28-07-2016,13867,07951,75861,58604,29123,52795,96700,94153,53928,07636,79145,32747,3209,9344,6569,1729,527,17
BinhDinh,21-07-2016,04264,60464,23991,23754,09164,35538,21714,86994,54851,39018,28607,08213,6057,3532,9095,1718,465,29
BinhDinh,14-07-2016,90929,18935,60231,88667,07445,60272,59741,00892,00537,07161,79620,51094,7987,5603,2183,9843,496,62
BinhDinh,07-07-2016,87765,51391,99705,42024,11640,05799,66622,04757,06380,33718,89547,41721,9254,9382,9677,9409,296,08
BinhDinh,30-06-2016,29160,14632,20390,96267,17716,42639,34342,08764,21190,40439,79467,19062,0671,7268,0942,1662,476,83
BinhDinh,23-06-2016,81456,49376,30302,42802,78342,49476,78616,86948,18127,56071,04004,04019,9514,2338,8511,7231,261,61
BinhDinh,16-06-2016,35459,70417,66064,24568,02684,36961,32202,02699,10136,28466,42469,79507,4971,5200,2270,9215,338,14
BinhDinh,09-06-2016,00788,58220,16081,12279,84282,10786,10344,18374,26575,98453,74528,02984,8923,3035,3383,8176,649,51
BinhDinh,02-06-2016,40592,84447,31722,93129,89116,44632,06714,40650,48730,85881,02185,09515,2448,7867,8504,2013,126,87
BinhDinh,26-05-2016,77288,69665,37905,69648,76453,07147,40812,93304,36035,71418,74379,14769,2377,9386,2373,2715,613,67
BinhDinh,19-05-2016,11891,04140,33186,83331,04320,57261,64604,24468,22157,51135,10360,83955,2140,8917,7801,7741,073,78
BinhDinh,12-05-2016,02178,26184,41781,70106,99873,94259,81516,76195,78104,76301,53562,85927,8833,8953,0116,9210,880,49
BinhDinh,05-05-2016,17998,03529,25656,82937,15791,78693,70210,60747,72146,95796,90748,27220,6671,5156,4967,4641,330,84
BinhDinh,28-04-2016,11354,07864,93296,54311,52404,46950,60098,40836,53764,32889,97361,34066,0159,7813,3015,7098,331,88
BinhDinh,21-04-2016,52420,22427,36771,72084,39580,15438,56947,83935,44113,88788,48859,55773,5544,3730,6650,8202,272,01
BinhDinh,14-04-2016,26265,10359,79637,04868,30328,19964,07400,59071,31678,23276,01228,66270,8168,0563,0453,0016,526,47
BinhDinh,31-03-2016,513252,58808,36156,73625,12321,84120,43777,50202,85567,38861,18692,44898,1768,3270,2719,6541,802,76
BinhDinh,24-03-2016,405324,35571,03553,06549,28968,68261,88737,23598,85559,09889,30720,20275,7539,7092,4961,7370,098,54
BinhDinh,17-03-2016,584509,21659,45036,71290,74264,33798,92790,37614,39999,69631,92239,56064,7177,2076,2268,0449,726,90
BinhDinh,10-03-2016,966450,20604,65797,15528,29414,44329,86248,08341,81127,77580,85679,30954,6601,0375,6123,5187,800,66
BinhDinh,03-03-2016,724393,72685,01037,83921,48023,42622,51240,28549,58000,59504,04096,47350,5024,6713,5555,8403,307,30
BinhDinh,25-02-2016,373392,99470,31418,01453,08600,91345,02790,94238,89242,90454,93105,70154,6611,1199,1487,0803,200,17
BinhDinh,18-02-2016,852936,19414,76722,73150,78017,11991,11015,97340,44158,54300,30898,04578,5419,5246,6993,0369,175,40
BinhDinh,11-02-2016,952618,35539,51557,64434,86534,76201,63650,86462,80137,44968,35387,56586,9875,9000,8722,7467,409,60
BinhDinh,04-02-2016,675180,91889,00766,84691,05043,35709,66087,35483,52348,43303,28592,08566,2974,5033,4999,1949,569,43
BinhDinh,28-01-2016,249871,70189,92704,63215,54470,69383,94208,20913,81782,98540,00144,60136,0797,3116,1296,5483,683,46
BinhDinh,21-01-2016,427487,09999,65984,96663,40261,32769,97320,09362,94242,86265,64698,96764,0774,0225,6609,2576,575,94
BinhDinh,14-01-2016,670538,00043,07992,31483,95718,10358,95818,86869,34163,36821,07762,43838,1636,6842,5099,4917,002,40
BinhDinh,07-01-2016,126922,06293,82190,22299,93038,46174,18502,98221,68061,19020,35912,86281,0622,5418,6642,6784,322,02
BinhDinh,24-12-2015,706787,12259,35924,36830,90791,98625,08761,83497,53291,03737,23285,11261,6560,9544,7632,3978,878,87
BinhDinh,17-12-2015,628457,51800,73652,14524,96796,44871,85184,57935,71711,71079,28446,94716,5924,8268,1626,3087,550,88
BinhDinh,10-12-2015,484477,58643,52925,72583,16773,85149,85319,26850,36121,12226,88325,80157,2599,7229,4919,1369,403,00
BinhDinh,03-12-2015,256827,10333,64035,85437,89021,73056,85960,81144,53408,84926,73658,27257,9965,1036,4058,1130,752,11
BinhDinh,26-11-2015,048528,40475,92287,50701,58141,51501,60321,70995,92627,47541,74411,12437,9956,0729,7607,6427,997,47
BinhDinh,19-11-2015,473634,55617,03493,05118,96159,02853,99550,54667,31748,40170,36006,53196,6546,2446,8666,1307,508,07
BinhDinh,12-11-2015,911149,64303,30373,82570,21514,15766,55496,42280,82832,24216,55755,72665,2243,1097,7325,6528,357,19
BinhDinh,05-11-2015,35453,49799,62037,42890,97743,61132,94462,71487,58205,40382,25870,56134,0013,5641,9025,7853,480,92
BinhDinh,29-10-2015,88472,26429,60417,58795,85534,68521,05880,71978,01285,73082,98936,78444,3532,5307,3548,3364,344,02
BinhDinh,22-10-2015,98409,04207,51460,80523,32435,78025,84051,34639,71479,82970,33751,03527,9218,6197,1184,3431,131,85
BinhDinh,15-10-2015,79545,82048,28260,03935,83834,40890,76353,21085,48925,41259,42728,49035,7974,6440,7029,3738,128,13
BinhDinh,08-10-2015,97382,58154,59410,85023,66086,54818,75769,89280,15501,97908,44161,45896,3085,6880,4908,2991,690,85
BinhDinh,01-10-2015,00476,46492,26440,54013,89599,80357,74140,68450,92106,87084,23904,55113,1707,5041,6417,4559,650,28
BinhDinh,24-09-2015,99249,68249,49667,03936,21739,00394,98595,95858,66901,32676,18254,51639,2378,0673,4011,3217,980,73
BinhDinh,17-09-2015,99640,99532,96698,92154,37789,46177,59996,66743,23414,37427,94276,86652,3646,3123,2159,5379,118,02
BinhDinh,10-09-2015,58396,80935,11393,51228,09500,99464,12396,87022,25101,80533,64753,66958,6413,9875,9617,7050,425,49
BinhDinh,03-09-2015,54531,34868,45841,48797,95903,79938,33388,75748,80123,24650,05284,97059,0797,4082,7347,0770,153,81
BinhDinh,27-08-2015,19329,57023,53396,77347,68521,80380,94720,81864,06287,57257,04640,23493,3296,8566,7266,3490,736,90
BinhDinh,20-08-2015,76965,55591,06992,40483,22911,96946,41666,13199,33007,25835,37031,59993,5563,8332,9858,0934,295,62
BinhDinh,13-08-2015,71124,36970,72666,45362,90122,41415,74518,34703,99759,91354,26170,61135,3607,5875,0491,9988,363,97
BinhDinh,06-08-2015,30278,76149,50819,90392,58046,45305,07481,01179,90856,99060,27145,40587,0716,9682,3999,0308,432,62
BinhDinh,30-07-2015,61892,86786,39458,48683,48598,55283,07284,21021,92085,03636,82866,62936,4318,2282,6345,7226,409,02
BinhDinh,23-07-2015,90544,07112,94490,42117,54031,16192,20412,74922,21836,22571,09231,50942,1096,9604,0571,6038,670,24
BinhDinh,16-07-2015,41790,99297,68121,63645,74446,70388,94155,32998,42689,25400,03379,76112,2413,4012,8525,0806,640,76
BinhDinh,09-07-2015,17451,47655,82872,70948,70390,80947,47395,48747,92269,97250,84060,75820,3522,9685,1871,7046,889,78
BinhDinh,02-07-2015,06789,32704,08016,61372,01217,70275,84225,66157,92560,94510,80968,36622,8679,2181,7894,8406,344,14
BinhDinh,25-06-2015,69604,72305,72725,78223,09357,96618,41558,99508,31197,93383,86583,64016,5609,2455,9431,1512,402,32
BinhDinh,18-06-2015,43423,10621,70561,34397,28691,02026,77250,80582,25349,62520,76540,28947,6752,4898,4465,8881,889,29
BinhDinh,11-06-2015,90703,02961,51508,31203,33287,94887,14316,36839,99096,39758,13439,08351,0183,1895,2794,1125,339,19
BinhDinh,04-06-2015,19391,13910,51993,11240,49028,00468,20972,56790,11237,20798,50145,31438,7347,2314,9121,1254,742,22
BinhDinh,28-05-2015,54408,37234,06508,38684,09496,06675,04763,18001,36715,18581,61994,15647,8581,9746,2240,1349,669,27
BinhDinh,21-05-2015,63309,96111,17312,77720,61286,16204,21046,72866,26208,80725,99108,97978,7736,0083,4336,4927,458,66
BinhDinh,14-05-2015,06591,93073,07316,17650,17880,71591,29748,70341,76123,73127,39386,53603,4248,6837,6087,2757,239,96
BinhDinh,07-05-2015,27616,22039,39344,10045,40291,81555,69735,82565,62720,68737,84825,87601,5579,4941,0531,8661,805,77
BinhDinh,30-04-2015,23688,12288,42559,58207,30631,50749,59679,57899,18733,50626,66724,12469,2439,4538,0038,1328,363,13
BinhDinh,23-04-2015,61553,29516,83928,92329,22694,99757,76665,83413,16040,30531,37439,51889,5530,5307,7389,0839,164,24
BinhDinh,16-04-2015,38055,50880,50373,24162,27569,05446,85700,28529,49640,83746,50959,84945,2939,1177,7198,8534,503,26
BinhDinh,09-04-2015,59887,35414,31416,85009,73381,64067,52747,30118,05389,96225,92790,88825,8003,4700,7914,8950,741,80
BinhDinh,02-04-2015,48042,43271,96824,95494,75001,14197,36826,40486,04276,42895,59004,80628,6674,4886,2598,9516,568,48
BinhDinh,26-03-2015,84459,26718,42352,41832,56058,35803,18171,78264,02218,59507,48792,49431,8419,5663,1123,9065,876,12
BinhDinh,19-03-2015,15902,13852,04084,44022,43216,46838,92273,04429,86406,22887,63884,03583,5067,7361,0028,3931,149,57
BinhDinh,12-03-2015,98675,31535,35819,58472,73100,89503,24817,48457,49870,15166,65960,31274,8609,1853,7940,7798,465,21
BinhDinh,05-03-2015,39771,07846,32622,11787,45131,20444,38112,18601,78368,14728,98312,90656,4191,8220,0015,3065,521,69
BinhDinh,26-02-2015,54780,74671,04987,42994,19494,89850,40820,22490,66507,92763,21305,30799,3476,5539,7761,8173,372,96
BinhDinh,19-02-2015,04094,00476,63646,25906,22969,46776,19144,32653,37787,45241,84513,54802,6221,9986,9612,8964,227,53
BinhDinh,12-02-2015,38806,86342,58532,06092,47296,21017,22022,13038,46693,94713,57140,46666,1449,0025,5795,2214,986,04
BinhDinh,05-02-2015,84054,59151,72814,69702,84289,51466,37040,37544,78781,94114,63891,87854,0258,8592,4588,2882,419,57
BinhDinh,29-01-2015,23563,54443,07374,24021,04502,81471,15669,88138,14827,64136,93809,48799,0130,9828,7945,3415,708,43
BinhDinh,22-01-2015,91816,28768,64272,30893,38229,30276,40466,09000,59331,38904,09339,13641,7466,8595,4297,3216,054,88
BinhDinh,15-01-2015,93365,97214,19337,54265,01245,89608,32307,52111,70884,78106,98716,37356,3174,2225,2701,0561,967,55
BinhDinh,08-01-2015,57326,44764,36645,47892,72948,63544,23399,01353,68547,06309,54149,00191,2597,8006,3186,2225,494,18
BinhDinh,01-01-2015,72912,82274,39596,45373,67115,00131,25643,32354,14252,93762,55777,57767,8578,0542,0522,5527,493,01
BinhDinh,25-12-2014,23693,26434,40214,38388,14308,25923,17282,31680,32539,80604,23463,25536,5084,4582,2551,0097,535,33
BinhDinh,18-12-2014,35958,61809,25733,35159,95206,53701,34787,39736,22654,61988,42774,43658,1085,5890,2318,2694,636,46
BinhDinh,11-12-2014,74370,12177,24296,65206,32468,00497,97204,20606,89483,34953,93458,43255,6847,9873,3429,0017,480,92
BinhDinh,04-12-2014,28981,24738,74705,76599,28648,99856,43409,10787,93462,73378,81341,69838,5788,8554,0504,9356,725,31
BinhDinh,27-11-2014,21691,82030,44060,36078,29354,78994,93300,02844,61640,20426,49319,69738,0935,6631,4732,9534,220,82
BinhDinh,20-11-2014,60218,74579,76143,14684,77488,78551,16242,18367,21265,07912,62790,76503,0927,4543,8928,0906,447,77
BinhDinh,13-11-2014,46698,10277,81432,46589,16925,04722,27107,21290,72087,39850,02289,59305,8181,3604,7565,9438,863,32
BinhDinh,06-11-2014,34613,96958,56308,74962,54931,73020,88165,44223,93879,35971,06702,70594,9103,7909,7986,2306,987,05
BinhDinh,30-10-2014,33778,58334,39783,98802,56483,81949,69680,37668,99269,29120,34431,33836,3342,6960,1346,2066,545,31
BinhDinh,23-10-2014,66195,41582,88730,68900,03108,04971,98701,28504,31266,43714,11151,74698,0057,1721,2463,4207,007,70
BinhDinh,16-10-2014,15674,20255,00644,95122,82381,74992,52491,70747,71196,78427,13078,80666,1368,3574,9406,0442,429,72
BinhDinh,09-10-2014,73607,70275,05748,92317,63865,08290,71072,19090,37640,10739,97591,43404,2571,3148,8582,4662,807,15
BinhDinh,02-10-2014,29046,69142,20041,90077,07747,09074,10689,74661,25236,71192,97768,77198,2886,1863,5768,1189,061,14
BinhDinh,25-09-2014,14836,32593,18559,03844,84379,85193,16175,31101,69511,25559,68614,66254,8780,1070,1710,7802,063,13
BinhDinh,18-09-2014,08407,43114,24066,57668,30059,67883,62370,41921,48005,49795,83418,22434,6583,1681,1786,5400,880,27
BinhDinh,11-09-2014,03724,65764,34871,42951,33614,18700,31808,08731,04854,26905,61112,45606,9311,1166,1749,1870,877,45
BinhDinh,04-09-2014,04652,40839,19354,97396,11067,10386,99002,94425,05123,83337,85427,04336,5003,3421,4098,8190,675,33
BinhDinh,28-08-2014,54903,62123,06053,65696,35396,83359,76238,86997,25348,26874,63898,67147,8185,4764,2792,3278,481,96
BinhDinh,21-08-2014,63751,98554,39805,55162,70744,32466,34931,19410,74555,34478,62848,98033,0836,6526,9593,8510,122,73
BinhDinh,14-08-2014,25551,35054,49675,59157,28657,54678,05964,82230,32149,51934,86868,03616,7258,4652,7954,5750,497,50
BinhDinh,07-08-2014,13878,43452,92073,31533,50841,18165,33834,93124,23274,26145,10764,87546,3482,0713,1307,1500,794,17
BinhDinh,31-07-2014,41670,15948,90623,36662,15041,50287,63772,03674,09374,00629,52954,79615,2046,6901,4364,6197,171,23
BinhDinh,24-07-2014,75359,69286,81610,16425,85169,60786,30632,66661,37333,16722,63624,13726,7180,3125,5345,6792,247,21
BinhDinh,17-07-2014,02213,83185,28488,75091,18938,71165,96586,72573,67895,40655,76809,19946,3478,4863,3783,9450,737,16
BinhDinh,10-07-2014,51561,45898,05796,52631,80945,24231,39785,45903,49058,60227,82888,54714,0972,2409,5938,4954,545,85
BinhDinh,03-07-2014,59721,93424,00908,71659,39489,11642,67330,36828,50211,50081,47580,90737,5760,5781,3163,4271,408,09
BinhDinh,26-06-2014,66442,80142,65323,15328,17479,47718,30396,56385,30369,18166,26782,05451,8390,6962,5273,9702,392,36
BinhDinh,19-06-2014,47261,02622,59042,59430,74802,56971,05278,40877,36383,24151,23054,80982,3109,9101,8603,3455,135,62
BinhDinh,12-06-2014,33504,06345,06311,52191,81070,53611,00002,16265,08371,96005,68707,91982,8970,9414,1752,2819,876,13
BinhDinh,05-06-2014,40190,05330,28222,55675,50343,72819,17915,72980,19472,57077,56483,65161,6782,6780,3027,2708,825,86
BinhDinh,29-05-2014,86906,26218,32049,60265,09244,03527,54131,56862,78102,85241,29172,79680,0189,3279,9877,8977,850,28
BinhDinh,22-05-2014,46430,40326,46945,24965,30613,71852,06205,22348,93183,20528,10349,22267,9335,7660,7941,3528,519,73
BinhDinh,15-05-2014,15759,43798,26821,79501,79552,66967,24301,75679,21526,13342,55108,83212,0176,6707,0236,6534,356,27
BinhDinh,08-05-2014,16646,32039,65679,73801,17100,16062,36100,58176,86839,33286,01055,49268,6072,6577,3674,2078,206,57
BinhDinh,01-05-2014,98746,44879,78075,67652,20659,33339,43776,18369,10153,36936,28453,30999,1388,6106,6690,6283,108,75
BinhDinh,24-04-2014,88212,47322,90382,73920,53138,53705,94693,52749,63243,57570,10417,79712,2892,8111,5015,9568,052,30
BinhDinh,17-04-2014,01127,97738,40971,66671,76776,48019,78745,24816,64213,64355,73811,71488,2034,5260,2329,1438,260,57
BinhDinh,10-04-2014,12423,20048,75436,82813,70287,83404,14218,76066,66317,38397,97861,59531,6555,8939,5256,2475,012,38
BinhDinh,03-04-2014,19017,57151,90935,72121,06811,60902,47601,24017,25776,04340,83833,88452,6358,1993,4012,9019,865,32
BinhDinh,27-03-2014,82786,80192,37744,32777,78156,65689,73824,81863,66740,99413,76196,81799,4249,4555,1601,5019,871,21
BinhDinh,20-03-2014,01086,44417,07964,33884,21125,11492,91586,67242,47419,06601,51647,52105,8846,2166,2448,4924,139,45
BinhDinh,13-03-2014,64554,47206,57734,78431,15045,12180,57617,97679,08444,58784,20616,70880,7438,5415,4665,2156,047,86
BinhDinh,06-03-2014,42815,68709,83360,61533,33084,94463,41699,24134,84676,47247,91168,72504,5096,6413,9775,5954,365,92
BinhDinh,27-02-2014,80111,58953,21138,04124,79663,69626,89547,37300,21938,06581,41402,63586,8736,7802,5848,4359,382,72
BinhDinh,20-02-2014,57898,90086,85440,22451,06758,30121,31983,73734,08408,46564,12051,11909,5628,6683,4670,5953,598,12
BinhDinh,13-02-2014,32387,04498,42172,32611,72956,69449,28903,10704,16930,81106,56824,18250,3069,7432,1089,0877,896,60
BinhDinh,06-02-2014,57057,47194,00837,24212,54083,31905,31968,63738,60111,05378,15338,64649,7081,2013,0402,0617,436,71
BinhDinh,30-01-2014,44518,20110,17024,53065,41677,94712,99148,41011,51642,01819,02075,23519,6491,1089,4011,8145,131,12
BinhDinh,23-01-2014,44139,65468,64115,61613,28573,09086,39153,73188,61815,37336,46476,10537,8427,3065,9215,9131,388,83
BinhDinh,16-01-2014,63483,29126,08745,94248,56643,01827,53530,60756,58425,78172,66345,70833,9335,0808,7577,9427,499,70
BinhDinh,09-01-2014,57222,57725,09941,02485,18132,35786,05733,28286,72704,08587,06503,36270,6888,6090,3215,6757,079,27
BinhDinh,02-01-2014,36511,98424,71587,41950,66392,76984,84122,08421,25405,13919,07703,21617,4519,5783,7610,4157,568,82
BinhDinh,26-12-2013,82599,49397,38464,80908,48304,76557,30646,42899,44504,04997,55690,85303,0307,6377,1438,6564,367,92
BinhDinh,19-12-2013,52847,15069,80876,92434,29457,81271,80210,94162,07955,01403,59767,03686,9438,7165,3566,5719,106,68
BinhDinh,12-12-2013,29730,18389,96040,04401,52438,17270,04615,91076,17719,48181,09742,15656,0357,0454,0737,0768,793,72
BinhDinh,05-12-2013,55273,62234,08589,80139,79190,88759,51123,76525,54729,47580,18308,88324,6496,9710,6910,8183,206,61
BinhDinh,28-11-2013,70963,60998,86796,69911,67530,12334,73493,53488,20696,45582,61643,75973,6701,0534,7165,7898,344,38
BinhDinh,21-11-2013,59618,78190,48090,02907,41659,56295,54350,71397,79220,15447,66824,39920,5766,3599,0631,0509,975,04
BinhDinh,14-11-2013,26731,96536,40181,54484,67644,19041,29728,50776,47136,20784,01272,51866,1631,4872,4990,7682,311,31
BinhDinh,07-11-2013,80929,37577,05388,20014,78430,46406,18623,49709,89798,20059,83566,65949,2715,0223,9333,2190,325,89
BinhDinh,31-10-2013,31435,58166,37770,03328,15987,97945,82504,52774,26256,54345,77865,62977,2505,4093,6184,2294,613,86
BinhDinh,24-10-2013,07850,65578,13113,30570,71120,26965,50594,69396,11563,24678,35037,87558,8553,5652,5524,4319,950,93
BinhDinh,17-10-2013,88373,62259,61239,10353,01908,15047,21033,16119,87410,54040,30881,60127,8782,9365,4360,9853,757,53
BinhDinh,10-10-2013,34411,29894,88724,71652,19373,62955,22139,01272,10796,98406,88324,98761,6980,9815,1170,9688,152,15
BinhDinh,03-10-2013,87799,81498,11481,17371,83164,09629,98998,86644,32229,60731,99870,16952,8826,8220,6412,2744,712,29
BinhDinh,02-10-2013,63322,85752,65365,65268,36874,51656,28122,18234,49544,37064,60321,65398,9548,5554,8370,5061,231,24
BinhDinh,01-10-2013,63322,85752,65365,65268,36874,51656,28122,18234,49544,37064,60321,65398,9548,5554,8370,5061,231,24
BinhDinh,26-09-2013,63322,85752,65365,65268,36874,51656,28122,18234,49544,37064,60321,65398,9548,5554,8370,5061,231,24
BinhDinh,19-09-2013,48906,10721,34381,87227,64733,53504,74139,09772,16850,24498,72180,01119,3466,1982,6817,4830,817,12
BinhDinh,12-09-2013,72198,71392,23976,08290,00024,07746,24394,03001,54172,64557,96661,22697,3516,9815,9086,7049,572,05
BinhDinh,05-09-2013,67609,49327,58621,37931,22621,85706,36209,07057,51338,04338,02353,03717,7219,9581,1837,9249,817,83
BinhDinh,29-08-2013,84048,52104,57284,10185,51672,90992,16762,78814,64969,38295,21472,37035,0274,5458,0639,1989,708,47
BinhDinh,22-08-2013,11618,35180,08108,25895,71684,86060,57842,12386,22377,47754,68234,66142,4241,7611,2840,0888,847,46
BinhDinh,15-08-2013,77350,32085,84577,24413,18561,94522,06986,89246,75866,18096,17416,97021,1136,2399,3752,1743,206,83
BinhDinh,08-08-2013,74816,42467,72331,33374,38112,13045,52731,59597,11178,71344,41469,82754,2372,6055,3218,7423,456,31
BinhDinh,01-08-2013,21896,12136,31909,89700,75953,62643,09444,34717,77480,94938,87304,96458,2965,7376,8850,7919,035,95
BinhDinh,25-07-2013,01691,40894,96226,20743,89286,22081,68215,76516,09553,01814,59888,16079,6959,8577,8884,8511,081,74
BinhDinh,18-07-2013,74370,29828,18180,01389,43102,53051,56469,16279,35619,21624,79147,26466,4467,6051,2645,4373,556,51
BinhDinh,11-07-2013,52559,31208,94872,54808,55655,56503,99880,77271,34946,87188,57708,94295,0213,3405,2684,8822,805,82
BinhDinh,04-07-2013,08117,77850,76124,49748,42870,53948,75615,72286,34345,14614,75197,33860,9017,2612,2417,4980,160,73
BinhDinh,27-06-2013,70163,17645,84340,69883,04515,49464,87076,07785,73896,92340,09057,95378,5725,5077,2244,1846,743,25
BinhDinh,20-06-2013,23590,85423,23914,37721,01736,30716,27233,71532,70784,45951,90166,23916,4653,1694,6316,5209,812,78
BinhDinh,13-06-2013,12750,39494,79779,85166,59272,23560,29113,07389,97596,80575,96533,87492,0942,8702,4743,5078,851,77
BinhDinh,06-06-2013,37269,77381,14798,78945,78372,12138,40505,68858,07351,66318,78683,91643,3020,8895,3818,4768,880,01
BinhDinh,30-05-2013,14438,14995,34413,74665,29258,01811,19497,60000,36222,20459,76703,87136,6973,8552,4652,2527,663,08
BinhDinh,23-05-2013,21778,55336,88501,07729,89869,70094,26525,52460,25629,83428,85524,69613,3611,9887,1045,7434,776,41
BinhDinh,16-05-2013,09911,92824,11775,10303,55296,97325,16140,03355,72684,46152,07822,02740,2561,4823,2033,8194,392,62
BinhDinh,09-05-2013,54818,35686,21699,31067,28743,95745,20830,25756,24052,31526,30738,79843,5233,6780,1107,3547,684,52
BinhDinh,02-05-2013,48477,37407,26377,73087,73166,73887,90622,95498,17002,53048,50435,94000,8034,7233,1624,4745,649,51
BinhDinh,25-04-2013,67709,30708,13185,01339,77195,60834,48446,93855,69789,34614,80609,34521,3501,2526,9816,7179,691,52
BinhDinh,18-04-2013,01483,84447,58743,98255,39010,73594,54546,71518,82591,72597,71006,48726,4251,8292,1851,8831,882,10
BinhDinh,11-04-2013,85113,58761,53805,14766,38355,75940,10170,72811,31419,12715,54235,95497,4743,0616,6273,2691,497,53
BinhDinh,04-04-2013,86872,91024,15146,86636,43167,72057,26795,65796,82201,56499,01133,47140,6900,5004,8781,0466,141,20
BinhDinh,28-03-2013,79026,29546,18512,15236,23966,39893,77133,73818,35597,65902,38972,01824,0760,4776,2725,4029,316,56
BinhDinh,21-03-2013,85562,65096,91898,01361,28666,30187,19753,01754,01883,29857,58393,12796,5843,8417,4719,8855,247,74
BinhDinh,14-03-2013,51764,24395,50179,36666,69831,13493,16160,33259,78737,26662,22454,24889,3227,1303,6774,5641,611,06
BinhDinh,07-03-2013,48374,68561,13783,06323,11785,77954,15970,62457,59186,47564,66969,49085,6721,0968,6340,6961,299,91
BinhDinh,28-02-2013,54588,20351,50390,39187,90939,28759,30936,02731,21829,88685,88296,10948,7317,7482,0672,4599,272,23
BinhDinh,21-02-2013,41743,83687,86711,56986,94742,58116,40064,15674,45783,35974,06272,91178,5512,3781,8361,1285,309,38
BinhDinh,14-02-2013,61113,56182,27344,39267,45529,70859,77718,28503,68449,71799,36745,64891,1580,6147,2863,8674,015,48
BinhDinh,07-02-2013,05969,05893,19292,01781,29460,72928,09653,96576,71300,81873,44702,63901,2292,6165,9506,8891,534,41
BinhDinh,31-01-2013,14492,19219,23841,08870,31446,15907,80645,13122,48297,01830,82849,58735,1847,2282,5940,3404,504,44
BinhDinh,24-01-2013,88132,89318,88231,41510,92074,82481,19035,25879,81076,03626,33734,24983,5443,7391,1921,1785,391,15
BinhDinh,17-01-2013,27764,50309,72782,43879,61476,04444,58271,36943,29915,23236,69025,31860,7055,7315,9081,7092,780,03
BinhDinh,10-01-2013,94084,41509,90336,11858,74436,61512,19710,53347,48980,74676,61315,16347,3212,1173,4141,6735,062,10
BinhDinh,03-01-2013,10687,27447,41900,96528,91783,79720,21508,90060,17618,21718,60266,78467,7910,4230,4488,0474,407,21
BinhDinh,27-12-2012,73137,45847,98972,16503,87046,38978,14104,20010,14890,41761,05181,44686,0358,4833,0595,1017,621,20
BinhDinh,20-12-2012,77557,69140,11753,68979,30104,39942,00611,59790,82709,96206,80129,11660,6410,8042,8284,5494,070,34
BinhDinh,13-12-2012,58175,25746,23067,14227,28138,81482,90164,65999,01654,98893,55088,11345,3548,9140,3413,1094,137,05
BinhDinh,06-12-2012,54839,04705,72329,06896,53509,04922,62509,24776,47884,64645,87911,42039,9554,0469,7832,0983,221,59
BinhDinh,29-11-2012,78206,28796,44257,71767,91434,65119,58195,13238,69584,94858,50842,23600,8214,6996,0908,2157,244,44
BinhDinh,22-11-2012,11190,59226,21151,27328,52749,82565,08679,88461,67009,92384,43646,99300,8654,0263,6497,0934,042,90
BinhDinh,15-11-2012,16211,46492,83614,36040,93857,99029,98463,40211,20472,35378,26881,49988,6979,7037,5272,2557,918,45
BinhDinh,08-11-2012,91963,73277,53822,62913,70508,97068,25804,68998,37233,60109,08232,39037,1832,5826,9678,7678,991,19
BinhDinh,01-11-2012,35144,27837,47645,51212,62769,67577,14636,48169,08663,01565,99530,86045,2438,5128,1095,6463,465,43
BinhDinh,25-10-2012,50047,22331,75630,02884,21724,10809,00247,44531,49743,12667,07222,06090,6054,1994,2039,0559,061,24
BinhDinh,18-10-2012,29125,83746,90006,96187,14186,54021,02855,59959,61512,69709,42177,85889,3809,5898,1163,3115,088,74
BinhDinh,11-10-2012,04874,71368,85918,02618,58226,37705,03610,16956,82441,14838,04889,45844,5730,7553,6431,4022,326,90
BinhDinh,04-10-2012,60036,66608,00828,53717,18439,43615,95800,90276,38505,88288,30222,79843,7017,3860,9382,8989,135,98
BinhDinh,27-09-2012,21237,30644,93323,25085,45810,64177,24259,31414,89617,42959,96790,16459,6206,3180,8429,1523,436,76
BinhDinh,20-09-2012,52138,73618,59979,79223,78848,05869,65431,63145,11637,37757,03222,09609,3403,5642,6436,9897,784,31
BinhDinh,13-09-2012,93094,50977,96529,66158,59651,84962,92917,35785,16573,70718,84769,50083,4493,9219,1762,8292,606,17
BinhDinh,06-09-2012,31361,42526,08177,88172,09449,97668,13060,34483,67637,94670,68305,90421,1533,8093,8294,2669,591,74
BinhDinh,30-08-2012,41066,29715,38545,87891,83414,35667,36894,09046,92273,76973,63976,12951,4885,6936,1995,5689,456,02
BinhDinh,23-08-2012,73563,05548,70275,16562,92994,91115,51948,50826,28456,84188,93549,53440,4364,2551,7284,7459,218,62
BinhDinh,16-08-2012,41452,06426,75043,64870,74054,73875,52574,64753,32358,19848,30053,68656,1162,9401,2900,9588,525,12
BinhDinh,09-08-2012,40545,94464,75031,60878,32008,30863,97081,62652,62698,45082,68976,98857,0105,0558,2445,4115,237,41
BinhDinh,02-08-2012,09300,86973,35198,98594,15217,82614,24936,29829,54364,69226,11141,99225,6393,2121,1001,9367,321,62
BinhDinh,26-07-2012,15283,31922,19400,09723,22478,99530,36640,55279,72449,58548,17040,91284,5590,1433,1321,5222,811,54
BinhDinh,19-07-2012,29283,41616,15496,35406,12129,08853,11383,60784,95092,71913,10812,41003,0185,3153,5861,3933,955,72
BinhDinh,12-07-2012,82803,19529,09889,02295,87565,96499,68528,27075,79210,13373,41433,62959,3744,1446,4578,5670,735,93
BinhDinh,05-07-2012,50154,59983,60403,21104,42691,19842,09501,83089,44767,86628,79704,97262,0917,5351,6556,9458,360,94
BinhDinh,28-06-2012,99890,41921,93394,20333,06208,42554,32553,58323,58934,77577,93912,39808,5014,7739,8457,9596,785,31
BinhDinh,21-06-2012,65607,91850,97365,39314,54566,59278,43232,84990,75726,08444,79492,46030,4483,7654,6946,5425,107,36
BinhDinh,14-06-2012,49814,74620,10023,08135,45571,75220,55330,00513,49396,82819,50132,96762,9474,7254,9692,3123,745,71
BinhDinh,07-06-2012,93986,87635,64494,13796,24077,99569,37451,31778,41237,01745,78203,26624,4870,5334,4459,4323,432,22
BinhDinh,02-06-2012,09238,70667,73465,66557,26928,34539,66471,24681,95811,34804,42870,98427,3899,5917,0483,3604,684,76
BinhDinh,31-05-2012,09238,70667,73465,66557,26928,34539,66471,24681,95811,34804,42870,98427,3899,5917,0483,3604,684,76
BinhDinh,24-05-2012,67805,99634,29755,78579,03895,06640,18545,17780,36376,35939,72473,25601,5297,2365,6666,5182,285,03
BinhDinh,18-05-2012,39128,40141,91319,05088,21201,70926,72489,87434,13150,87344,75927,24790,6970,0800,1955,9915,672,42
BinhDinh,17-05-2012,39128,40141,91319,05088,21201,70926,72489,87434,13150,87344,75927,24790,6970,0800,1955,9915,672,42
BinhDinh,10-05-2012,66023,70514,75383,59566,29061,81153,06933,38002,98124,79424,66851,85750,0202,5155,3222,2947,623,04
BinhDinh,03-05-2012,21884,29770,15710,53116,94306,55710,01988,84869,78811,84015,22941,62621,4944,3789,2083,7906,091,19
BinhDinh,26-04-2012,90721,05048,00320,20497,95885,41790,76926,41552,49898,45251,83283,59922,5072,5625,4046,8806,005,04
BinhDinh,19-04-2012,22138,45198,45772,95867,61530,11081,74015,30718,29100,27267,83967,20420,4094,2253,5913,8248,078,70
BinhDinh,12-04-2012,07980,89649,55206,56412,43089,69958,58348,16387,89221,43947,16468,81349,2899,4849,1115,4298,166,48
BinhDinh,05-04-2012,05832,75690,30162,60925,00396,43406,75324,88164,43163,57712,61636,44058,3662,1425,3253,6361,286,11
BinhDinh,29-03-2012,00347,34062,37996,08239,00453,37847,59068,46639,35862,09323,45767,11101,0145,5504,9516,4947,778,60
BinhDinh,22-03-2012,73538,12433,82061,26088,25427,77959,85149,80244,73726,84794,92458,63121,8342,7267,2585,4472,163,70
BinhDinh,15-03-2012,66932,38211,37858,68754,59185,74102,00496,68231,34687,26445,61279,77885,2383,2184,3934,6566,016,87
BinhDinh,08-03-2012,95144,99864,79174,17143,50603,88899,09898,03978,89026,38721,88689,45304,0037,8895,3834,0397,388,06
BinhDinh,01-03-2012,99232,54119,74147,49652,64829,87613,45322,24313,77848,97812,85939,90061,4961,9042,6629,0223,291,94
BinhDinh,23-02-2012,10540,40793,50334,82928,45585,89521,04950,71302,01701,78319,20162,63640,1810,6049,1673,2909,704,36
BinhDinh,21-02-2012,16713,57658,59297,23150,66038,56646,19158,80350,16897,60885,56133,34577,7152,6092,9073,2607,416,66
BinhDinh,16-02-2012,16713,57658,59297,23150,66038,56646,19158,80350,16897,60885,56133,34577,7152,6092,9073,2607,416,66
BinhDinh,09-02-2012,58790,27709,16721,57120,31092,22675,14909,95245,82602,24167,74960,23751,6778,2665,2409,4548,802,72
BinhDinh,02-02-2012,14364,16194,65702,20936,42373,89963,41026,12377,86688,79068,63373,80752,0412,7293,4919,8619,551,84
BinhDinh,26-01-2012,81838,20515,29722,61047,65083,07321,71829,91990,56214,39713,12066,15902,2286,5327,3415,5522,206,95
BinhDinh,19-01-2012,74768,04712,84788,81491,72040,47450,51039,34734,36751,89169,32549,66998,3289,3177,5054,0359,915,45
BinhDinh,12-01-2012,54252,34723,80727,89514,09902,14530,19251,53209,33454,31334,39629,00643,8508,1529,3298,7508,564,75
BinhDinh,05-01-2012,20287,56407,17937,25909,28473,04212,02167,57364,51383,86601,42684,61971,0282,5633,5869,5055,271,79
BinhDinh,29-12-2011,77179,75564,33422,73347,33361,33508,34593,35342,45279,92487,24666,42564,4757,9445,0846,0549,865,56
BinhDinh,22-12-2011,97107,63769,38518,58858,52307,34759,61969,59590,81011,22483,09145,76308,3897,2121,2202,3086,121,71
BinhDinh,15-12-2011,24199,79430,74236,00619,93337,51946,58249,60859,32958,76036,74052,10745,7943,3258,5859,5588,162,97
BinhDinh,08-12-2011,60881,74997,08096,56150,11277,88395,74959,79846,41582,95005,77552,73126,3416,8981,5212,6644,674,60
BinhDinh,01-12-2011,84734,57478,26620,18257,98954,49698,88273,10941,00382,32488,93621,48798,2344,7199,0009,2443,869,46
BinhDinh,24-11-2011,69827,10096,74080,52258,59971,58303,96007,75891,77211,40495,93468,22843,3531,3548,3355,6750,627,36
BinhDinh,17-11-2011,78849,80756,65034,58526,55777,69895,44790,84990,90267,42004,04762,79259,2537,1014,2694,3915,202,10
BinhDinh,10-11-2011,14706,15670,97060,53084,87515,22556,77707,74516,58466,10824,09484,80233,9633,3137,6536,1888,727,00
BinhDinh,03-11-2011,47815,24444,53869,19478,52770,45578,78185,54508,78423,77680,99287,36205,7354,9713,3751,0539,284,58
BinhDinh,27-10-2011,98566,77912,50895,61370,94553,25869,58588,35273,11770,05559,38856,66886,5823,1674,7430,1075,354,90
BinhDinh,20-10-2011,63897,34174,61762,50858,31550,41808,92402,47754,36751,98657,68718,03140,5484,4710,9181,8031,327,49
BinhDinh,13-10-2011,58582,69037,11562,84980,91523,05565,63477,98844,89102,09853,93656,42970,9142,7947,3794,7359,247,25
BinhDinh,06-10-2011,65261,97932,25372,10555,45853,24291,33210,66001,50123,27133,34689,38329,3207,5177,5542,1526,974,03
BinhDinh,29-09-2011,25164,24360,67636,17916,01494,45509,59744,86076,22114,74152,07091,68444,7718,3037,8041,6309,941,44
BinhDinh,22-09-2011,93855,88924,88314,68806,99513,10541,69603,42997,60970,23225,22758,75116,2267,4523,4800,0520,441,07
BinhDinh,15-09-2011,58019,58573,63475,45145,67250,29346,99271,17393,37204,95292,59433,46880,8639,6941,6827,7203,594,51
BinhDinh,08-09-2011,64455,04457,06658,84619,70142,16414,60039,93874,53602,92834,51163,16975,4170,2302,5107,7959,999,06
BinhDinh,01-09-2011,22560,79090,66602,11746,38802,53836,96636,15008,63536,11662,49136,00471,6055,6908,5381,4266,057,49
BinhDinh,25-08-2011,76000,34744,88247,01803,01974,57879,92438,71046,15433,08899,01265,68258,0665,2365,8657,9371,954,60
BinhDinh,18-08-2011,20559,81498,25294,63480,03821,39704,59646,56969,01173,92204,51647,27068,5027,6891,7187,6556,375,46
BinhDinh,11-08-2011,08211,83899,01224,04720,42381,75271,19083,85088,55814,54156,83261,14631,4153,3398,7357,4002,678,27
BinhDinh,04-08-2011,22365,00428,06380,62719,81558,73849,34033,16282,76968,29567,50318,15461,5255,4467,6949,1077,720,11
BinhDinh,28-07-2011,73214,63071,60930,55547,39383,42836,15620,67424,99622,31876,98380,18730,2104,3754,0462,7577,875,45
BinhDinh,21-07-2011,99985,76757,21181,71216,25155,07477,87119,53367,99788,87785,67201,65623,9871,0806,3000,6247,444,46
BinhDinh,14-07-2011,03482,08585,83741,96105,52164,60349,73367,06447,94489,81937,41022,23474,0010,4571,9490,4711,002,19
BinhDinh,07-07-2011,33292,51362,82703,75202,58944,72127,87675,46227,12176,87884,87078,93609,1022,7730,5505,9468,467,28
BinhDinh,30-06-2011,18380,99816,22304,86687,90789,67675,19978,84611,34080,23054,58974,97170,5591,8455,6279,2979,012,98
BinhDinh,23-06-2011,69835,29755,51464,35138,70912,68652,22190,49598,02428,68269,38912,68789,3070,9608,6062,7700,082,34
BinhDinh,16-06-2011,77589,24647,30259,39600,87198,24436,83186,05794,10779,76475,44694,33956,1490,8429,1124,0885,937,84
BinhDinh,09-06-2011,96008,85023,34134,32200,56561,78439,09989,27240,73638,06826,05273,38255,7691,6447,1040,5000,998,11
BinhDinh,02-06-2011,04876,17771,35004,00313,19455,36619,00419,27064,06951,71190,29918,21777,6814,6053,5285,2692,120,61
BinhDinh,26-05-2011,18956,00316,72984,86253,20337,90577,70802,26953,39628,97892,32903,18942,8957,0735,9096,7485,469,32
BinhDinh,19-05-2011,99851,69727,55825,30420,00183,78141,72963,05780,51517,68454,32514,64105,5546,0043,8669,5288,293,67
BinhDinh,12-05-2011,76149,31783,19438,59888,23579,66689,86804,73263,95353,86628,04334,22804,1468,6233,1562,4431,568,83
BinhDinh,05-05-2011,46068,35827,13257,02317,02741,02375,11463,42742,58822,50624,06113,59138,2618,5053,9511,0375,876,00
BinhDinh,28-04-2011,00028,93908,53136,73101,43122,43505,02895,11279,07393,26021,56394,36067,3521,6447,3906,3493,772,72
BinhDinh,21-04-2011,02858,68323,15359,94023,69320,19110,79355,11159,04921,15429,38399,29041,1146,9721,1011,3096,925,70
BinhDinh,14-04-2011,69746,78774,84490,42185,08515,72789,12334,29195,31981,34843,49088,38382,5430,1742,7995,8738,824,32
BinhDinh,07-04-2011,05707,97829,86664,26947,84502,14496,43232,64419,02599,24276,27118,30555,6550,9939,7544,4884,042,76
BinhDinh,31-03-2011,85979,97837,03549,76685,96502,36252,32559,48597,96675,69049,78637,56005,6921,2388,7909,0342,887,00
BinhDinh,24-03-2011,02483,29438,89741,57516,71211,78859,56390,49277,00238,81538,09031,54431,6539,5722,0412,3816,021,01
BinhDinh,17-03-2011,40875,19952,55855,17243,93912,26739,65080,76090,58579,12677,64063,38176,9297,2062,4951,7666,677,09
BinhDinh,10-03-2011,81909,29527,56487,97741,15771,50201,60168,91867,67584,86511,64874,07477,7471,5583,0658,2139,102,90
BinhDinh,03-03-2011,68986,89173,82993,44605,17217,70875,06777,95947,35931,38689,51793,71172,0735,0763,9265,9722,071,29
BinhDinh,24-02-2011,03571,20071,78713,26876,29019,83266,86740,23960,42308,92432,58301,39831,7333,1979,5851,7803,613,75
BinhDinh,17-02-2011,17566,59130,41712,00739,92883,68309,85727,91963,63387,61071,36767,17157,2593,1954,0771,7582,206,28
BinhDinh,10-02-2011,11714,73873,40867,09987,74730,02066,95772,13768,35844,07797,48946,14517,8431,0010,6731,4603,610,71
BinhDinh,03-02-2011,57641,69524,02823,94531,17084,90199,67731,02760,15330,72968,05764,17386,8698,0523,9886,7001,024,77
BinhDinh,27-01-2011,89929,93111,16883,17625,95459,41657,73520,37418,58947,77495,54946,95103,7860,6286,7271,7859,469,45
BinhDinh,20-01-2011,62413,33508,51383,47373,54725,48216,24575,28565,40114,81725,69169,78743,9752,6588,5584,8443,600,76
BinhDinh,13-01-2011,15832,09992,63356,20005,78258,42299,81400,45043,58746,51736,31931,55198,8441,2273,7398,3756,087,60
BinhDinh,06-01-2011,38020,98591,49600,23789,69214,53096,82134,98790,91796,44084,35246,22237,2301,7115,3343,8182,031,02
BinhDinh,30-12-2010,26924,72111,07336,39946,76788,17128,79641,18396,42442,37307,36759,69262,1820,0075,0835,2356,960,07
BinhDinh,23-12-2010,02644,01023,21485,99258,13199,72939,59760,79369,69907,93150,90869,41166,8420,0878,2093,5033,136,77
BinhDinh,16-12-2010,55655,03280,28049,94632,04285,39714,02455,12001,92647,83678,91368,55157,3513,1205,1551,1329,758,65
BinhDinh,09-12-2010,62383,51483,39772,73821,30496,13921,75218,89346,64333,09512,15474,01882,0080,8670,5380,3196,281,63
BinhDinh,02-12-2010,94382,68909,36565,39267,33073,98888,29199,69851,60585,06220,55219,71773,5190,3935,0511,6052,384,92
BinhDinh,25-11-2010,27684,77331,37695,82012,69165,04181,57227,06125,54621,65560,07144,58963,5141,4508,9477,7159,582,63
BinhDinh,18-11-2010,53459,27159,07343,30658,94308,19837,35893,15248,66580,41316,30552,71237,5830,8480,7077,4679,537,48
BinhDinh,11-11-2010,45799,20999,74845,42789,65403,79562,04746,18704,55166,26468,83408,15805,0957,0286,0213,2866,591,31
BinhDinh,04-11-2010,13734,92883,05455,05417,24816,93642,43815,05597,99612,05511,20676,41672,5917,7415,8610,3129,070,76
BinhDinh,28-10-2010,53150,77961,40134,72561,56783,11416,81096,17148,73483,16277,02488,94461,2025,5038,8883,0078,717,03
BinhDinh,21-10-2010,83582,88295,56453,58668,31417,80500,89621,16092,17606,07715,70445,49732,1739,1379,4181,1654,414,40
BinhDinh,14-10-2010,93250,41758,57444,81076,11928,75232,05841,39027,26967,00171,35176,42112,2294,3800,2661,5699,544,98
BinhDinh,07-10-2010,00354,34752,66402,96543,14026,09139,95260,05002,63316,57177,70827,29051,5691,1829,4194,3902,243,68
BinhDinh,30-09-2010,17505,23440,83319,07917,56695,92581,27589,97866,67426,00120,67753,80414,0781,8628,2341,4776,356,33
BinhDinh,23-09-2010,49105,87895,03586,62400,83488,55979,35867,00555,18978,59764,47811,08020,5414,1162,2413,1648,310,30
BinhDinh,16-09-2010,02282,08111,21002,37378,83836,84082,47738,65895,81119,93102,01855,77688,4143,7096,3086,3218,913,49
BinhDinh,09-09-2010,12417,65851,11944,32257,29988,92282,82207,42054,17320,55135,52843,88754,9745,8618,0651,1256,472,59
BinhDinh,02-09-2010,52529,32763,88067,38114,21505,47867,32385,66675,10353,89306,03540,85035,2406,5912,0154,2197,712,67
BinhDinh,26-08-2010,87752,41609,87155,77427,17207,04560,69801,38958,65468,75018,67117,67408,1500,2661,5404,7140,954,89
BinhDinh,19-08-2010,20898,78397,88971,25446,77759,82324,73196,43994,17026,37832,28120,20443,8398,4794,7494,4225,834,91
BinhDinh,12-08-2010,09943,71576,02367,03018,29410,12845,19516,85124,55295,14064,19210,85127,3969,4528,0898,8932,647,41
BinhDinh,05-08-2010,40992,62563,73620,68164,11149,58228,11287,39123,80367,40386,14742,62746,7740,7970,7810,0200,117,31
BinhDinh,29-07-2010,34307,88107,20914,30298,22615,10052,03905,43761,62912,95052,95265,51200,0413,3750,4977,0634,390,29
BinhDinh,22-07-2010,29214,76465,57884,97476,82435,80140,58195,61068,44607,79320,29300,55846,5423,1837,3661,1768,501,15
BinhDinh,15-07-2010,41347,95381,02951,77430,94427,47295,31324,82857,02630,08613,25381,40562,0008,7887,1534,2662,655,24
BinhDinh,08-07-2010,46230,34674,73590,20335,27440,24878,17483,56333,04383,78299,76168,25840,8642,7906,9267,0933,703,30
BinhDinh,01-07-2010,76595,17398,18889,96356,56010,72448,26121,59400,58976,50994,79426,93975,2905,0577,0525,9120,141,44
BinhDinh,24-06-2010,66805,65339,36499,59415,47955,33259,47289,66142,43908,52470,64621,83767,1438,1565,1865,3095,918,13
BinhDinh,17-06-2010,99172,47476,79448,38807,19421,13924,78214,02568,39406,44243,38991,85951,0595,6201,6151,6864,073,99
BinhDinh,10-06-2010,97139,48979,86891,91827,99620,56510,64037,93178,68370,76435,84305,92835,3260,1525,6085,5783,042,22
BinhDinh,03-06-2010,61215,16327,49378,45186,16642,67539,51913,52143,38186,57381,17285,10165,7063,5961,1081,6369,767,81
BinhDinh,27-05-2010,29164,65767,26825,80635,34280,85788,61597,78668,03044,54232,32611,49799,6713,1729,3176,0324,407,16
BinhDinh,20-05-2010,00901,11879,13017,40027,35688,55535,13570,13658,44282,34883,65686,80735,5956,9067,6490,2622,904,19
BinhDinh,13-05-2010,96802,68659,43515,13595,76824,02771,92293,60547,02376,56000,14913,16463,5922,1181,2620,9793,687,35
BinhDinh,06-05-2010,63988,21853,47721,43711,15743,41797,80034,52287,59954,33125,12433,54475,8145,4924,0027,0824,650,95
BinhDinh,29-04-2010,43889,11742,20854,42897,75589,12925,63474,70887,77220,99736,88170,51626,9883,9403,0524,2188,773,55
BinhDinh,22-04-2010,45654,17224,07116,13675,18220,90071,98945,56019,92832,79105,72746,52619,5414,0718,7033,4766,339,49
BinhDinh,15-04-2010,80725,63350,58804,07689,72999,36832,22334,21282,48603,29845,03745,75441,3722,7558,6584,0520,998,80
BinhDinh,08-04-2010,59082,85983,27281,86718,76054,56796,89188,66925,87674,53035,38014,60801,1712,0654,6859,9833,891,10
BinhDinh,01-04-2010,73881,71137,06061,58644,56162,51581,61295,92334,41205,37297,43831,49400,3486,8242,0286,1677,763,04
BinhDinh,01-04-2010,73881,71137,06061,58644,56162,51581,61295,92334,41205,37297,43831,49400,3486,8242,0286,1677,763,04
BinhDinh,25-03-2010,82158,48032,48405,80206,92699,70409,14711,76744,68324,68182,81140,42105,5290,9300,7844,3098,203,59
BinhDinh,18-03-2010,21363,71948,16862,75363,11796,67036,90419,57127,69862,11171,17271,92329,3661,1804,0742,5939,512,89
BinhDinh,11-03-2010,18205,59790,26737,63450,47641,36495,61405,16396,46311,33982,28789,64061,7085,0200,4987,4493,032,11
BinhDinh,04-03-2010,35386,08486,45524,39798,59256,25289,44080,03265,07369,20560,28986,17598,0307,8104,2302,3102,925,78
BinhDinh,25-02-2010,44416,28380,77557,00354,29686,87967,67154,23718,96900,83094,40958,09888,4591,5249,7993,4829,610,86
BinhDinh,18-02-2010,74583,06981,75528,13687,88424,97246,73973,73053,04681,08583,39782,19429,0535,4931,2321,8996,502,86
BinhDinh,11-02-2010,11299,72561,21862,07539,71139,97913,26800,47649,46219,66153,53719,67704,4503,3121,4114,0929,471,03
BinhDinh,04-02-2010,97576,18925,25291,50100,90628,79292,73631,62275,66121,72545,97285,00686,7086,8260,5210,2571,542,19
BinhDinh,28-01-2010,96507,46827,60020,51160,68695,39769,27636,96971,01619,54366,49284,36917,4441,3196,6170,0304,656,74
BinhDinh,21-01-2010,31799,24292,02656,11835,92303,93639,79154,12518,00342,70808,27468,68738,4767,0239,1068,4052,399,10
BinhDinh,14-01-2010,84847,53943,38937,44923,63251,21722,14273,19060,66399,42542,99398,95647,4526,8934,9910,5665,789,44
BinhDinh,07-01-2010,94365,73408,88932,85459,99523,70501,62314,22290,17863,58224,35232,52791,0976,0471,5320,1282,051,82
BinhDinh,31-12-2009,49243,64034,76033,04159,57257,55272,14186,49670,02060,65554,71145,73667,9221,5867,0060,5119,808,88
BinhDinh,24-12-2009,74131,90607,49037,44257,44217,27354,78796,66575,32506,94040,43314,35348,6884,6552,2597,6153,217,88
BinhDinh,17-12-2009,83994,32158,90026,04335,47593,53132,29844,01420,72476,20377,62392,52174,3115,9306,1667,1848,269,95
BinhDinh,10-12-2009,95974,24052,88309,96244,54614,61361,56582,09468,45698,48913,60130,79699,8056,7772,7780,4444,660,00
BinhDinh,03-12-2009,32736,30210,02715,69279,32323,65345,57234,81642,66788,65937,39715,88265,5372,8834,3312,1696,425,82
BinhDinh,26-11-2009,81960,58929,66579,41180,71059,23391,19005,25588,44980,94217,48585,40704,0393,2949,7327,0581,957,79
BinhDinh,19-11-2009,43322,15059,33918,10917,33762,30732,35334,25812,46741,84402,59678,07172,3537,6100,7457,0631,183,43
BinhDinh,12-11-2009,56542,43739,74121,24813,10080,85907,61393,97541,26997,65826,75039,40048,2312,5439,4804,9942,675,31
BinhDinh,05-11-2009,32715,35052,87788,49495,44051,99307,66469,37423,35371,13570,63544,34658,9744,3475,1589,3463,139,54
BinhDinh,29-10-2009,91479,53358,15793,20081,64223,72501,72343,71316,10794,80606,85870,81904,1844,6527,9851,1125,771,95
BinhDinh,22-10-2009,26091,84817,46555,73703,89680,92652,02122,75599,69469,83018,32437,69597,7841,8004,4602,2999,418,38
BinhDinh,15-10-2009,67347,08341,42843,61635,36750,69666,94803,38771,96937,96172,11901,70131,6827,6104,5250,5016,813,19
BinhDinh,08-10-2009,27271,74490,26961,49749,67954,16044,82558,58182,39104,37918,25419,28578,4694,0112,1643,5937,212,98
BinhDinh,01-10-2009,02663,20378,12692,74002,44299,29470,34374,09246,89672,36312,18647,85515,9214,7381,3155,8171,689,52
BinhDinh,24-09-2009,53559,85317,28124,39298,78712,72447,65450,38626,97702,22147,34224,88903,0333,2302,6614,6784,571,56
BinhDinh,17-09-2009,60399,40163,28551,90582,88086,55202,12623,31978,62230,90730,42834,15380,0198,6688,6794,7086,997,38
BinhDinh,10-09-2009,47634,06323,23724,20200,35572,00838,12329,89230,66167,32146,32834,87718,1340,8560,2005,4966,574,59
BinhDinh,03-09-2009,66116,45085,91684,31683,24816,91365,17776,68154,95923,88806,25741,05424,1370,8015,1217,3676,078,50
BinhDinh,27-08-2009,53171,98997,64886,84106,94992,36091,94182,10279,54190,90350,13637,73188,9631,7326,3107,3463,078,64
BinhDinh,20-08-2009,48733,78308,09061,73886,61165,51735,75256,36536,50742,47171,03934,79527,8849,0040,1290,4806,622,27
BinhDinh,13-08-2009,54927,15647,36433,75492,26904,16472,67227,05828,87424,69505,73729,11625,8671,7834,7465,7998,597,32
BinhDinh,06-08-2009,45631,07283,07648,01266,23976,03215,57005,22515,38116,69827,91555,13336,6523,9045,4176,5514,324,85
BinhDinh,30-07-2009,74117,76982,69721,16859,27943,82356,65634,27878,41613,27502,62309,05315,6012,4958,4585,0229,688,54
BinhDinh,23-07-2009,31094,50204,67933,00656,32720,20401,52615,54172,47249,46971,67938,60359,6691,5689,0680,7928,921,10
BinhDinh,16-07-2009,42200,59074,60308,51187,16673,00578,23962,16061,52051,82625,77131,41994,3001,8667,5434,7482,643,23
BinhDinh,09-07-2009,40546,91138,25677,30381,79844,54636,41503,68636,66752,90432,82854,85513,9214,5832,2391,0971,633,19
BinhDinh,02-07-2009,07956,57305,37471,31922,59533,50750,26597,60509,20964,54085,53939,92993,2321,8797,3595,8031,292,77
BinhDinh,25-06-2009,59902,50315,15403,29541,12523,22140,93512,43122,66159,89897,16800,80195,0330,8268,3230,4063,718,07
BinhDinh,18-06-2009,55670,99001,44989,23971,11532,91123,76588,50941,06595,71419,46881,49769,2710,7459,4380,6826,490,33
BinhDinh,11-06-2009,35996,90837,10289,24158,76031,93827,94727,24776,98592,41715,16374,41651,3318,8650,8086,6998,981,27
BinhDinh,04-06-2009,67321,04487,33182,70045,05079,93247,03385,12939,29264,71903,93629,29050,5925,6013,5572,7480,349,76
BinhDinh,28-05-2009,26602,42327,18879,85255,73021,71802,24956,39980,03218,17247,14516,55712,3054,2937,3923,1839,221,89
BinhDinh,21-05-2009,24896,68217,89235,29854,57653,54105,63183,90437,24778,98143,00591,35843,2576,9178,4265,7020,647,49
BinhDinh,14-05-2009,24546,92081,76428,63186,42965,80330,30331,35443,42491,90510,52036,50516,5022,2967,4079,6688,709,69
BinhDinh,07-05-2009,50057,85092,11937,98291,61012,44015,39517,70926,12250,66001,28587,98656,2323,6965,8174,3252,654,35
BinhDinh,30-04-2009,85055,78148,86617,17010,28664,98216,49494,81492,00034,73304,07996,68041,3829,3712,6886,7910,327,02
BinhDinh,23-04-2009,48976,96132,67073,09568,34680,99610,84553,79623,08504,70361,91642,83503,7205,6418,1996,2561,492,03
BinhDinh,16-04-2009,35635,26064,69895,20309,88709,04879,07689,59222,06448,92860,38014,51255,3165,3233,7493,9886,727,10
BinhDinh,09-04-2009,45188,13636,15478,02935,53838,87941,41963,13879,80421,61678,64521,09940,6740,5944,4259,1101,483,72
BinhDinh,02-04-2009,37762,79160,25438,12371,99318,58046,30182,59558,58255,74970,38967,91081,4027,5661,8039,0575,732,81
BinhDinh,26-03-2009,49457,54292,40907,96810,07777,92995,21422,75068,06014,37100,37077,71956,9754,2207,6624,9791,958,75
BinhDinh,19-03-2009,12377,09226,50438,27161,67095,03650,56772,77970,11582,51871,69471,00414,1996,7439,5405,9160,376,64
BinhDinh,12-03-2009,16469,31277,48452,61670,85849,98596,45078,96240,50846,95653,03217,63965,8034,7519,9649,3172,270,77
BinhDinh,05-03-2009,68316,91032,58425,71590,85630,54848,68054,22424,83730,51458,81828,41145,2428,7449,6953,1504,724,02
BinhDinh,26-02-2009,25461,14884,91018,06433,57513,25893,76473,43290,41912,32875,70515,34282,8506,5846,2923,5753,762,14
BinhDinh,19-02-2009,97921,38503,77844,95206,58427,65355,22597,10345,10696,10464,37849,85161,1362,0655,8083,4873,966,76
BinhDinh,12-02-2009,65630,77681,49870,53211,38825,90709,68545,39956,34151,14195,00966,77742,6463,3631,8847,3018,511,89
BinhDinh,05-02-2009,95931,82510,54098,98374,44577,65694,45800,99450,78765,06399,38706,27843,5748,1425,9900,3402,380,20
BinhDinh,29-01-2009,27933,85551,91154,78315,60411,23075,56656,17093,44159,58544,19528,14342,7315,3620,7186,1964,538,13
BinhDinh,22-01-2009,74946,23809,91562,09026,98598,85249,82952,63208,63606,81342,52727,54061,3911,0740,1885,2001,393,34
BinhDinh,15-01-2009,84247,63195,16772,08247,23774,04743,07793,02265,00032,29037,44874,09040,9122,3130,6332,2491,932,46
BinhDinh,08-01-2009,03730,05184,41503,94368,61282,52946,98189,27155,64683,49299,25775,92872,2330,1549,5601,6371,114,19
BinhDinh,01-01-2009,05016,97744,74659,32837,82189,76003,66068,76137,41733,08064,84572,05416,1605,3878,1843,4130,654,94
BinhDinh,25-12-2008,88158,25370,01419,43256,09338,59019,25830,78473,07793,37315,73771,35466,4750,5438,2015,9917,062,53
BinhDinh,18-12-2008,07339,22724,92131,06482,79483,78402,52708,51509,12699,01200,43513,25959,0954,2545,5666,9635,490,01
BinhDinh,11-12-2008,02591,97992,98883,67688,47690,50774,72672,60403,03195,72835,49081,67851,9418,1971,0003,8997,509,68
BinhDinh,04-12-2008,28057,70950,05361,84694,05595,09573,32788,33480,26029,16191,58723,67541,8019,7882,3734,5746,386,25
BinhDinh,27-11-2008,64156,21801,82432,82027,77604,63638,00586,98762,99398,79784,01384,47166,7756,9198,1102,7958,720,55
BinhDinh,20-11-2008,38136,22505,95681,41231,86200,30162,70613,53646,09062,31494,88244,37835,8820,1455,9120,3454,392,21
BinhDinh,13-11-2008,94805,66958,46577,80997,52031,77233,47782,58689,85086,15639,30952,05463,4154,6695,8487,6212,244,24
BinhDinh,06-11-2008,25927,72387,35631,08581,18794,78979,79817,09387,44165,30260,36325,09857,9091,2600,9001,0382,129,44
BinhDinh,30-10-2008,92749,25461,22874,47229,64701,19780,87221,84140,70053,29001,05885,14545,0891,2533,2748,1207,351,28
BinhDinh,23-10-2008,08237,47532,73676,38729,36145,24821,94609,60845,22031,63043,29715,48734,1876,7745,9001,4904,468,19
BinhDinh,16-10-2008,21352,61645,88711,61166,26318,99740,21809,67305,69397,52098,69241,81873,6602,3907,7979,6614,165,20
BinhDinh,09-10-2008,61669,85562,74719,28589,89826,48850,05487,15908,19651,71526,18437,61644,6058,1264,3032,6886,302,36
BinhDinh,02-10-2008,69606,23068,20278,91180,54914,80947,50125,55374,83133,17702,54005,51814,0687,5090,1004,6702,599,29
BinhDinh,25-09-2008,31521,43508,74616,25654,24590,45178,98630,73872,80944,23890,46413,41595,8730,2698,6218,7676,853,95
BinhDinh,18-09-2008,56227,16140,52281,61584,10177,92772,06697,02466,94674,48236,45817,11611,2280,7926,2432,6415,787,71
BinhDinh,11-09-2008,38098,98238,80652,82010,92172,00984,91073,35066,86802,93715,36701,78888,4828,5398,5633,9365,385,75
BinhDinh,04-09-2008,57213,79490,76939,01396,75398,37555,90233,26968,45137,60378,23537,11668,0192,0648,1332,7446,502,02
BinhDinh,28-08-2008,99627,40337,29416,47568,35087,08994,97211,10833,63364,21896,10336,75797,1375,9658,9140,8307,493,54
BinhDinh,21-08-2008,44322,21767,80536,08996,71387,65513,07781,83721,56945,50993,56205,04385,9357,9314,6829,4604,618,86
BinhDinh,14-08-2008,71481,36880,10437,78327,34078,59679,14139,56076,17108,75716,07502,64923,5006,5681,5440,1124,514,89
BinhDinh,31-07-2008,10680,99509,58376,96292,85641,66099,75486,93031,92661,71815,37256,97683,4387,1712,2773,3143,059,98
BinhDinh,24-07-2008,98329,72281,17381,01234,54735,44111,06695,97485,11283,01375,31044,30717,0747,8971,2662,5660,800,58
BinhDinh,17-07-2008,67981,35789,88994,15076,26115,24672,49968,49747,76114,97722,60819,69568,4933,7848,4151,1393,893,99
BinhDinh,10-07-2008,99918,64589,94868,23967,98450,09464,55462,75416,77078,70164,85479,69693,3804,5488,0435,9246,330,53
BinhDinh,03-07-2008,01594,23845,44986,20444,65351,59372,47588,23830,93261,45370,75018,03719,5115,0209,4055,4330,316,11
BinhDinh,19-06-2008,34418,53253,85429,01896,48719,84323,22342,91111,67310,87533,64245,69258,6999,9302,5387,0402,379,65
BinhDinh,12-06-2008,52869,48775,36200,44987,26070,81710,50149,67688,03986,28128,63231,04205,2120,2539,3765,9526,225,77
BinhDinh,05-06-2008,70631,23078,78407,25491,62254,62901,47366,77253,30990,73969,49640,04174,4261,2384,1628,8687,257,73
BinhDinh,29-05-2008,49005,58237,69894,25002,04111,61528,81259,13481,34350,58901,84159,81937,7296,7477,6575,3656,780,76
BinhDinh,22-05-2008,09979,60846,03806,63985,80282,26846,93347,33207,68562,75603,43343,12555,7492,8198,8405,8049,275,38
BinhDinh,15-05-2008,33174,26562,10283,40178,60290,15045,39361,67343,38205,32326,42653,28924,0859,3765,3351,5279,549,09
BinhDinh,08-05-2008,82675,19414,29049,97259,36149,60112,93167,44108,63253,02765,90627,53562,7892,0728,7975,6029,519,74
BinhDinh,01-05-2008,79237,65441,21636,69513,11937,02768,87064,41632,18521,00612,70560,71230,8519,0879,8639,0679,155,71
BinhDinh,24-04-2008,62872,18046,85358,96387,41701,73692,78055,29453,46222,60962,73774,3468,2845,3805,0456,1998,527,60
BinhDinh,03-04-2008,11847,49955,77599,16727,72164,77993,25070,20409,01431,28484,88597,7300,4066,3010,4954,8451,240,12
BinhDinh,27-03-2008,01728,36109,05596,13029,06589,12917,39520,50127,13014,37848,42057,1620,2476,7558,1150,4191,381,26
BinhDinh,20-03-2008,91887,28395,06656,80109,13920,80922,81153,80846,65049,41119,67699,3181,8493,1274,1984,2943,417,73
BinhDinh,13-03-2008,59367,00997,16808,42851,94477,06185,85342,92731,62167,50799,44472,3213,4308,0036,0611,6801,105,15
BinhDinh,06-03-2008,87428,94161,10580,93384,34552,56645,63483,71011,94163,41510,07745,8061,0608,4464,6408,0399,694,99
BinhDinh,28-02-2008,41992,83306,09682,85885,88355,93259,73900,69269,52942,51606,39701,8023,2856,6251,6611,8098,694,67
BinhDinh,21-02-2008,77611,20554,29490,83967,42677,97958,31791,32016,70889,38653,40242,9331,1981,7222,6672,7713,150,02
BinhDinh,14-02-2008,58254,85900,16896,12570,76917,37387,29568,68546,45093,24275,55926,9426,2821,8790,1059,2863,285,83
BinhDinh,07-02-2008,71492,91498,00216,00490,57464,49911,79014,38693,56331,82889,47304,5552,9857,6231,5637,7434,439,20
BinhDinh,24-01-2008,56655,78990,00699,20218,23705,03752,40930,68481,22950,36741,68318,2382,9286,0345,9419,9509,753,76
BinhDinh,21-01-2008,75080,10067,92570,38011,65301,67731,75491,42165,10714,23044,09994,2549,0164,0551,1595,1960,858,65
BinhDinh,17-01-2008,66341,46215,44848,10265,10246,34636,46674,39954,11799,02712,79975,9774,1079,6960,4304,1877,249,93
BinhDinh,10-01-2008,73489,50030,97625,86630,02662,59686,01350,13574,38942,30883,04168,6114,5490,8169,8107,1366,456,43
BinhDinh,03-01-2008,64281,26595,10782,81554,99357,19604,13292,27298,94419,28217,06284,0659,8301,6265,8223,3014,760,37
BinhDinh,27-12-2007,28892,89542,19020,24756,12603,09748,75190,67535,35101,84882,69539,02656,9768,4552,6418,5237,619,26
BinhDinh,20-12-2007,46020,16687,81786,09187,68532,60292,18219,63615,63821,89760,17878,94412,5497,6449,0076,5933,827,50
BinhDinh,13-12-2007,23269,19903,50750,83620,67319,70147,07008,09022,71432,99623,89512,22728,1796,4053,1642,4864,693,42
BinhDinh,06-12-2007,19856,60004,98114,43537,72914,13911,71393,87633,87958,77681,65401,09922,7724,8420,1600,9950,848,18
BinhDinh,29-11-2007,78892,83109,77133,02260,36020,80305,26341,85550,36893,20765,44442,71583,1144,1753,6556,5080,588,85
BinhDinh,22-11-2007,02129,31892,42016,57370,91384,88793,42441,97511,71656,56182,06791,43885,3888,8371,2474,4926,556,23
BinhDinh,15-11-2007,79800,71736,00252,50483,81790,31019,71531,94207,49087,19031,91469,70400,1609,4536,2507,3298,516,56
BinhDinh,08-11-2007,58094,14826,07048,50596,04051,23339,73360,32991,94510,54981,17331,21215,4811,1082,9700,6601,325,36
BinhDinh,01-11-2007,18689,08829,66830,49258,31784,29382,73157,40073,59717,53586,58013,13806,0023,2968,9136,4363,432,14
BinhDinh,25-10-2007,09171,84006,09561,85211,45537,63456,58667,86096,56932,82737,57487,32070,6566,8663,7922,3377,629,14
BinhDinh,18-10-2007,37540,38863,49672,87165,52644,47991,40211,89271,64540,53126,25895,45886,0456,3228,4536,1035,071,39
BinhDinh,11-10-2007,88785,41076,13478,63206,47061,14368,65292,08004,21616,57240,95523,73294,8067,3785,1898,3163,513,79
BinhDinh,04-10-2007,00030,21280,26361,48860,40673,60514,33227,71438,32748,93036,20362,30917,6697,6064,9213,9012,331,80
BinhDinh,27-09-2007,12031,40305,74698,32402,88744,51704,02362,76671,06051,58019,97540,69079,2465,3741,8129,3527,474,35
BinhDinh,20-09-2007,30609,15070,13415,31694,99116,01545,37160,81071,40708,88048,23508,90763,1518,2851,7845,7047,877,56
BinhDinh,13-09-2007,80529,37102,87242,66425,28581,26677,34222,00751,37683,94128,49681,91165,3445,5619,6982,4987,665,85
BinhDinh,06-09-2007,78732,73852,14277,53226,37192,35784,58399,46868,84223,87168,15409,19874,1416,2935,2153,9998,783,53
BinhDinh,30-08-2007,89464,87591,75118,22987,60431,51342,67741,16418,43779,53746,18127,36515,5563,6659,8919,3377,555,88
BinhDinh,23-08-2007,70214,93761,64789,78756,22935,57149,14094,12485,32635,96959,41221,62650,8755,2672,1648,9112,962,16
BinhDinh,16-08-2007,80663,90237,69394,93016,85337,93639,73732,77275,66791,84169,51861,75182,2016,2556,6946,9800,699,41
BinhDinh,09-08-2007,18420,16624,72553,63320,52521,25705,40519,76566,72051,79903,74826,75944,4665,1910,3901,6378,747,36
BinhDinh,02-08-2007,50788,41849,02350,03950,47591,63296,87327,31078,97232,60943,24284,47010,2094,0606,0800,4522,273,52
BinhDinh,26-07-2007,64895,21952,67508,84970,79624,75780,15586,83492,86241,31587,82987,74326,2087,2376,3492,1803,201,07
BinhDinh,12-07-2007,80168,47011,93340,51915,79373,65325,99820,17644,88215,24913,49305,30577,7878,5759,5143,8397,558,11
BinhDinh,28-06-2007,74659,17014,66871,98137,42375,49252,50136,80699,28395,48491,45436,99382,3383,7864,0956,1345,139,25
BinhDinh,21-06-2007,13012,53998,40513,71223,15906,82821,92032,18461,27115,80337,38432,03659,1697,0325,8175,1646,409,49
BinhDinh,14-06-2007,27466,66943,13755,56165,94479,04708,85623,41289,87219,45533,40114,42149,2154,7318,3072,4335,406,07
BinhDinh,07-06-2007,34296,27742,15857,38212,88865,93582,58077,38002,02736,26087,46743,53703,9119,6589,8978,5400,107,86
BinhDinh,31-05-2007,29892,11895,76987,23517,22622,78814,70759,69345,38361,42207,62459,23148,9939,5620,3565,9445,266,29
BinhDinh,24-05-2007,49655,70206,47585,91308,23577,16610,39353,17186,61401,93325,01303,19556,2998,6164,9145,6775,213,69
BinhDinh,17-05-2007,92850,55316,79509,47661,25426,24761,10752,03061,26014,83996,27864,41280,6517,7491,9132,2958,252,61
BinhDinh,10-05-2007,28226,93389,16085,55687,66448,50250,88957,91688,29877,17264,13439,84710,0651,8276,8073,5823,191,34
BinhDinh,03-05-2007,80010,95466,13656,42515,06418,90526,68093,81992,66207,55220,35464,66553,7726,1894,8899,6106,144,01
BinhDinh,26-04-2007,95246,38386,82587,29541,52292,18643,72215,89314,24323,77316,87550,73801,0964,8953,2068,7627,208,80
BinhDinh,19-04-2007,32101,04227,37829,97744,67491,76328,17521,54336,36305,11611,21245,73916,6431,1159,7191,3392,978,14
BinhDinh,12-04-2007,19190,58944,56926,81313,64258,21369,88134,42604,36356,53756,37283,07162,9319,6686,1689,4679,307,62
BinhDinh,05-04-2007,44882,92360,83196,57172,66909,11782,45038,80750,58721,82411,86093,39714,9655,7361,8424,2415,085,36
BinhDinh,29-03-2007,82687,14548,86955,58720,03995,36241,97224,90123,48018,51515,77540,94449,4042,0381,7640,1707,609,98
BinhDinh,22-03-2007,56733,45187,01215,31889,82307,72570,91399,20284,71957,64427,07744,56182,2579,5393,9099,1704,502,32
BinhDinh,15-03-2007,42362,37274,27616,95920,20700,61577,27211,96297,85510,26360,56998,63688,0382,0007,1458,8557,483,63
BinhDinh,08-03-2007,89257,44548,71109,12239,15641,26540,15377,99005,11982,19374,21672,89655,5707,5321,6408,8716,887,86
BinhDinh,01-03-2007,43618,44699,01573,08666,31902,21830,21259,35492,45696,47612,87827,22423,3498,5561,6551,2061,895,21