CM,26-02-2018,039301,01054,68436,14112,81434,19907,01383,46283,01075,62342,05800,93297,4097,5348,4222,9935,014,22
CM,19-02-2018,626723,67170,02592,76887,25544,51043,80619,65851,81225,57807,81187,85857,8138,9986,9185,6238,378,77
CM,12-02-2018,820927,05544,69833,24560,17387,67236,25956,41025,25102,84262,90812,02242,4220,9283,6789,5574,710,01
CM,05-02-2018,914517,67902,95549,66879,24786,42618,99628,15023,96153,86592,76866,99321,2200,3218,3166,2997,004,01
CM,29-01-2018,662551,83826,60202,82460,42555,46216,70242,39756,22012,51583,95258,98056,4839,3475,7862,8992,870,23
CM,22-01-2018,604080,27550,53062,93127,37479,78672,42865,48706,95907,76212,63363,11090,9376,5649,1819,1631,365,78
CM,15-01-2018,931447,93012,05600,21671,13431,63673,55377,21678,26275,19674,86337,51751,6250,4552,8707,3661,310,94
CM,08-01-2018,141590,06996,09776,10275,42097,59027,46888,51995,93369,45722,20268,86727,7564,7267,1968,1308,688,50
CM,01-01-2018,208635,70792,27919,48366,82592,84848,77224,28010,55204,83458,05889,95118,8605,1548,6035,3119,872,02
CM,25-12-2017,495853,13680,09242,34489,05439,55640,50108,24481,14484,07923,89329,93085,1123,6935,0272,4221,314,28
CM,18-12-2017,336323,84464,38058,12312,14824,00864,91638,10727,03442,77532,45395,61357,3633,6566,3560,1586,877,26
CM,11-12-2017,339278,41404,27685,38232,51578,55804,12418,50325,74838,76376,62074,95379,4783,3326,5483,8537,952,04
CM,04-12-2017,923318,09379,06127,70487,44715,75839,19101,33945,55211,90740,65222,22251,9892,8122,3939,8654,748,47
CM,27-11-2017,234043,67592,17106,45003,89453,12995,12558,44969,21009,53295,69820,22503,6003,4203,7903,3234,538,53
CM,20-11-2017,654039,55937,33357,78199,23125,89935,21797,14976,72821,05574,23246,31649,5142,6568,2514,2011,639,47
CM,13-11-2017,533864,76776,50289,38769,22244,99600,30715,71716,58242,89089,31092,51495,1041,8252,6750,5640,937,56
CM,06-11-2017,876958,94684,83577,58481,76033,26192,25700,15956,67842,10585,95607,35527,2778,9640,8884,5969,923,77
CM,30-10-2017,698153,49209,83123,69426,43788,22362,30822,92335,38481,04390,11374,43813,8772,3270,9152,9406,718,97
CM,23-10-2017,949097,40277,02531,28569,56247,61634,69467,86047,17162,79294,87785,96499,8501,7922,3163,6883,218,88
CM,16-10-2017,814147,19680,75435,60493,72024,26514,70713,75383,75794,51499,19322,31200,2042,0495,6828,6938,608,36
CM,09-10-2017,610543,80352,09597,67753,53404,82944,34397,78445,37482,11607,08293,33780,0902,6357,4089,3598,742,96
CM,02-10-2017,802502,28792,04565,23773,87733,27611,58919,54210,18194,28259,23986,20765,5361,1942,7066,0636,646,13
CM,25-09-2017,932143,36452,74083,03459,28180,65485,82779,19184,50911,80032,99433,25352,6962,7890,0910,7352,532,55
CM,18-09-2017,416861,64032,74794,39664,52847,34937,14278,25089,28475,35065,02955,89901,6409,8470,1058,2393,066,23
CM,11-09-2017,183778,51812,82140,53727,52314,64155,26840,52589,07278,45493,75433,77225,5675,6694,1465,7623,779,94
CM,04-09-2017,164278,61170,82272,57834,41889,83310,47675,96668,23814,05893,35483,45940,8330,9595,3025,0555,311,26
CM,28-08-2017,056837,94263,47504,72391,97891,81132,18779,10194,85881,39320,88767,90032,7808,6536,2135,5686,773,23
CM,21-08-2017,130963,06349,59844,92271,10730,97586,70710,90501,04258,43960,91126,03688,0474,9514,3522,0068,637,57
CM,14-08-2017,810157,02215,96953,02267,20900,18685,77230,12204,29054,18261,87549,76470,1246,0994,2741,7207,055,24
CM,07-08-2017,903024,67496,28266,68456,60390,50158,94582,86729,69032,53058,51730,88417,0537,1714,6279,5463,323,92
CM,31-07-2017,310966,65135,04096,69103,15042,49584,04514,99112,98705,89721,05140,23599,8128,0070,6925,8498,873,98
CM,24-07-2017,552845,08083,13529,70467,69339,37173,66912,98624,58272,63872,26914,70865,4882,9936,6114,9643,585,97
CM,17-07-2017,498688,28848,49076,59381,40830,53952,62403,16612,23744,61591,81168,10262,4804,6047,3173,1332,112,35
CM,10-07-2017,418570,24902,69319,70382,93630,85190,23994,17047,16822,90468,44196,31280,2478,6451,0571,2317,211,55
CM,03-07-2017,699767,05611,60687,11174,82806,31643,42153,48190,30461,18688,34100,59597,8850,9447,9784,0927,249,56
CM,26-06-2017,490746,12369,66480,03749,90585,40452,08779,96090,71463,10320,55161,95658,9976,0554,1056,5719,632,33
CM,19-06-2017,597235,34175,77274,30384,89567,14773,49466,96992,63553,18749,76798,72637,3614,9697,0371,1937,778,20
CM,12-06-2017,741842,95514,29568,65296,24428,11899,76843,89647,60034,68935,44952,58637,4707,7368,1761,6441,103,75
CM,05-06-2017,710350,91958,30539,62370,09490,07770,05460,47200,76374,10862,11102,25893,4542,7326,3200,7801,297,06
CM,29-05-2017,729473,11048,34454,92375,48656,32139,78839,53319,56521,99813,44198,04687,6114,8643,4192,1419,854,25
CM,22-05-2017,619915,09631,79695,06890,63972,47969,31198,49540,34349,62495,04277,10367,5251,3327,9816,8394,134,48
CM,15-05-2017,447084,33746,71500,30581,68593,45319,30417,98795,48148,49922,87422,83818,9781,1863,6463,3262,520,16
CM,08-05-2017,968319,22795,57012,56751,41765,28851,72773,73475,15284,57991,82362,33675,6836,9294,8738,0291,663,01
CM,01-05-2017,556732,69456,85170,37865,98806,17712,64681,23446,07339,32924,72818,72165,0110,4478,1669,0569,821,95
CM,24-04-2017,838782,51333,42779,31054,51994,62576,82594,94011,91507,50211,54581,95329,9657,1610,6711,1445,626,91
CM,17-04-2017,556454,61345,77664,92225,95137,68667,34246,34319,17369,90561,95879,26756,1981,2149,1717,8073,169,52
CM,10-04-2017,183698,35681,00144,12026,24753,71577,67878,10319,01453,35403,25459,36854,3557,8760,0215,6988,281,60
CM,03-04-2017,186895,24933,89326,59316,61061,51905,74066,89050,55290,00570,99260,98144,2907,3806,7666,3569,257,60
CM,27-03-2017,790455,03716,07057,05217,10385,38761,82356,68105,07716,18788,50583,87362,3006,9164,0087,8714,573,74
CM,20-03-2017,287098,91657,53698,97453,77887,25910,36897,90787,66785,48847,62171,44583,3009,0375,0746,9645,212,95
CM,13-03-2017,847912,53177,69057,25178,79064,00533,16506,40699,86221,15876,35136,93656,6961,2583,8363,3858,776,17
CM,27-02-2017,507448,18022,34991,89937,30524,64935,89438,19945,94280,33516,14691,60784,1327,4445,2367,2473,491,66
CM,20-02-2017,087684,84674,52317,00303,40065,76557,25946,49087,17473,59723,38732,05814,7764,0257,8987,7181,953,61
CM,13-02-2017,388565,17540,81043,35300,24047,63653,64798,71957,67339,93944,07202,68072,9015,7525,8789,2928,678,04
CM,06-02-2017,502455,86550,15605,96636,11103,46279,51137,04552,74080,34743,06189,73273,3627,2997,3796,0012,965,03
CM,30-01-2017,047171,22882,39064,34826,27165,32633,43181,39989,91181,83182,24536,25412,5246,4693,5730,0217,853,87
CM,23-01-2017,713915,53055,22301,99584,82495,41135,64200,31190,21596,18067,25653,11387,1553,6771,8779,7238,950,80
CM,16-01-2017,441620,41149,72362,20915,80698,46003,84902,17659,77518,91460,96574,43692,5196,6682,6208,3538,567,73
CM,09-01-2017,702552,44003,55035,71046,94823,57934,43845,29104,55416,20699,25219,54091,1875,0632,4507,0220,909,19
CM,02-01-2017,719978,03933,34274,97603,62754,81190,24140,26711,16986,35009,75600,21507,2436,9568,5794,2418,938,37
CM,26-12-2016,243823,16175,25201,69982,47376,14710,49524,81669,25312,49345,06416,44314,0954,7919,4381,8052,566,67
CM,19-12-2016,422538,47941,80515,26097,16928,26897,57877,84050,85521,52908,83021,03877,7060,7594,8460,8715,562,18
CM,12-12-2016,395325,95283,08873,31766,47522,15609,92658,48746,57846,63621,24880,17620,3643,9386,2681,2759,291,21
CM,05-12-2016,301940,00646,12723,62556,61078,63516,76203,87970,13503,56651,07167,29203,6533,6428,5588,4330,491,38
CM,28-11-2016,947614,33272,02499,08782,35732,07205,08640,85033,01571,01482,88486,89182,1326,9393,5213,0771,523,76
CM,21-11-2016,914824,83634,71383,63721,47338,40711,37633,83413,07309,64343,85899,31274,8422,1337,2310,7655,203,87
CM,14-11-2016,877723,86925,97151,54948,80000,48505,98685,18233,35956,17561,36247,15246,2735,4995,8322,7846,695,76
CM,07-11-2016,138518,98507,28187,61295,14272,64442,92130,43590,18804,68551,06994,40323,8682,7274,8821,4799,591,94
CM,31-10-2016,546477,86638,25895,29621,98499,69744,26424,82495,91341,77929,25760,91631,1321,9839,9743,7079,398,57
CM,24-10-2016,195690,73523,66348,30616,35617,67164,09521,27452,46253,43510,15581,43179,4377,5534,8244,0050,845,65
CM,17-10-2016,659275,40682,75833,08306,06766,09515,93322,62331,89803,27736,12076,30476,2400,2906,8704,7967,146,62
CM,10-10-2016,314946,60521,63906,56513,03377,18672,59300,09201,07643,97951,55382,85044,4646,3170,2677,7042,621,84
CM,03-10-2016,158652,45922,07664,60174,36627,42277,70778,65798,18407,90752,40929,87799,9612,8859,1548,4343,925,54
CM,26-09-2016,962998,75005,64849,47631,97777,22732,02395,88979,80530,37578,80113,09107,1895,5436,1470,5785,949,28
CM,19-09-2016,549337,80106,70284,25133,01881,21379,89101,10184,92934,07381,79952,22584,7926,7681,9346,7062,313,91
CM,12-09-2016,872242,44091,58184,23587,24473,28534,75747,20191,73193,96052,63792,50923,9844,4355,4309,0115,636,98
CM,05-09-2016,507682,84735,63863,13752,90426,38142,05077,58089,10439,59530,77118,91382,0913,1071,4665,2642,817,87
CM,29-08-2016,649828,01542,42459,46376,02637,92149,07892,39784,13318,18129,75541,99989,3421,9675,7131,2894,222,29
CM,22-08-2016,774518,58966,78199,92143,65634,79600,38311,14632,17814,85412,20074,02009,6886,6628,7773,8057,687,16
CM,15-08-2016,855707,04847,67645,61287,71779,88741,29052,04968,97982,60117,02050,33492,1671,1948,4688,2408,972,94
CM,08-08-2016,425833,14304,93783,32659,18977,62231,24418,32266,33267,07111,36683,48231,4704,9111,3854,4118,532,68
CM,01-08-2016,475571,66802,73282,28225,91378,35347,84486,02909,80737,37296,94931,97186,9468,6659,5893,1063,742,20
CM,25-07-2016,275231,04195,44991,94613,13207,23011,17287,16430,71626,57826,03984,41220,8157,2281,0612,1738,403,21
CM,18-07-2016,364569,55284,73846,57610,76131,11236,22796,85362,13891,88738,07168,87719,3298,0710,6148,6775,786,95
CM,11-07-2016,685304,48090,33522,19132,47151,09946,94924,25196,45070,21626,83530,38295,2310,8315,0776,2031,904,61
CM,04-07-2016,118205,62121,71334,65839,51158,61614,79477,42334,19524,82248,11788,25094,7863,6621,5325,7116,351,40
CM,27-06-2016,849827,07554,42939,30820,17652,83700,78014,70188,32674,66557,45903,21296,7490,7463,7065,7710,855,27
CM,20-06-2016,703561,58110,36551,49047,68425,84014,24733,68550,13464,81993,71185,68478,0545,8896,2526,9065,534,96
CM,13-06-2016,512343,86670,10792,92838,47693,07120,75093,64093,80098,48170,53227,45659,7575,5952,6130,5415,699,16
CM,06-06-2016,428993,39796,25981,85577,61226,32865,42854,01923,71766,61269,63329,19439,5695,7264,3625,4150,261,35
CM,30-05-2016,468161,83808,58771,81593,89807,84940,79026,10620,72356,47416,10612,41456,4049,5666,5443,8728,067,53
CM,23-05-2016,707296,33896,38289,96998,56317,69647,27360,86264,78458,88226,45088,44667,0751,6265,5364,3746,677,60
CM,16-05-2016,692349,04818,10849,34984,06242,55537,14083,50569,77273,63352,44023,36641,2746,0029,9124,7424,489,81
CM,09-05-2016,061197,09259,31811,63619,14490,95521,57048,68175,01107,27421,14738,16098,3340,2762,2659,8172,601,76
CM,02-05-2016,935357,99239,30230,39547,21888,86083,38161,67864,46086,33429,92428,16870,6454,7149,8744,8832,676,54
CM,25-04-2016,283220,27900,30647,69160,72205,58519,75603,94385,09785,56146,85261,71723,6655,5947,7112,6547,688,35
CM,18-04-2016,059394,24267,66808,14506,42609,62700,47897,13860,26845,46346,37297,80278,7084,0034,6974,6454,436,62
CM,11-04-2016,460369,12168,70661,92486,04090,10985,68834,60227,06754,48139,87898,01511,2688,5603,1558,7358,635,99
CM,04-04-2016,867367,25257,72703,96296,64374,41716,27228,55295,49221,88262,84579,96313,6667,8887,5926,8824,295,67
CM,28-03-2016,014317,34586,20323,06075,87230,48925,25931,24701,24132,89130,15792,63046,4772,0097,5660,3261,700,97
CM,21-03-2016,368839,50409,23346,00425,24979,24445,43659,77244,08274,52727,38812,76229,8629,5387,2971,1759,459,55
CM,14-03-2016,795255,82326,67201,87306,42986,34901,48532,02329,97886,42999,44425,43929,5348,3417,6135,6848,483,51
CM,07-03-2016,015658,14408,92028,68515,92216,59532,60882,10239,38056,75420,41732,35144,1900,5294,2978,7782,011,43
CM,29-02-2016,019200,44470,82556,84675,16999,86518,26855,20819,85061,27120,05564,58060,5822,3754,4463,9029,520,89
CM,22-02-2016,910758,66655,40282,74630,25063,77558,13562,78320,84490,32163,63940,48450,4795,5278,1014,0333,351,07
CM,15-02-2016,895980,28661,92437,57778,99249,65363,14234,19486,19376,66819,84759,85234,6512,8738,3850,1409,428,06
CM,08-02-2016,114154,20984,71217,03814,62667,79184,62652,71425,99917,93523,74568,89329,0355,0878,4045,0406,597,10
CM,01-02-2016,619591,78019,60788,92857,70785,88316,95913,10610,19865,61996,31064,81944,8875,1923,6350,9982,045,50
CM,25-01-2016,557814,40087,63695,42133,22993,26453,14939,38225,36935,46728,09403,55853,7793,9668,7396,1705,130,05
CM,18-01-2016,919588,68821,63953,18450,42083,70238,60003,30868,22281,75219,97189,51715,3722,6950,4935,5274,292,20
CM,11-01-2016,693387,72463,17797,08814,82282,57243,26622,29515,96591,67125,97814,79609,1355,5935,5996,8615,569,06
CM,04-01-2016,906067,47117,52321,81155,88551,97359,13074,64481,56050,96027,75794,61135,1410,2547,6780,2021,736,05
CM,28-12-2015,016169,26466,14034,57817,54382,25946,43997,16018,79644,53204,72433,26916,5968,2966,7172,2595,356,83
CM,21-12-2015,701029,11454,94145,74031,95908,32215,26386,25991,19716,69404,08515,41374,7035,4023,8650,2638,720,75
CM,14-12-2015,608922,12949,79835,51521,19309,51050,69028,17599,51064,40325,24905,66029,4887,3418,7660,3799,750,83
CM,07-12-2015,718524,60728,78360,86398,73881,89059,61385,66672,34958,16145,81220,42835,2011,3668,8715,6956,790,60
CM,30-11-2015,974196,47012,33237,34476,11820,89005,33853,70813,93995,24928,40420,56692,7895,3329,9204,2888,073,78
CM,23-11-2015,342597,54212,23580,87642,75518,92578,16212,08964,33971,65508,04975,82499,1489,3981,1464,2880,934,88
CM,16-11-2015,971302,25778,84203,08808,42105,87171,03910,35854,17186,03664,58845,70035,3039,0935,2152,5141,433,95
CM,09-11-2015,760291,78864,02519,23189,51361,51483,45021,72766,94836,14978,41367,88018,4591,8622,5834,5453,155,76
CM,02-11-2015,213503,62072,00169,01084,01799,48122,21406,45662,09303,57553,10026,45023,4246,2712,3208,2457,609,43
CM,26-10-2015,890025,64530,75580,04421,74442,77281,91627,99002,82649,05014,86598,22683,6862,7282,4091,2094,102,53
CM,19-10-2015,996433,32217,95377,80842,57946,11470,26902,88901,69170,86800,26897,36010,3752,0515,1950,6214,638,22
CM,12-10-2015,591538,40801,75126,35330,80034,91877,84292,83857,48305,37378,85383,30241,9006,7500,5518,9997,206,19
CM,05-10-2015,032964,83983,04867,67821,21013,44612,81453,55583,55938,60731,52522,05373,1779,9828,8671,5151,851,31
CM,28-09-2015,374187,47388,11716,18686,10021,78202,88353,19246,63500,54809,56784,29991,0244,2141,8259,3834,934,04
CM,21-09-2015,926795,68464,55179,19624,34600,41328,58958,00114,90287,90640,29024,55204,2185,1140,9237,3334,983,59
CM,14-09-2015,793168,63721,10668,69475,69164,37700,85490,83396,48780,95051,47559,87254,2838,5373,0492,1435,653,33
CM,07-09-2015,685930,10876,23186,32020,71230,32499,00823,84280,34234,04783,70758,40238,4513,8782,4346,3561,632,14
CM,31-08-2015,718106,78290,55119,05586,21468,55705,22530,70888,88161,58715,15817,84604,7219,8994,9370,3440,499,90
CM,24-08-2015,875926,73025,80140,57357,36527,91789,27542,07295,24609,37172,59221,93184,0048,4703,4028,7662,739,28
CM,17-08-2015,955518,37042,24410,43954,20722,39918,87186,79623,89106,35325,95347,29986,2692,8185,3884,8251,847,79
CM,10-08-2015,615117,00850,04067,06236,23249,75888,56126,69952,30169,98364,11934,54765,7661,7110,6866,8355,899,91
CM,03-08-2015,494893,83604,14623,27570,16562,11599,64642,16067,04678,04414,25971,10801,4072,7276,9735,1176,992,46
CM,27-07-2015,570714,97392,17387,97684,79960,95403,80795,22015,55838,76967,65817,49346,0425,9951,4383,8852,564,18
CM,20-07-2015,216826,74129,01825,25132,59288,18923,66296,42662,08967,07391,36176,31560,7663,7234,7810,1410,745,19
CM,13-07-2015,317690,77421,28975,35682,02683,81630,26122,93648,08867,33972,28638,15705,0682,6679,0791,3461,796,99
CM,06-07-2015,471151,23968,63649,59982,44682,95472,73652,86195,81603,52584,41242,77902,7369,6871,3512,2151,915,09
CM,29-06-2015,352569,31639,50041,41158,69143,03475,25134,34739,42761,80298,56910,86179,6361,8455,4622,5824,432,47
CM,22-06-2015,976903,03571,81425,54792,18789,71806,86176,65241,25139,74132,48551,94199,6229,9008,0680,4630,021,52
CM,15-06-2015,064071,31780,91107,59884,42036,91780,23370,54103,22777,79337,59195,77778,8005,4908,4724,8125,508,95
CM,08-06-2015,635793,34864,68478,62695,39876,87201,64907,35685,69494,47608,83821,33088,8610,8994,4881,7672,159,81
CM,01-06-2015,076870,20471,60419,12678,49159,78473,24505,30653,77486,33259,21590,73871,7583,2718,2920,8715,336,11
CM,25-05-2015,366456,94220,23845,40167,11017,06334,17759,76649,42372,40704,46665,54320,9814,6429,9977,4554,372,25
CM,18-05-2015,315843,15576,78248,01947,77305,41178,41394,62118,73229,85120,87970,34522,8396,0919,0891,2012,586,51
CM,11-05-2015,670329,17972,81882,17669,72143,83375,78292,94451,13499,42112,32154,59354,0220,2470,3762,2953,842,95
CM,04-05-2015,902613,58702,17003,81747,93359,11648,94517,05817,55519,03656,57109,49104,4879,9382,9928,2306,115,87
CM,27-04-2015,447579,87572,59004,10569,21353,53662,18896,92954,43893,93744,53238,91478,8171,2007,0935,6473,114,51
CM,20-04-2015,881874,73170,22565,51915,89741,25001,29659,82767,03261,31872,19565,87255,1080,7201,0036,3506,782,27
CM,13-04-2015,445846,75958,52165,92851,76198,26550,81334,01860,91405,87535,48298,93619,6473,6161,7675,7294,261,37
CM,06-04-2015,046300,88119,93859,76936,69033,11670,08317,36580,51820,22077,32348,03495,5160,5908,8413,5968,501,10
CM,30-03-2015,397179,94539,81986,06046,67715,86510,70945,66851,05204,65826,85541,83849,5078,5855,0918,1950,417,50
CM,23-03-2015,698292,48697,79173,61505,90322,13425,82830,39047,19898,96153,57691,99357,7369,5333,6538,4046,146,73
CM,16-03-2015,142928,51212,90287,03376,65647,34241,64412,61193,70713,14509,26151,12011,8816,6761,0262,1090,903,25
CM,09-03-2015,285396,93651,73854,65170,79390,19960,61436,33144,61504,72660,63257,85376,6445,2407,9068,2446,356,32
CM,02-03-2015,449188,01102,24269,94152,14481,18111,76141,58496,68791,21887,76451,12561,9523,9938,5493,8322,888,27
CM,23-02-2015,874459,39335,87153,27473,52897,51755,41506,04002,53752,69704,83183,64087,0162,7611,0052,3336,289,13
CM,16-02-2015,422043,97133,48789,14578,31453,95596,77560,39526,58654,56329,72768,04830,3674,7785,1117,9771,940,84
CM,09-02-2015,005522,97197,62805,34635,07591,79623,21454,81357,05058,56871,29231,70227,8845,2505,2731,7405,999,06
CM,02-02-2015,505321,08161,86852,44184,87397,70925,35301,60218,52759,18472,23081,62409,7192,4722,6142,4261,588,43
CM,26-01-2015,550773,93546,49841,51893,34200,26455,95275,15987,38364,54920,89774,01618,9368,4882,8758,4065,022,55
CM,19-01-2015,305673,92186,01777,64147,99946,95037,39536,28153,68102,77773,64238,51292,9940,0915,2583,5972,775,72
CM,12-01-2015,367450,73505,29529,80479,76316,12246,40494,62105,24667,25686,16683,71521,9563,6816,4959,4411,529,16
CM,05-01-2015,720360,46641,49227,87697,95623,93025,93707,96663,74231,16416,93084,54487,7927,7372,4367,4388,183,74
CM,29-12-2014,099541,39053,61375,84087,79454,34354,55967,90413,40139,17099,77138,12070,8388,5785,8190,7659,084,06
CM,22-12-2014,359572,50288,46825,63249,68924,06453,05556,79285,63233,33451,27790,55664,4465,8593,9692,1240,147,91
CM,15-12-2014,129669,53728,75237,70600,88405,79208,80087,08400,29274,05169,99482,53045,6816,4024,8354,0791,894,45
CM,08-12-2014,825640,99734,40270,81487,13886,36548,51961,59572,23459,23721,09049,49180,8358,2847,4350,8843,758,35
CM,01-12-2014,539926,50758,34930,36846,43973,46702,36056,49685,21436,92520,01038,33908,3243,5157,4026,3908,174,49
CM,24-11-2014,894227,89233,06611,50343,89583,33950,59565,93413,89922,60980,15116,29719,9385,4863,4342,0228,572,55
CM,17-11-2014,205763,47542,97438,31761,79471,05317,94401,12837,48215,46336,38066,93935,4850,6023,2407,4065,373,51
CM,10-11-2014,591060,17590,35387,40354,19597,87204,55571,58282,52979,65235,73411,74239,9800,0819,8555,3191,337,89
CM,03-11-2014,264632,31681,57739,19952,00502,19488,20165,84998,45149,97864,10181,48382,9929,4608,9622,9824,269,74
CM,27-10-2014,268739,90428,88839,07564,93114,69440,83340,90296,03065,15739,19221,28446,6896,8702,0347,0244,733,88
CM,20-10-2014,481674,26675,73067,05287,71069,77021,11236,79319,95590,44438,44669,30989,7325,2184,8903,0961,697,17
CM,13-10-2014,955872,05329,81423,80578,46056,61710,96773,97459,22586,93105,61597,46728,3608,1115,3021,5071,864,19
CM,06-10-2014,858170,69668,83909,35914,41741,68172,47450,17183,62256,75928,06942,06408,6924,8727,9068,3213,413,98
CM,29-09-2014,837972,02980,16837,78747,24862,91163,82105,90904,25075,79295,01027,41059,9945,1220,4945,3695,185,60
CM,22-09-2014,939366,23717,14415,56015,60039,74475,55999,62994,51500,65612,80156,24396,6293,5725,3044,7554,118,91
CM,15-09-2014,764724,51476,13326,72983,00652,23325,96944,96550,97775,86256,63885,09914,2187,2205,2628,2464,003,61
CM,08-09-2014,360536,02907,11689,73002,29636,78448,80064,27634,34735,43894,31968,52007,5291,2823,7403,8667,793,82
CM,01-09-2014,269343,62611,01818,75255,13957,82398,05639,15582,75244,53585,59991,23009,7753,9507,8947,4343,584,58
CM,25-08-2014,234553,29735,84486,81236,90976,33889,27642,96880,35407,90013,41120,02256,9350,6355,0716,6918,240,97
CM,18-08-2014,331750,60792,43749,44839,52586,68171,91948,67975,09599,40464,75740,83973,3894,1670,0888,8114,988,07
CM,11-08-2014,671350,50037,22943,36570,76797,51058,87232,22632,31407,45728,94200,37086,7738,9421,2710,6933,603,58
CM,04-08-2014,065813,56644,39713,21330,92854,49886,65282,36199,46440,34081,88302,75551,0212,3895,6648,1030,502,95
CM,28-07-2014,613943,50078,40640,57750,25395,33653,89294,22595,94704,98097,38913,72251,2077,7217,9414,0628,392,98
CM,21-07-2014,752769,31117,01067,49079,45218,96036,17122,27715,01322,52752,65126,70723,0604,3144,7094,1475,829,83
CM,14-07-2014,024600,37131,92817,21421,41025,00474,41646,13117,33757,60340,48312,72022,1302,9047,0033,6886,698,61
CM,07-07-2014,154637,84752,02700,75245,60934,95570,47060,34316,07549,77210,97743,33309,6152,3554,8730,9300,362,84
CM,30-06-2014,915809,52907,59248,33524,50690,57639,63901,77313,75501,21404,10661,55440,3657,5382,1519,0532,890,25
CM,23-06-2014,198684,85442,63429,10207,17904,22587,79668,84491,59564,63569,72381,78765,2465,1905,8072,7819,698,57
CM,16-06-2014,648553,35920,84822,18480,77026,73021,72954,45721,75195,11667,31850,41042,6948,1181,1023,7043,191,31
CM,09-06-2014,460841,56824,20659,64662,16206,14066,00214,80513,54506,23887,69913,64019,7439,6867,3310,9004,413,10
CM,02-06-2014,897875,76120,56211,53552,68173,03417,18640,56074,56113,45104,72352,63736,8699,5854,4932,9852,009,01
CM,26-05-2014,441466,49057,56795,17729,98458,45009,95068,60122,32220,84458,80064,44680,2338,7323,1416,6765,914,34
CM,19-05-2014,311152,34669,45820,84305,02000,33956,60978,48016,92462,05324,57449,05840,1822,6752,4106,8410,186,83
CM,12-05-2014,861382,80698,90048,73814,51086,03399,10099,43137,19855,16502,51069,35396,8188,4794,4547,5503,968,64
CM,05-05-2014,190454,18951,00283,95911,38703,43787,24275,95170,30282,12193,36480,20231,3661,7485,8484,5564,907,12
CM,28-04-2014,853210,44809,07208,55411,03112,29733,22779,57463,24044,68505,02090,33199,2693,6180,4383,7298,281,87
CM,21-04-2014,573036,29219,51878,48080,83301,65362,58036,10788,61555,79208,82983,63513,3300,1678,2435,8600,277,39
CM,14-04-2014,218913,16924,87278,96516,28282,56009,00018,32384,30409,94274,68806,10755,8830,4703,9540,0494,861,30
CM,07-04-2014,498483,43654,54170,75654,91658,70882,43752,82135,96726,98096,24943,77556,3992,9341,5484,5298,354,20
CM,31-03-2014,655581,05345,49528,62231,34027,64606,76023,69447,15421,09221,17680,51453,8854,3844,9883,8307,697,34
CM,24-03-2014,495212,19128,31487,05905,04156,08792,67137,08360,85074,10339,54059,04517,6322,9121,1134,7287,138,05
CM,17-03-2014,059171,65700,79781,76558,54505,22499,94697,91741,14811,15240,82685,72166,5506,4168,0346,3043,523,46
CM,10-03-2014,777879,61231,30866,31971,36894,92959,21402,07748,90165,58431,07162,99640,8721,2181,8793,9323,595,21
CM,03-03-2014,039205,99192,02992,37125,40217,07027,47940,99489,54337,10063,05806,74468,2588,2772,0990,7554,155,41
CM,24-02-2014,778308,12134,09363,91172,86009,53608,20032,63782,06977,23341,05340,31905,9278,8187,3505,0490,116,01
CM,17-02-2014,008060,61617,31919,74150,68805,36174,23145,12253,91515,96393,48098,38824,1430,1377,2549,1687,878,90
CM,10-02-2014,119940,27934,30945,36595,38330,05673,26769,12600,00003,58963,32643,79775,2761,0125,8743,9132,453,68
CM,03-02-2014,299596,63139,92576,71551,41556,03245,79937,04605,79363,22709,36647,85328,9839,5157,6285,5932,975,01
CM,27-01-2014,621108,39554,20909,33930,78507,87782,51593,44079,46452,37594,18099,85785,5796,4146,4743,2286,905,14
CM,20-01-2014,396535,06214,36507,54470,03268,23747,06290,00371,57055,52180,85309,95607,0898,2735,8728,6637,354,51
CM,13-01-2014,929409,79545,63361,74045,34991,17065,78367,17388,06024,87345,68729,08357,7389,3643,9241,2051,891,51
CM,06-01-2014,047271,30267,76838,45050,05330,98866,25865,33002,56261,10458,42028,77643,7600,0436,1373,2034,689,79
CM,30-12-2013,992507,74899,48774,46929,29989,47056,61077,35908,21669,88174,11785,06589,5345,8632,5802,1704,160,76
CM,23-12-2013,571233,94234,39119,98709,60522,29605,61519,47684,06415,95669,55035,19127,8109,7793,4543,1729,963,02
CM,16-12-2013,622223,67839,20325,96830,43935,47468,22454,73459,36199,84074,78173,84075,7813,4441,6001,3886,170,21
CM,09-12-2013,595216,22081,59552,49348,84689,53872,28134,00843,62635,34472,39582,48173,7360,9340,9478,4719,534,33
CM,02-12-2013,938759,83118,97066,23456,32598,08670,35707,24102,96572,33824,33361,13501,8799,7309,7339,5208,411,68
CM,25-11-2013,539608,15160,61431,20299,26965,13801,06651,63495,23135,68954,85786,06308,5671,8539,1634,5983,865,47
CM,18-11-2013,924629,57662,00379,32765,65879,39884,31188,42127,10457,10211,73403,70339,8954,7141,3854,0923,230,89
CM,11-11-2013,697013,18422,05846,43550,54197,28106,66326,10498,77286,59292,05972,34303,8994,8788,7026,4960,637,07
CM,04-11-2013,081671,11900,64992,99234,33462,04030,08775,17641,78880,36267,28183,29176,8611,3054,5868,4618,983,70
CM,28-10-2013,227180,05320,41294,94590,89539,58377,85828,86246,91407,05968,46732,07914,5943,8250,0994,0225,378,40
CM,21-10-2013,971284,23355,88036,98972,10644,74991,55230,61662,24605,30920,13035,80454,4753,9843,8791,3448,605,78
CM,14-10-2013,610863,26619,77689,23438,41934,33658,36370,62451,40039,99592,13690,96230,3535,9700,0440,6161,457,39
CM,07-10-2013,036599,63318,22531,92271,36621,80624,92388,51587,32462,14737,79371,80701,9625,4452,2478,0834,809,52
CM,30-09-2013,754743,91385,78660,60012,69209,21024,33850,96547,05807,46423,11570,80278,7784,5862,1885,8065,597,98
CM,23-09-2013,899389,32843,94786,83708,10972,57987,75615,51299,12004,75782,58938,50056,4379,8405,5128,7163,273,88
CM,16-09-2013,894545,71612,89402,03941,08037,87600,02059,17019,67599,19535,31248,32247,7603,0464,7894,0737,600,95
CM,09-09-2013,803203,76636,18585,03669,53019,81619,24563,29578,33184,46382,29544,58945,0099,4292,7566,5736,233,54
CM,02-09-2013,226594,96363,88658,55755,91542,47109,30559,84866,47271,37922,68768,96223,7131,6555,3239,9869,073,54
CM,26-08-2013,513050,02776,24845,31665,06343,49654,52116,36138,44167,94889,43064,48929,0672,3281,8265,9636,927,80
CM,19-08-2013,398687,72247,97146,33390,00117,31832,14859,92251,34673,76747,07206,65060,7132,2012,7799,8183,886,55
CM,12-08-2013,313994,90318,43212,44448,10699,42047,50314,43562,93922,25723,96891,59125,2460,9981,6331,0815,147,95
CM,05-08-2013,988895,67270,11891,13802,40199,78799,59843,82266,69873,92745,09313,37094,9583,2563,3980,0654,518,45
CM,29-07-2013,919067,65640,02756,32186,47514,31080,75755,61271,46636,78952,38919,55060,1202,1546,6289,6413,045,91
CM,22-07-2013,010040,92113,39948,39944,43511,43489,82328,93818,42758,11499,34906,31586,5844,3296,9113,5906,639,38
CM,15-07-2013,427345,48677,71704,35003,61169,81765,85659,55963,16867,40888,49538,67924,1445,2894,4319,3598,298,84
CM,08-07-2013,619924,61081,43486,03898,56948,54015,18729,38675,05889,55518,26269,05272,6596,8142,6520,7367,553,70
CM,01-07-2013,631104,54589,86863,90222,44624,60330,93152,14478,21959,91526,72672,87579,2708,4758,0998,0966,696,83
CM,24-06-2013,200523,00464,35262,15820,41255,79344,54333,71514,80655,31645,42419,37265,5544,2946,6463,0787,521,81
CM,17-06-2013,397308,44625,64702,11120,39251,98706,25633,98311,39631,69753,32959,19476,6861,9655,7144,4533,137,38
CM,10-06-2013,476972,70001,38251,92233,01935,08003,51471,02974,34159,78929,85716,89421,9280,8067,1680,4286,072,67
CM,03-06-2013,277298,80749,43094,32098,63406,12663,98515,28525,95493,19926,80410,83522,1881,2023,6144,1651,243,13
CM,27-05-2013,752753,37770,37224,56916,63342,16721,97083,76003,84245,49313,94209,77355,3297,4358,6927,9190,145,38
CM,20-05-2013,453841,67949,37516,46304,46484,80225,64272,45800,34765,67941,79446,66332,4462,0686,0585,8510,495,10
CM,13-05-2013,936510,76875,02106,11174,43767,32488,10699,45921,36457,55029,40126,87050,4243,0582,7908,8559,586,70
CM,06-05-2013,163751,52279,85813,98712,40813,78475,44083,58816,22037,78466,38733,54473,3472,8258,8310,4374,200,82
CM,29-04-2013,971027,47368,98824,09867,63819,59920,98326,16290,11488,04122,06930,16430,7816,3293,3202,4784,916,94
CM,22-04-2013,496225,26053,62522,51938,97413,80693,82377,44598,54397,05851,92055,61592,5600,9632,2363,5861,618,53
CM,15-04-2013,547454,65140,81549,41881,54721,97065,79511,62810,46961,74251,65872,10126,2298,8717,2268,1346,963,82
CM,08-04-2013,475877,71390,36936,33372,14136,99593,01238,17713,91194,20789,30520,64842,2830,1299,8867,8435,109,87
CM,01-04-2013,074338,58573,21101,75407,28134,64318,49646,94134,55441,88412,03221,73959,3999,3217,7994,8918,356,01
CM,25-03-2013,977961,72216,50434,44856,18742,73600,61762,88202,06680,10388,03290,59739,6916,7247,3632,4152,369,43
CM,18-03-2013,694315,33616,03801,42939,86157,63021,96570,44465,91979,06536,64842,79056,0297,3459,4694,8284,402,42
CM,11-03-2013,318772,80056,30726,58728,76958,14317,68676,74063,23930,88282,31996,10601,9960,3188,9853,3043,434,60
CM,04-03-2013,496619,01286,77251,79428,70347,29334,98752,73420,29680,92304,11417,62744,0379,5533,1876,0981,885,29
CM,25-02-2013,984671,54763,60025,03425,72934,80565,01642,78578,47376,44881,39799,07117,8389,0091,2659,0990,738,59
CM,18-02-2013,234835,86369,44192,93175,50475,49131,11134,38251,74968,57902,98114,55033,5694,0154,6916,4141,388,59
CM,11-02-2013,410765,66780,79319,41187,57758,68881,53167,48037,52393,24932,05588,04750,3251,5905,6087,4795,387,68
CM,04-02-2013,429500,81711,95912,99403,08790,05935,51800,25082,32073,48636,79497,62088,1576,4443,2472,3742,583,64
CM,28-01-2013,386598,97527,40547,81971,34447,21703,28414,06792,87830,96966,79384,20665,9302,4195,7300,0769,567,71
CM,21-01-2013,056034,89295,93030,57643,25884,51127,26023,60097,74038,08128,41871,70392,9136,2381,7308,5248,963,76
CM,14-01-2013,850681,60636,18343,43610,66089,58510,00416,05114,92965,26941,89652,40729,6550,8664,3590,7949,735,89
CM,07-01-2013,785444,07403,06339,17763,89162,01576,99412,46915,64464,45135,02842,30115,1230,5797,8281,5145,727,55
CM,31-12-2012,290770,11240,04054,76144,10009,39668,50572,50023,10548,30806,87259,28020,6220,8746,5965,6274,173,20
CM,24-12-2012,117235,41743,54552,74466,16945,91562,24747,75376,67817,14879,14388,22755,1464,3739,2268,4681,284,02
CM,17-12-2012,384819,12183,65782,39874,23131,06088,33495,26447,63086,46498,97056,50575,2975,9476,8333,1061,231,02
CM,10-12-2012,650997,36929,43478,33107,63895,71653,33454,99363,82767,04853,29380,19269,8063,4102,4935,5189,800,00
CM,03-12-2012,052228,37057,10872,81781,88501,76380,64222,68896,57288,21805,64921,05995,8546,0279,3270,4896,661,26
CM,26-11-2012,856001,18959,59046,78871,60692,63866,43277,94743,25494,68123,37667,47195,6145,3598,1860,1575,063,08
CM,19-11-2012,846267,42904,38675,66954,22586,49893,08478,65365,78295,60700,83597,08471,6986,4220,7983,4716,874,21
CM,12-11-2012,223709,51412,17042,81758,13993,27813,57688,69776,42076,85952,75411,47131,7855,3472,7170,7373,173,40
CM,05-11-2012,068033,49254,27933,11413,75357,98230,87178,23883,01399,98002,51992,06598,7584,2226,3055,2695,841,06
CM,29-10-2012,655052,46854,83185,41813,01311,00347,04696,95750,69235,90480,79868,37245,7181,2252,1445,4378,868,82
CM,22-10-2012,432109,82175,37005,29453,19228,44443,75531,51156,50766,15618,89672,67343,1382,7944,1695,5634,161,09
CM,15-10-2012,830929,75870,80505,93701,13127,49287,25526,86042,09583,34780,24675,01239,7548,2816,8301,5282,369,65
CM,08-10-2012,664125,32698,41035,33119,28427,98629,97936,38159,80889,06137,36650,00998,1181,0443,8368,4982,122,06
CM,01-10-2012,981680,45091,89737,80456,24908,23527,44196,20609,48266,78311,21375,44186,4318,5542,2471,8309,876,92
CM,24-09-2012,752826,45900,13299,74948,72557,04294,64016,18628,58972,76892,69922,58108,0355,4033,3677,2431,710,93
CM,17-09-2012,638188,26344,09097,96893,57308,82439,63586,72453,82490,86041,71055,88299,4509,0278,2879,2413,410,53
CM,10-09-2012,614238,84210,72484,10797,32015,64944,78976,51528,09480,63422,99845,58454,5576,7563,0698,5799,139,12
CM,03-09-2012,335085,78230,70274,97558,03694,70742,95924,46827,12586,16029,99717,03408,8001,9950,8076,3580,878,25
CM,27-08-2012,417628,88779,00953,05335,73360,70673,81174,53476,76591,42702,71522,53197,4305,4929,2876,0557,510,27
CM,20-08-2012,731285,45485,66253,51922,70843,21729,31800,54099,07356,60249,62587,88019,8528,9483,0201,8305,062,47
CM,13-08-2012,395504,21309,56601,05198,94148,89635,75752,61110,95622,23584,53990,48658,3373,5342,0793,3886,087,03
CM,06-08-2012,880668,79524,17089,29663,82848,81846,88154,52029,37058,08043,42986,83283,9045,4624,8395,8847,190,40
CM,30-07-2012,252453,63362,74661,99925,61939,92704,46961,42943,55557,55957,25438,63747,4879,4520,2491,8511,348,26
CM,23-07-2012,590568,55069,27339,48448,33825,82481,21876,47818,43928,19097,50144,79207,6501,1606,6190,3591,215,76
CM,16-07-2012,464487,98144,04554,27072,37189,10438,09581,13390,77843,09909,35369,45668,0878,0813,6414,5881,639,71
CM,09-07-2012,364672,65021,83495,22869,24757,57376,91197,17612,00864,57800,38381,04915,7921,5606,6011,7398,138,91
CM,02-07-2012,614294,82322,35257,19549,79525,91257,10226,09151,26560,06924,37849,35284,3997,7752,3538,0902,180,83
CM,25-06-2012,287036,61565,98574,94825,39191,73040,68258,52770,84180,93360,04394,19915,8472,5450,8570,7542,743,88
CM,18-06-2012,205257,60890,61781,39792,29687,91714,01613,23245,88715,38949,81915,19982,3413,0982,3416,0542,536,08
CM,12-06-2012,147000,08570,97224,20542,96351,15076,92580,49222,47213,24029,47341,64241,9840,7848,1539,2160,078,43
CM,11-06-2012,147000,08570,97224,20542,96351,15076,92580,49222,47213,24029,47341,64241,9840,7848,1539,2160,078,43
CM,04-06-2012,429963,86691,98859,03988,75407,04784,91092,93006,83858,01082,04277,63358,5883,4911,3534,4549,389,06
CM,28-05-2012,065419,14401,90428,91076,77473,98712,17972,37568,29018,29668,76304,23035,1108,8381,2407,1615,676,88
CM,21-05-2012,176347,13908,74908,80619,85111,26868,12154,31741,32261,99850,66582,05271,9552,4182,0065,9087,764,24
CM,14-05-2012,647039,84611,83697,73413,17844,20196,90618,01658,60052,20846,14906,53671,9893,2785,2782,4583,146,05
CM,07-05-2012,164014,79360,28257,47612,94609,60731,68006,41803,81535,43360,97079,08325,4118,5733,4810,2178,205,27
CM,30-04-2012,110422,47523,82212,57261,06439,92954,81529,64736,93350,71004,55585,56310,1267,3530,4791,6523,851,70
CM,23-04-2012,453510,01793,96898,17586,93636,73817,88618,52260,52348,91432,46320,38195,5914,9400,6720,6790,463,26
CM,16-04-2012,889261,02326,32475,87087,93796,01609,57565,68241,49870,29577,93877,54321,7738,8680,9057,2076,558,74
CM,09-04-2012,384701,24478,51147,72504,39332,53649,13312,63379,16560,45574,39642,06790,7404,6217,4266,5397,346,84
CM,02-04-2012,593832,41015,84571,32432,04444,14757,38007,41344,81236,45620,43990,93585,3518,0802,9634,6465,737,52
CM,26-03-2012,023642,26119,25644,97860,22466,42391,84435,87343,73639,87975,37061,11260,8952,0244,1276,8403,590,25
CM,19-03-2012,064347,31168,75064,87349,42063,10124,83037,80977,04856,37225,15286,72475,8157,4234,4245,8713,040,94
CM,12-03-2012,182790,07269,77691,70743,99827,56186,42825,47883,19397,85133,29917,59397,5024,7157,9045,9096,605,32
CM,05-03-2012,466829,26515,58298,06435,02831,36613,79269,26282,33852,51790,37806,42589,4381,5972,0052,4111,434,03
CM,27-02-2012,443946,13445,37959,46681,81170,61583,82994,44302,01340,58029,45546,75028,5409,6039,8017,1211,320,07
CM,21-02-2012,600268,65985,93829,42099,45770,52871,40285,84099,79889,12592,69943,28974,9270,3746,3599,0100,331,38
CM,20-02-2012,600268,65985,93829,42099,45770,52871,40285,84099,79889,12592,69943,28974,9270,3746,3599,0100,331,38
CM,13-02-2012,492494,64405,62337,64224,31421,52518,24990,02871,25186,61379,43926,70995,6097,4465,7282,2575,521,56
CM,06-02-2012,099671,47507,36094,52036,82755,20245,70851,19514,61904,82021,72565,82358,4787,5231,9940,7230,826,50
CM,30-01-2012,495552,58557,40890,69891,32619,43641,76157,25048,31757,67307,20264,65439,4611,2181,3171,2130,678,07
CM,23-01-2012,157322,78825,95009,04154,55077,01818,60888,06761,31672,00570,08823,98782,5515,2343,6939,2567,617,36
CM,16-01-2012,633776,97207,04926,29803,53437,45108,80964,74600,34052,28769,33683,73957,4738,5088,7981,8459,684,65
CM,09-01-2012,848900,96102,52174,16279,24318,23660,31566,99097,56223,49267,77122,54114,9475,2886,9505,2699,519,57
CM,02-01-2012,131553,65609,75450,09560,30366,69773,89380,22854,64079,39854,61546,03060,6841,5601,2617,4248,804,29
CM,26-12-2011,245909,69053,90882,32712,64312,67518,73050,98205,75995,39231,18267,98650,4949,0776,0345,8576,324,97
CM,19-12-2011,708839,15707,69516,33982,33081,60247,57934,03628,38983,87273,18093,50181,1875,4560,4950,3613,854,93
CM,12-12-2011,954861,75808,31689,17768,50954,22285,60271,15020,76811,74206,34343,00366,6137,8278,2233,3389,580,28
CM,05-12-2011,380331,73287,17263,92219,50827,15075,77032,21071,72080,81155,04160,72553,9776,4040,2429,9735,700,00
CM,28-11-2011,225698,36118,34846,77847,84637,92955,67526,94203,72488,93198,46857,71433,1961,1940,9748,1364,939,17
CM,21-11-2011,729597,59820,98916,99179,99009,75574,47462,37003,93108,41384,31299,74713,1068,8471,3189,9571,368,98
CM,14-11-2011,869079,25179,99567,14814,24589,16655,80364,93639,71012,57227,87717,10307,9644,9836,1877,9496,055,27
CM,07-11-2011,761783,62200,62358,11821,24003,78225,21384,53386,82545,98285,77087,79083,5125,9286,5011,9992,525,62
CM,31-10-2011,096927,67116,03920,34259,57794,04744,75689,15143,35991,49165,61277,70917,9245,2941,4196,2737,191,59
CM,24-10-2011,721523,83647,42654,12547,52372,94320,49269,61481,47066,35947,25758,36978,8529,6623,3392,5712,530,35
CM,17-10-2011,541105,53282,55489,81726,42284,80426,48844,45849,88930,72482,99051,29117,7109,7562,7691,2325,415,04
CM,10-10-2011,356700,76813,77285,51559,00544,43226,63592,13498,26041,82973,77878,04901,9590,0679,4901,6524,654,79
CM,03-10-2011,568113,67317,79392,65868,43415,30160,54608,75392,97203,01350,91911,58600,9371,7810,3981,9540,553,98
CM,26-09-2011,425983,30649,41323,01031,76874,28162,08129,99641,85282,92719,12375,43734,6664,6852,4243,8246,461,38
CM,19-09-2011,558056,98869,16668,71918,03117,89651,60293,20325,11497,94308,31386,52875,4592,6271,6671,7822,617,67
CM,12-09-2011,769231,39300,35843,62272,65725,59925,74437,58953,47386,02564,25991,44096,8786,0369,1694,5163,614,04
CM,05-09-2011,735104,53060,80331,60232,74592,27724,89248,14212,32767,68868,73591,17338,5487,5379,8713,4943,614,42
CM,29-08-2011,150004,62382,31202,02112,48945,19705,35099,40526,43248,32714,40620,50595,5941,9307,4976,1852,684,25
CM,22-08-2011,808110,70878,29523,09793,59631,07930,43520,39687,27109,19216,90258,61934,2784,9361,2363,4151,682,07
CM,15-08-2011,511572,12623,23666,89341,18587,29408,74447,84316,06987,80607,52524,88690,3915,9291,5162,9495,372,76
CM,08-08-2011,285422,00400,00903,06554,67727,04178,08878,48590,67960,54607,92851,87699,5203,3387,2667,1557,086,00
CM,01-08-2011,276947,54484,77803,53527,62784,41744,85221,75313,85331,01554,37007,64788,0893,7808,7377,5386,676,37
CM,25-07-2011,057257,61517,41350,28096,71293,74017,03662,90965,24440,57928,27611,52080,7055,4070,1820,5390,684,55
CM,18-07-2011,695698,54286,64428,83188,23601,93063,75104,76425,59145,87301,72779,48890,5029,9649,0941,8116,965,58
CM,11-07-2011,324014,67177,26466,23995,68338,69369,52339,69842,56393,26691,40599,56088,9674,4395,3151,5925,405,04
CM,04-07-2011,220830,01650,61065,49600,13702,01979,10072,17537,59828,53926,76730,42941,4264,0158,0247,7857,380,79
CM,27-06-2011,685399,01579,43399,21363,15865,10771,46734,53055,18922,30743,03200,53538,6198,9568,4893,6334,724,60
CM,20-06-2011,513781,74426,70194,10330,89873,45700,91286,88424,82112,59923,74621,31202,4817,3797,8585,0511,168,56
CM,13-06-2011,092017,34676,56435,74135,92119,69281,40709,36809,24350,47671,00965,77973,2690,2464,4279,1629,863,75
CM,06-06-2011,042931,23228,16764,24557,84476,79080,52343,22945,70272,14504,15259,37676,2959,8981,6113,1381,930,05
CM,30-05-2011,973360,89987,86848,56901,36538,03978,90824,63438,50581,13897,24736,70967,6688,0007,0499,0114,678,69
CM,23-05-2011,473372,56043,37284,66224,97793,64456,34233,25256,08016,67792,42781,94975,1255,8156,1371,3468,461,09
CM,16-05-2011,801663,33021,11857,12183,62848,00288,37505,67526,02284,90536,27916,08706,4186,7708,6271,6689,439,36
CM,09-05-2011,185040,98968,88622,94787,21693,10432,18291,84035,78895,72106,16723,66039,7269,7277,2746,0757,009,50
CM,02-05-2011,280682,43807,90223,29144,44772,40101,17723,79374,48511,15732,18304,01277,3085,7336,0515,8050,256,60
CM,25-04-2011,687051,11250,82696,34259,43395,79466,44508,51513,40262,87220,31704,01372,2221,3400,3189,4207,780,11
CM,18-04-2011,100895,80631,07054,23221,07414,40032,50542,06175,82872,35055,40730,58318,8698,3376,2090,5432,789,80
CM,11-04-2011,885723,43211,63664,15573,87007,74741,30933,96949,67448,93641,10834,49846,1190,2684,0199,6750,574,54
CM,04-04-2011,029430,48010,29549,97450,67249,53931,94466,71343,06201,86674,32431,02125,7130,1537,2245,2997,399,40
CM,28-03-2011,050273,60294,11017,16877,57239,96182,35470,68159,87144,29558,58732,50302,3053,7370,0137,4142,632,37
CM,21-03-2011,212563,96813,08383,82386,34719,46457,94246,46406,87959,29949,62177,50744,6162,3392,8221,2693,381,55
CM,14-03-2011,178547,06454,40060,10327,03442,45097,71278,28973,35169,05607,63192,19072,3457,2377,9735,9743,713,38
CM,07-03-2011,112120,21347,89571,08048,81793,29947,28552,92626,61668,98012,55859,72364,9498,8566,3514,5598,025,54
CM,28-02-2011,125325,92099,09370,71733,52179,90634,30635,28398,26963,48237,47415,87608,3998,8137,2752,2021,952,11
CM,21-02-2011,069992,17901,31057,23522,93336,15523,14772,46648,26242,16306,64869,25265,6127,5695,1697,8980,140,97
CM,14-02-2011,327858,00661,98187,92663,70762,36466,93329,86811,63596,55256,88860,73296,5992,8020,1633,9313,074,54
CM,07-02-2011,646318,46140,40226,50796,07571,85259,18945,97250,61687,24046,55806,07953,6684,0839,0826,3675,889,42
CM,31-01-2011,579554,40268,93609,13693,54981,73678,73430,91753,39897,30967,78230,73772,0639,9090,2926,4219,542,95
CM,24-01-2011,480547,85653,04361,22277,08421,72145,00694,87936,20963,04641,48102,00430,4833,2109,9636,2749,556,23
CM,17-01-2011,128625,50064,66717,78645,64208,98605,56730,35652,61579,17357,06845,96132,3194,3610,3975,2179,558,16
CM,10-01-2011,471426,54518,33854,49967,35300,13224,68837,07945,19091,70360,21007,82861,4156,6054,6040,3725,753,09
CM,03-01-2011,388230,28439,05174,33312,30444,02004,07763,38271,14323,03691,49919,05883,0356,6337,5665,6817,637,81
CM,27-12-2010,478161,03924,27957,13273,66791,26961,12520,56654,70013,26947,11404,13968,7644,4656,0688,9230,841,74
CM,20-12-2010,168345,98853,87871,88213,55595,80566,84612,84288,58183,75045,76244,18717,3592,7607,6297,6635,751,08
CM,13-12-2010,417460,36176,94928,81289,44521,75270,70736,89652,22056,02329,26995,90831,1054,7043,7818,1492,379,31
CM,06-12-2010,950785,48877,27404,62906,51335,57764,66605,77225,95835,54051,75137,06033,4752,7535,0579,8855,602,17
CM,29-11-2010,854791,26252,93047,47427,86888,62871,59157,74576,47967,63195,34135,11523,8949,9470,9114,7418,102,06
CM,22-11-2010,931003,80398,84744,85985,67358,73021,06895,44228,94882,23752,20598,21999,2613,7590,8605,5831,197,36
CM,15-11-2010,072384,57381,37364,41090,52130,59124,21137,52499,39258,02584,44391,14484,0580,5964,3795,2081,422,21
CM,08-11-2010,883082,16159,53163,49614,37253,64694,17645,83119,24014,67010,45037,47318,6464,8482,3357,3836,899,84
CM,01-11-2010,309294,91278,80660,71951,35376,37423,10465,30435,78242,28080,27860,51806,3186,6646,6996,8223,243,72
CM,25-10-2010,050892,81226,44627,57580,29645,71310,92311,17857,02562,84690,19229,54564,2485,8718,5922,4486,573,68
CM,18-10-2010,669866,72705,83359,79159,89309,57623,87269,66308,22043,47316,01212,69847,7293,5561,3606,3898,431,56
CM,11-10-2010,651439,94427,07701,12679,33337,46667,29704,29944,81891,36865,34796,21647,6308,3052,9003,9802,195,94
CM,04-10-2010,458893,29348,53887,60663,31354,57184,94011,21482,75159,94109,06351,03978,1564,6212,5182,8218,338,53
CM,27-09-2010,475190,87306,73384,82745,08996,03820,11651,93417,67158,92402,09586,00014,0928,4060,4805,3021,608,00
CM,20-09-2010,203458,60974,74598,75805,45825,03592,07967,36457,08071,05618,21018,40846,1792,7026,8008,0198,281,35
CM,13-09-2010,893306,28366,85353,07598,51342,94782,49881,51048,26357,83055,51612,42374,5704,1824,8380,4515,977,71
CM,06-09-2010,598766,62105,16213,98776,84656,34994,65762,82690,80280,83054,05907,20137,9601,5278,7355,4656,257,83
CM,30-08-2010,420752,54232,95037,41550,98911,59449,76682,77349,88231,24382,97889,25731,4413,8986,9321,8443,660,20
CM,23-08-2010,828964,23175,76688,63467,26516,40320,28798,07681,22956,25842,17971,59067,4611,2406,5680,9470,695,66
CM,16-08-2010,161615,38004,40493,37589,06096,83491,97062,79876,66207,15659,17839,46990,1023,4685,3952,3690,788,20
CM,09-08-2010,299379,67485,11593,93232,90210,71902,44503,47374,15865,91407,12299,02303,9632,6118,0722,7680,342,33
CM,02-08-2010,841209,52377,08688,96412,51171,93435,99473,58093,85569,41779,96092,58936,6548,8338,6420,0438,845,04
CM,26-07-2010,177191,16843,62010,10325,82713,34885,08068,59906,33060,32632,26682,76737,3836,1111,9320,4268,169,96
CM,19-07-2010,504975,36532,67189,57200,17284,38278,15319,57620,53218,25662,24160,71561,5199,5585,1816,7266,498,88
CM,12-07-2010,459053,89899,77648,23149,97169,28928,43080,91254,42569,60401,92965,44363,7156,7580,6690,2997,062,80
CM,05-07-2010,454231,07775,24319,28551,25966,27151,99144,06628,84206,96577,97952,47182,5500,4589,4487,4039,617,14
CM,28-06-2010,228584,55545,86559,48198,31369,39390,18301,16265,78703,34374,19391,21824,3307,8987,4787,1948,429,40
CM,21-06-2010,357989,39467,47820,50139,33146,23982,44063,85684,84194,55662,03354,15072,6761,3055,5309,0215,712,24
CM,14-06-2010,139268,92253,52303,38947,52615,05633,22807,90530,05383,71673,85124,52875,7197,4239,1376,9860,775,69
CM,07-06-2010,997359,59286,76181,72382,60277,00667,73336,01052,71547,19916,28118,11249,9645,7351,9288,6307,626,49
CM,31-05-2010,350387,05045,47285,67159,15839,82683,51588,69103,84556,78213,48343,52707,5004,2780,1231,7722,206,70
CM,24-05-2010,993186,44139,27685,86969,83411,64998,50038,21712,41009,04000,94757,93943,1605,1515,9432,3945,522,82
CM,17-05-2010,201467,73059,20113,26320,43233,19822,07231,08680,52659,01407,82003,73861,6943,4905,2719,7174,650,11
CM,10-05-2010,026826,80628,62992,50292,67517,31773,64425,95789,74499,96167,94649,57421,2680,9978,1905,5610,519,03
CM,03-05-2010,163386,72869,57387,77669,00636,41566,21611,08399,82769,51265,72398,39881,7157,8507,3385,2666,153,49
CM,26-04-2010,463685,93991,23147,36140,99436,02050,21625,99982,60562,33573,36066,96861,4022,4822,1234,3146,112,38
CM,19-04-2010,946858,11141,40206,33941,59740,61584,23530,93024,65980,10180,16808,96276,0560,6877,8959,0696,649,36
CM,12-04-2010,450857,33963,89853,95844,45685,79041,77451,13558,34556,36182,08020,19037,7248,4399,8115,4074,114,99
CM,05-04-2010,560498,62779,13914,25563,11892,81153,00987,78605,56369,93931,09165,84569,0652,6350,8012,9205,691,76
CM,29-03-2010,199947,70324,74049,47956,28801,80020,51052,08263,70884,15376,93734,29402,9029,6241,0833,9812,865,54
CM,22-03-2010,098416,13374,17079,83111,67086,98197,91186,66980,39172,68244,19774,68449,8381,4025,6818,5595,762,14
CM,15-03-2010,992586,12176,72716,36405,68609,31044,07608,63778,48807,35999,70050,62548,1147,6971,3344,9702,615,76
CM,08-03-2010,346749,00301,12788,29417,05002,54570,45574,01154,31762,43616,85908,21988,0728,0202,6352,2191,662,31
CM,01-03-2010,878563,25899,90634,05062,17394,22972,13474,16200,35744,56192,77874,53348,3377,0275,5626,1606,769,69
CM,22-02-2010,003326,36457,78078,47914,68152,40156,19187,05098,68428,78833,04834,38881,6451,3993,2448,3193,537,04
CM,15-02-2010,064498,84550,09391,30678,52994,12854,27184,76208,36150,62522,43826,58678,1446,1227,6047,9020,734,42
CM,08-02-2010,868110,62069,11878,80462,64484,57812,17208,42493,46894,71204,20980,47517,1506,4696,0978,9118,020,11
CM,01-02-2010,662145,48831,53834,44817,99292,33675,26152,45346,97272,23970,76637,10145,0372,1030,7748,3158,024,68
CM,25-01-2010,686776,67111,23181,28800,53886,62758,67587,94317,00785,53897,66257,41883,7473,7441,4610,6353,131,55
CM,18-01-2010,104145,17453,78447,90415,83597,68080,85536,69584,10444,97470,69538,86461,4011,3965,8865,8823,340,73
CM,11-01-2010,271434,69399,91257,56489,36749,21996,56738,31237,22777,52889,86402,65786,0091,2263,8944,0979,544,69
CM,04-01-2010,445673,78488,11925,25276,41301,38264,13340,79037,63461,52542,65873,00085,7145,8794,6543,5666,325,99
CM,28-12-2009,222670,62840,38464,91832,05343,40886,46160,22899,72268,89005,93175,57988,9301,4261,4042,8655,896,68
CM,21-12-2009,961824,13787,27013,70088,62679,50034,79286,10086,98614,04560,20523,75835,7711,0350,4399,5886,960,60
CM,14-12-2009,020960,66994,53021,51865,68862,89992,21089,08775,96028,66787,48488,08636,5112,8627,6980,0486,434,20
CM,07-12-2009,551310,63436,00661,98047,16793,66981,85963,45002,76684,47190,80092,34379,3046,7675,2093,6994,898,30
CM,30-11-2009,211700,09997,75324,94679,81448,15911,41632,40565,48163,58576,89127,99383,7977,6962,9802,6167,867,67
CM,23-11-2009,096856,07599,59667,99421,41889,55995,38376,49210,33890,94751,35933,45770,3882,7859,0728,7550,179,07
CM,16-11-2009,734040,10757,67107,97674,86722,88157,39540,74934,71446,34500,22991,06021,3260,1044,9423,9895,406,87
CM,09-11-2009,550474,52443,53051,96397,44142,80398,58886,37013,90217,44725,31781,48263,2026,2820,7503,1402,193,95
CM,02-11-2009,364995,81486,95571,11776,56532,41307,27502,49290,77036,28510,13285,56426,0714,8297,2429,5522,105,79
CM,26-10-2009,480501,52051,60481,11074,63281,95835,94186,83117,62646,21084,51073,47982,6478,1573,5619,4019,149,67
CM,19-10-2009,434589,66411,81246,24470,78101,06924,59280,52077,27371,87006,22657,62148,4967,1780,9487,6431,912,34
CM,12-10-2009,289673,11191,43370,76986,11875,82112,75187,07630,25657,04966,94538,12320,2517,0145,8604,1129,474,50
CM,05-10-2009,398493,48763,66841,92225,98900,30070,33350,96324,29120,60339,63950,47178,2375,0239,0357,3034,005,24
CM,28-09-2009,05475,37105,41617,72484,92672,63042,08990,58911,23687,31115,51352,96354,5850,6019,6573,7096,990,58,00
CM,21-09-2009,04725,27537,38672,45796,20922,82536,39134,52099,21497,26809,14461,79311,6196,5399,6512,8018,660,35,00
CM,14-09-2009,38455,19895,66290,98049,95641,52539,21363,05005,17809,41835,24164,90939,6799,3020,6204,3320,501,67,00
CM,07-09-2009,30137,63949,97819,09111,81004,13540,36253,34155,65789,51380,80197,45184,2776,3572,4183,6992,343,66,00
CM,31-08-2009,04358,42659,64357,72829,67601,86615,10876,62080,57765,78360,89979,74191,1374,9030,8866,5617,647,98,00
CM,24-08-2009,60694,03800,07004,42607,26566,49114,90567,39067,42149,09091,00859,16585,5486,4176,3925,9638,015,23,00
CM,17-08-2009,08821,58224,45755,92265,75300,32697,95401,69009,94271,14782,28390,16281,8161,9944,5716,6721,289,78,00
CM,10-08-2009,33765,82812,33561,61311,14656,99687,99844,10984,71633,23127,20341,54692,7173,0048,8060,1388,107,48,00
CM,03-08-2009,41019,68191,68323,22905,39377,31463,40762,26807,14919,80927,16512,82086,8351,6907,3930,0945,130,27,00
CM,27-07-2009,40350,43034,85038,47562,21023,86876,84240,88335,55256,04845,67906,31252,3799,9663,5581,3426,164,53,00
CM,20-07-2009,01942,78038,40800,74406,89776,75810,55641,04849,83161,33892,25084,36017,2763,7964,5023,4809,438,41,00
CM,13-07-2009,72416,95384,68767,55476,34324,25347,72452,03711,66724,14970,44854,65177,8249,7523,2800,6279,705,40,00
CM,06-07-2009,72187,38805,89108,36712,47674,51843,90793,69584,97317,07021,43161,48699,8609,0023,0560,1098,955,22,00
CM,29-06-2009,68356,33086,18179,18041,02907,79874,60773,05732,84444,78764,04637,45189,6981,1058,8449,2077,978,50,00
CM,22-06-2009,08578,17655,33045,00670,83161,19714,17108,18132,11440,33465,28440,28985,1237,2480,6145,6822,042,97,00
CM,15-06-2009,88209,40589,48513,33131,74013,04260,97038,59257,56260,22585,05608,46402,7905,2727,0950,4992,546,27,00
CM,08-06-2009,45035,59014,67912,87576,31050,10241,49481,65702,67553,76814,90865,09660,6751,7297,6287,3329,848,81,00
CM,01-06-2009,90713,64351,65005,34531,02689,80884,99547,61579,89770,88069,05255,56198,4250,3995,3207,3640,547,30,00
CM,25-05-2009,97910,72581,71113,65909,69794,91224,86966,39394,68663,25295,11381,26508,5497,8418,5188,7396,957,71,00
CM,18-05-2009,97337,75925,22319,81224,44294,38978,99356,51506,04988,05645,38692,30347,5651,3207,3718,8634,744,47,00
CM,11-05-2009,46564,93176,09814,86787,21070,72844,14513,43298,88250,91121,47727,42907,9041,0878,5550,6910,727,75,00
CM,04-05-2009,59744,42310,10065,23730,67654,85958,74922,08851,60497,28892,84858,26785,6969,0555,0646,1041,790,58,00
CM,27-04-2009,15698,07527,72645,50431,75906,56088,46497,47029,20062,17233,39377,83187,0144,5974,1338,7908,190,83,00
CM,20-04-2009,13570,04446,35039,94000,17104,37461,92219,39624,34496,20507,27249,01724,7029,7566,7218,7762,972,26,00
CM,13-04-2009,12551,63591,83893,12530,67417,40309,70787,43997,99707,76218,78446,01214,4131,6874,9660,0456,643,45,00
CM,06-04-2009,06925,11088,95953,01208,66032,48701,93039,70325,67834,80971,08529,07821,2113,6512,8154,4283,446,60,00
CM,30-03-2009,38568,79068,70724,76439,03756,28996,71842,83000,49786,57307,39966,04685,7223,5253,0543,6695,475,40,00
CM,23-03-2009,85604,98652,41158,99194,93825,42530,73270,28864,34771,78460,88964,24991,2076,2607,9992,6597,148,75,00
CM,16-03-2009,21277,52299,37603,53928,42368,97073,14010,42378,80606,28418,04272,35022,5488,9691,8923,0845,892,11,00
CM,09-03-2009,63254,86082,14720,86375,52303,76962,63508,15103,19572,68458,79535,19012,2670,8986,0192,1867,428,37,00
CM,02-03-2009,04397,24324,09807,36421,39930,88098,72263,52076,16624,41690,35100,44868,2142,0911,6416,5435,183,63,00
CM,23-02-2009,88658,93015,86116,51441,20304,23503,43412,83761,99036,44376,49758,54237,6167,7777,8623,5196,035,63,00
CM,16-02-2009,89172,30545,36499,71965,89428,66701,90493,76674,08522,30650,64535,61114,3715,4443,1742,1650,456,51,00
CM,09-02-2009,25456,45610,27343,14636,79746,39004,47763,14875,08688,71762,79029,02489,9870,4537,1696,5612,468,64,00
CM,02-02-2009,91402,99224,58700,52166,75348,89412,15085,14800,35088,67472,28404,28025,9466,3783,6784,8454,266,13,00
CM,19-01-2009,26294,84040,28402,23482,56146,69245,75767,52836,33816,97000,45688,30073,2277,9951,0645,1718,447,97,00
CM,12-01-2009,25609,02605,89058,80237,55754,19748,00126,51335,78124,87494,45021,68202,9718,9977,3431,3540,517,62,00
CM,05-01-2009,10130,92043,57502,52879,91150,08911,93006,16779,02120,87888,89372,44535,9615,2510,7338,9065,676,22,00
CM,29-12-2008,11451,55554,49964,00418,86537,43102,12801,96104,56796,12963,66450,12248,4165,0868,4868,6881,939,32,00
CM,22-12-2008,03687,16195,13739,47575,19017,79253,21799,47198,85442,52042,30663,04637,7261,1285,5567,6555,845,45,00
CM,15-12-2008,42941,18427,51379,04824,67721,03799,07127,58145,84490,97257,27679,18182,5091,7039,8397,9305,195,96,00
CM,08-12-2008,29432,06955,41489,16333,38302,61502,24895,61461,03886,64448,75341,21393,6237,2015,8473,2901,990,13,00
CM,01-12-2008,94693,75463,27918,78580,78816,08061,13538,10749,39335,39255,62958,78401,2966,3461,2643,0373,045,94,00
CM,24-11-2008,06171,35406,85837,18541,79988,36209,10957,99427,16331,51635,64933,69275,2161,6824,0432,4434,842,15,00
CM,17-11-2008,55495,93737,71637,50355,57533,99032,74602,27171,96440,49159,73883,72838,3642,2443,7256,3307,210,41,00
CM,10-11-2008,54732,09243,69156,26383,38834,89546,55755,85968,23205,68766,07269,94817,4286,5231,1456,1640,467,50,00
CM,03-11-2008,87701,01362,52116,42562,30315,22603,97229,03006,62798,67104,90270,34244,7649,2959,6466,9674,707,89,00
CM,27-10-2008,94336,52551,98890,21105,87245,54375,73012,44412,55513,29034,63620,67360,6535,0447,6279,0318,636,59,00
CM,20-10-2008,77470,09557,59733,52241,44652,58484,23428,68749,11171,66328,94731,84268,8257,3436,4307,6506,090,30,00
CM,13-10-2008,41197,35235,75361,21342,01389,93379,42432,32786,13883,73377,67770,97986,5832,4945,7573,0919,991,11,00
CM,06-10-2008,17451,61692,34533,12408,22661,17161,17653,34950,97366,56678,18890,50655,5210,8558,9454,4762,230,46,00
CM,29-09-2008,49535,54828,06743,12505,48705,05029,27003,55639,98924,64610,63370,56863,9968,2627,3390,5347,000,27,00
CM,22-09-2008,40181,47766,53161,01814,23267,83134,44588,21812,83882,45214,82762,27387,5362,1684,6300,4847,647,18,00
CM,15-09-2008,88386,80273,88228,95162,84603,73679,98630,14716,54730,14769,17208,89158,3630,7657,8926,0731,911,91,00
CM,08-09-2008,61090,67505,98623,72011,38454,47827,18363,89500,85225,02800,01501,68709,8853,2893,0012,4745,608,57,00
CM,01-09-2008,75727,60166,32771,76307,01884,95574,89501,14942,90005,03969,74122,97461,9790,8249,3801,3558,817,64,00
CM,25-08-2008,84918,66619,10916,41048,23283,44031,78561,25203,52907,69067,75823,08108,1735,0265,6813,9075,707,70,00
CM,18-08-2008,66952,43148,59796,56641,16006,16494,61431,69473,61227,40363,18487,31456,0440,5448,4427,5143,503,81,00
CM,11-08-2008,57968,30055,90057,55296,69863,35623,69753,67574,88748,43033,20665,11336,3770,5579,4030,9382,446,45,00
CM,04-08-2008,27970,98314,85517,95540,16799,34486,61737,55514,52255,24327,96184,54081,9460,6973,0949,6656,165,03,00
CM,28-07-2008,35203,47209,35083,32398,95720,14633,00475,56819,99628,94120,41883,47152,9462,1436,8454,6757,534,82,00
CM,21-07-2008,01127,91814,94029,87874,38798,90401,50613,50498,90563,07093,17228,45989,4541,1939,1142,0219,176,42,00
CM,14-07-2008,10200,62373,96088,74578,03159,22634,79141,09200,54200,04219,52133,27530,1946,5245,4609,5356,938,32,00
CM,07-07-2008,36440,39635,92944,61917,07478,22508,94139,77962,29165,83635,49400,18040,5271,5118,7127,7906,134,20,00
CM,30-06-2008,48811,09714,57757,56056,07001,99261,22991,62949,11284,41400,60468,79063,0923,7382,0550,9155,862,90,00
CM,23-06-2008,75722,37835,86563,97870,44309,05702,43443,86513,51850,55831,12288,20520,0899,6395,5491,7021,067,21,00
CM,16-06-2008,12113,98863,73178,08699,42961,96711,88324,18396,65858,22227,33953,84071,2467,1480,2350,7160,967,24,00
CM,09-06-2008,40163,44635,27547,59601,36562,18470,47141,58131,52697,31029,54369,72938,1841,7679,6399,0681,598,27,00
CM,02-06-2008,44242,07363,29220,15493,75812,59310,09364,08240,35721,54909,14738,83801,8159,5410,1705,8430,122,47,00
CM,26-05-2008,80991,32652,94885,17772,04164,06437,95725,74619,98801,09644,01218,91089,2114,3839,5917,8172,238,25,00
CM,19-05-2008,31497,49802,83564,54205,19049,09010,89578,07545,02398,40049,07093,90421,8603,7118,6212,3375,250,35,00
CM,12-05-2008,94167,41171,44518,56817,88080,67220,93683,77745,16926,56008,62836,67018,5466,5040,9695,9529,466,30,00
CM,05-05-2008,25294,44229,13242,59828,30693,41568,10737,79053,22475,38520,15947,7797,8472,8844,8193,3410,486,20,00
CM,28-04-2008,14800,51873,27895,21449,83659,33124,05116,79976,74177,58958,50583,4203,7552,6867,0749,4969,483,73,00
CM,21-04-2008,67590,08635,49779,64815,96484,27082,01568,41745,99380,32510,77924,2466,3243,8874,9273,2310,203,99,00
CM,14-04-2008,67993,70491,06824,29812,51685,90807,60393,52382,90767,24914,27178,7734,6360,9256,4334,2762,423,53,00
CM,07-04-2008,21609,51605,31090,11241,32563,08545,53241,68187,01285,75828,04255,4265,4113,8976,0297,6221,722,07,00
CM,31-03-2008,98427,23710,75913,78743,69772,94648,25661,70374,59583,15980,85312,4271,1654,6412,5501,3483,944,22,00
CM,24-03-2008,26085,98222,67115,73701,32601,66217,83872,81724,79746,25232,42157,7618,5043,6667,2494,5963,515,63,00
CM,17-03-2008,46256,94988,59105,71810,71362,05866,58930,63248,48011,03067,64589,3816,6458,2877,0223,3295,679,67,00
CM,10-03-2008,36911,72887,41031,62705,94369,60158,72114,11535,67069,81102,22697,3411,6079,8980,0991,2025,293,01,00
CM,03-03-2008,95434,70496,00303,90406,03576,08278,78864,31282,88133,64103,81023,7885,7967,3365,6061,4743,810,35,00
CM,25-02-2008,64839,04995,73263,18446,23754,77126,50490,96659,08921,41218,91292,07988,1885,3172,5265,3409,820,40,00
CM,21-02-2008,30647,44642,10595,53745,99674,82609,59882,16800,78274,78714,56878,07523,3176,5596,9778,7996,456,58,00
CM,18-02-2008,04744,20493,11828,78267,23704,43694,37029,02872,03676,05673,26302,61764,4977,9530,5667,0420,793,38,00
CM,11-02-2008,93664,79681,56381,78023,63074,59309,24666,13419,28439,20275,23156,31979,1343,6064,8484,9268,695,24,00
CM,04-02-2008,71607,89191,45505,67753,08113,19264,10752,88449,24248,50138,45315,50867,9400,8452,4853,4922,953,48,00
CM,28-01-2008,00397,20353,57465,17721,26474,71241,14627,45966,70922,01158,40409,76700,2256,6741,6934,9447,633,75,00
CM,14-01-2008,71771,72638,83849,55739,39936,99137,41725,55162,35621,41007,79563,57997,6576,9352,8373,9871,127,51,00
CM,07-01-2008,52201,35165,54601,08155,23209,47682,51668,03621,71357,10379,76633,09023,1475,9014,4346,2776,817,31,00
CM,31-12-2007,77246,07410,01783,22376,52900,72690,51766,83785,83957,66829,72633,81634,6561,5110,1577,5371,167,43,00
CM,24-12-2007,68751,49186,31825,83996,73625,96249,91665,16810,26202,24524,19109,90523,5658,3095,6758,7606,113,79,00
CM,17-12-2007,10755,58766,89863,28734,03757,93338,30782,39226,06999,31963,93613,35023,4377,2018,4911,5296,184,57,00
CM,10-12-2007,17154,43386,51986,09083,78263,40526,36146,89133,77324,07538,00264,26120,2187,3142,9760,4924,300,38,00
CM,03-12-2007,64707,86177,33392,58805,33887,30712,55780,89512,57267,00215,51722,23184,7653,8393,0030,5402,189,57,00
CM,26-11-2007,75965,44873,84194,32094,25853,45387,11730,42373,34068,35776,93133,56833,0054,1827,4403,4605,256,25,00
CM,19-11-2007,77709,65267,88425,09687,27270,78255,00674,89977,10618,46609,60522,40326,1906,1438,6379,9520,192,41,00
CM,12-11-2007,84687,41235,37982,57310,53322,64058,24938,35081,74746,16737,72028,87640,1093,3075,3557,3273,806,58,00
CM,05-11-2007,57446,49875,98453,39555,59617,95483,19014,37999,73569,41438,25158,70654,3907,7245,8459,1287,555,71,00
CM,29-10-2007,14672,07405,84214,51338,45511,17584,95363,54777,67554,12793,54772,47485,2438,4713,9032,4674,590,60,00
CM,22-10-2007,89569,14446,71168,56568,09015,54839,25195,26355,63974,79248,81701,10974,1368,3907,3987,9384,691,59,00
CM,15-10-2007,32017,61968,12157,10846,66690,78655,42474,17389,12610,18998,45228,82514,2924,7033,3333,3866,036,51,00
CM,08-10-2007,47120,63389,78947,06337,76822,31710,27533,38273,92901,37959,51446,38235,9884,2330,1241,4559,341,19,00
CM,01-10-2007,62058,41449,36996,18735,41727,92515,69963,15113,50051,17025,39793,14731,8950,4708,6332,3696,455,54,00
CM,24-09-2007,44812,00704,59827,61744,16803,67514,68980,99329,20353,19484,87875,49754,8074,3113,3463,1435,970,22,00
CM,17-09-2007,85654,76507,77470,80025,28549,37697,14509,45929,37382,58187,25454,45102,4413,7411,2106,8099,637,43,00
CM,10-09-2007,90883,70055,86730,97061,90794,58991,40985,14262,41836,14727,52615,95481,9235,1544,6319,9686,610,10,00
CM,03-09-2007,62262,86183,42997,84565,70942,20316,51741,01349,65793,35172,91940,71189,2501,8285,6351,8505,536,54,00
CM,27-08-2007,07725,60427,20904,03247,70388,80146,95714,04351,76244,06144,55854,75597,5635,4845,9873,0799,934,02,00
CM,20-08-2007,82221,70931,16979,95248,25055,34412,08476,48745,22703,65013,77443,68279,7697,0738,9806,2267,467,03,00
CM,13-08-2007,39888,17355,15723,45281,68859,43676,69600,18203,32703,23521,60234,39827,5426,2086,9918,7435,251,33,00
CM,06-08-2007,12641,78490,86837,24001,82876,85649,91085,85506,93585,06305,11062,00254,9071,3774,3295,7632,730,10,00
CM,30-07-2007,17283,92736,82260,23034,28165,39967,23378,70882,57238,85493,06133,28149,2645,7999,9688,3344,001,98,00
CM,23-07-2007,41731,30366,06178,35276,91378,05951,53384,49384,46621,08267,17764,40729,3647,0818,4351,8088,206,37,00
CM,16-07-2007,85254,35764,14427,20222,95980,97167,62401,57291,77315,77461,11597,36400,5730,8334,8513,6210,270,55,00
CM,09-07-2007,60208,33380,31504,98250,00679,26170,97773,51434,78749,07492,50633,10066,7011,1445,2623,0529,753,61,00
CM,02-07-2007,33336,62164,68521,11265,45696,67960,99498,35575,80788,12817,55865,67007,9282,6721,5947,9670,554,64,00
CM,25-06-2007,47897,48938,08486,78426,65667,41190,39575,75660,76640,77664,80400,98197,5993,7502,3722,3412,234,59,00
CM,18-06-2007,96941,31914,67327,15365,48104,69518,56955,64392,57744,81491,46802,13113,3709,0563,4959,6284,080,49,00
CM,11-06-2007,78802,92257,76080,29140,33395,22455,06080,58890,82699,03278,92737,03192,9940,5387,2242,2439,285,50,00
CM,04-06-2007,47489,02583,77811,95800,35442,57668,33576,77493,76901,87701,91799,75408,9938,1012,2975,3490,154,87,00
CM,28-05-2007,15997,61708,51275,47746,12391,83307,26865,37398,50445,56965,00115,72576,4360,1111,4665,6929,771,79,00
CM,21-05-2007,09821,21339,02402,28055,41170,31002,07984,19872,44416,80792,40862,29596,9098,3260,2639,4675,744,93,00
CM,14-05-2007,02468,59965,79517,37707,65706,94766,15671,27303,97355,64488,61597,77211,3518,2210,7134,2807,816,21,00
CM,07-05-2007,69972,52125,76811,11385,57684,66346,79343,47525,05680,57083,10651,79207,2180,3438,5870,6375,371,66,00
CM,30-04-2007,30745,35608,12981,93896,75104,21146,53369,40672,64100,58386,16382,27068,6799,0793,6369,0938,537,01,00
CM,23-04-2007,36048,14337,47219,85901,19414,05980,12072,86561,66616,83707,49617,95104,4921,0868,0219,4106,458,41,00
CM,16-04-2007,06265,93789,56967,01135,99804,25043,45860,47799,23365,44064,07666,33665,5692,1670,5050,9496,272,82,00
CM,09-04-2007,10013,47653,36823,11078,68433,54793,48385,24388,73971,10529,91332,25100,1965,2413,7175,6227,676,39,00
CM,02-04-2007,03734,09850,17585,72304,34436,62226,26018,73363,56125,39600,08660,57832,3544,1746,4707,5050,702,72,00
CM,26-03-2007,62541,15383,55505,06445,16302,72963,43568,39137,12153,88532,61051,80172,7479,4940,3157,9402,061,11,00
CM,19-03-2007,57464,15782,42228,02165,54514,70934,18121,93634,74244,23656,36377,88605,9986,8547,0640,3881,709,84,00
CM,12-03-2007,48038,37236,69560,09945,78949,98503,80751,02689,33049,36743,20447,71536,4844,1410,5959,8374,822,31,00
CM,05-03-2007,13511,46578,41241,70784,38233,11183,88636,37052,52573,84887,74442,00472,5616,7379,1900,2262,922,47,00
CM,26-02-2007,52745,74113,02130,16622,99543,57799,87827,48775,96128,78369,60095,49279,7151,5350,3675,5441,792,28,00
CM,19-02-2007,01591,22066,83299,07131,65232,79651,38346,16919,19293,40525,07770,06425,0527,7845,9528,8212,877,11,00
CM,12-02-2007,94838,54775,06660,29980,71319,76749,66734,47833,19261,44048,71385,83502,3129,8322,6571,5899,173,47,00
CM,05-02-2007,40141,09146,14453,53559,84923,66049,57026,04503,43490,37335,47078,62651,5265,9385,7587,4485,297,79,00
CM,29-01-2007,67131,74687,92974,67174,29858,01374,19421,14283,35795,17545,31176,36108,5797,4947,6270,5716,200,78,00
CM,22-01-2007,69280,12165,60207,47992,76555,48741,25892,14599,16726,48103,02913,89995,2729,6578,5171,5460,257,40,00
CM,15-01-2007,95505,68512,67768,21886,67245,99880,53568,25404,18116,56711,33084,90103,1707,9716,4604,7786,596,13,00
CM,08-01-2007,17104,21967,49800,94272,90144,16627,90616,13665,18940,16324,68710,10694,7686,3661,3321,4455,688,46,00
CM,01-01-2007,17148,40853,70209,60633,05160,13074,53959,77384,68644,57483,03735,86979,9825,8389,6221,8291,611,91,00