DacLac,26-06-2018,038272,87449,00868,82095,98397,57981,23897,10371,34151,25468,74338,11067,2639,6541,7340,0266,352,74
DacLac,19-06-2018,347233,52617,23448,44315,05736,14924,36107,94316,04419,84394,70873,42797,3719,2173,0367,3689,736,22
DacLac,12-06-2018,979840,05875,51018,25944,96632,48249,71566,83075,46212,32488,23524,61385,1200,2004,4782,1112,588,28
DacLac,05-06-2018,713607,01566,68308,03164,76744,81426,31158,55723,89504,01645,92362,72229,0577,9548,3324,0450,673,10
DacLac,29-05-2018,529473,21198,78038,84438,05807,80460,24658,44955,66575,93547,01987,25817,1904,9742,3034,1329,307,32
DacLac,22-05-2018,490594,30505,53107,08563,84910,89767,49680,86943,13324,09759,40550,38340,6834,8296,4583,9665,798,36
DacLac,15-05-2018,043228,74287,91731,28770,26145,31717,00640,48544,88599,42587,35645,28728,5377,6262,2456,7344,108,45
DacLac,08-05-2018,811587,71602,27277,34554,96734,65251,63980,33245,29522,29807,65411,10069,2723,9542,2999,6920,967,11
DacLac,01-05-2018,126787,18333,78080,69379,86560,00177,06934,88224,93674,79077,14014,22941,7015,7926,4322,3502,110,14
DacLac,17-04-2018,227664,45902,75548,73051,09682,54734,88830,08278,25199,22087,86845,16109,5706,3531,1371,5301,098,97
DacLac,10-04-2018,456154,01933,18975,97916,73769,12399,36346,34216,77443,58121,78272,94410,1540,3899,4869,5853,414,35
DacLac,03-04-2018,327305,18446,44165,01583,19442,36813,77823,13422,44546,57073,83409,08585,7270,1885,9867,1879,971,72
DacLac,27-03-2018,402792,02824,98949,29712,35676,70788,77582,49231,77674,63948,21509,27209,3049,6676,3427,7181,181,00
DacLac,20-03-2018,820104,94844,74013,96761,26764,90770,98380,55578,40092,13205,73475,27876,7985,0959,2764,4027,261,92
DacLac,13-03-2018,468657,22484,68199,42736,58807,51473,15700,87596,99633,69502,74793,64212,3711,5452,6143,0760,593,39
DacLac,06-03-2018,314395,55460,77726,44100,60065,23440,22562,52413,47049,17249,63349,09902,4290,0365,2112,5229,118,94
DacLac,27-02-2018,837119,12979,69732,36569,74478,82828,58345,47271,21628,91933,79230,46993,6280,6810,4423,3899,058,53
DacLac,20-02-2018,292309,26898,58837,60370,67534,85304,11005,68778,91430,85072,54869,56074,4432,2401,2157,3711,056,92
DacLac,13-02-2018,908555,49668,22193,02034,89847,95616,89923,96351,40953,12669,57509,56344,1426,9704,2556,3011,807,90
DacLac,06-02-2018,893484,28377,96093,73511,75202,67030,52981,55892,37091,29540,53385,29300,8165,5309,5861,0526,081,68
DacLac,30-01-2018,031909,40304,95792,55903,14277,13983,58511,85886,33154,21706,10314,09233,8370,5815,8933,3353,404,23
DacLac,23-01-2018,889642,43835,58925,97638,66164,29348,75419,97576,58831,88090,33021,52484,1729,6185,0453,4211,226,71
DacLac,16-01-2018,699466,82471,19989,02908,65015,85517,37288,17932,78826,80346,32386,15453,8960,2154,5477,2517,631,46
DacLac,09-01-2018,528309,17898,72564,26269,24742,57949,76505,19019,81737,29244,16954,04441,4200,6796,2583,4453,228,61
DacLac,02-01-2018,034460,09284,47362,24099,33907,02910,93832,34577,38585,87112,50381,37211,3744,1647,4573,5219,630,42
DacLac,26-12-2017,713631,39329,33099,95773,37675,61162,46557,43632,92845,52902,12469,95232,0423,9870,8383,8228,967,67
DacLac,19-12-2017,921061,93399,64908,66534,34644,34744,52001,53256,27881,71581,40721,52111,9891,2097,2022,5992,335,76
DacLac,12-12-2017,411596,39320,72689,77727,70379,26772,79938,91092,71770,62361,07319,32614,5894,1197,4297,0886,489,77
DacLac,05-12-2017,324424,61253,18305,11851,10732,72225,89068,72188,58797,08259,29956,91503,0947,9156,1364,5373,248,43
DacLac,28-11-2017,251683,32270,67449,87736,79046,59308,15610,22512,94307,26278,80233,49015,1708,8998,1159,5150,595,94
DacLac,21-11-2017,198812,96273,60779,29199,12459,42276,25411,84599,08341,35857,01607,76476,7043,0020,2065,9630,750,98
DacLac,14-11-2017,899309,39709,92511,41311,20674,94365,28158,59780,31567,21609,81803,26992,1440,4714,2733,6508,733,90
DacLac,07-11-2017,382954,95661,72100,99646,57481,32970,21610,56768,16231,73408,73532,71158,2223,1661,5566,0903,742,71
DacLac,31-10-2017,238952,46643,68083,48554,85640,92509,89584,56614,69850,28074,86636,44149,8864,9287,0532,3486,959,82
DacLac,24-10-2017,588358,56327,06079,39690,38735,40528,95001,13651,69752,46239,23583,88203,0340,1909,3289,0063,825,41
DacLac,17-10-2017,177801,19108,67527,21272,09081,02382,67443,00738,73647,64078,47122,89995,4783,8327,3455,8489,390,33
DacLac,10-10-2017,537879,84838,77209,97291,55694,63856,86568,08245,47485,25671,66719,37102,6950,9147,3739,0358,746,08
DacLac,03-10-2017,595259,14313,92973,90029,94344,76980,27304,10323,65430,09593,37833,41016,2341,5129,4255,9362,901,40
DacLac,26-09-2017,389384,80611,42417,02129,98786,05215,33036,16725,83037,40569,74038,73528,3503,0388,9369,3602,150,84
DacLac,19-09-2017,022150,85717,87255,82398,67143,56644,22199,80799,90580,41423,49603,46242,3443,2995,2196,3168,476,95
DacLac,12-09-2017,970875,27322,43265,27855,59588,23808,50698,25059,09546,00241,82607,83758,6716,8983,9188,7556,633,71
DacLac,05-09-2017,467610,71784,82614,48228,86659,86529,92941,49468,21423,23574,60865,88640,4211,3892,7155,5767,550,91
DacLac,29-08-2017,308683,26080,18516,34662,42170,43903,59722,36523,77503,21378,44393,91774,7324,6208,6808,1421,214,65
DacLac,22-08-2017,908784,76854,43125,64340,25017,67882,70038,44596,12342,70545,77632,85456,4359,8739,8289,0973,752,99
DacLac,15-08-2017,819495,03800,27088,09398,09557,92500,02835,16917,96517,70327,03379,86816,8713,4745,8607,6374,671,58
DacLac,01-08-2017,224100,07243,19736,33235,89252,74529,94132,07310,84218,46807,72338,49445,3364,3271,5713,7892,778,51
DacLac,25-07-2017,345804,31509,45501,61717,17789,27443,96427,14491,70735,83220,42670,79482,9547,5920,9576,1874,161,41
DacLac,18-07-2017,820970,82622,93158,42869,40814,77674,95985,50853,44326,31284,04387,87313,5620,1066,2881,2859,311,28
DacLac,11-07-2017,488568,75616,09188,58524,63556,30084,99929,60944,60294,04477,86505,04573,4657,8117,5310,7733,705,95
DacLac,04-07-2017,688817,68469,02721,42678,11115,03227,06284,59768,96735,67441,99118,21022,0964,8578,9286,5064,917,58
DacLac,27-06-2017,719018,18056,65050,81125,02484,96624,63647,23839,97302,46517,54188,23803,3351,8963,3866,3473,457,33
DacLac,20-06-2017,727183,79515,87119,58946,34021,09881,38502,67774,03695,92025,72308,20283,7750,1389,3547,0635,145,26
DacLac,06-06-2017,437377,45811,38047,60144,24691,31617,26286,64919,31700,39977,21578,46716,2820,8460,5820,5999,952,06
DacLac,30-05-2017,080783,33570,87467,32724,63650,89913,28000,30578,95933,57818,64063,34057,5345,1133,5060,5060,192,39
DacLac,23-05-2017,476901,35506,37021,64526,82400,74655,49110,44506,67323,56559,13705,26212,8681,5257,9822,3681,861,83
DacLac,16-05-2017,946149,64517,36063,57173,65185,06078,32281,95182,44173,43963,83664,64769,9813,8555,9354,5331,809,45
DacLac,09-05-2017,245310,14593,25932,28246,00428,99595,65489,74233,33767,07085,68314,51366,2774,1493,6876,3791,374,95
DacLac,02-05-2017,465918,42514,81173,10793,28430,17660,16152,99715,17449,34999,18687,46792,5083,0453,2742,3112,025,24
DacLac,25-04-2017,024075,99534,27459,72543,23389,04471,84335,02167,76909,24745,32797,41662,9439,4217,7818,6039,250,22
DacLac,18-04-2017,985410,02998,84977,95888,44589,07204,09465,62256,61020,49799,97647,21502,2517,4230,2672,2992,108,82
DacLac,11-04-2017,568709,19983,18555,11663,36180,57101,92022,18310,82642,48369,01541,05595,7372,1069,7581,5306,978,47
DacLac,04-04-2017,060640,23922,66906,94870,99380,23647,08961,83513,05749,05800,73275,26876,5611,0878,1913,2356,947,39
DacLac,28-03-2017,42982,27633,93791,06129,15221,75805,32823,61183,95486,25735,71413,97094,4671,7846,9189,4584,780,58
DacLac,21-03-2017,56177,68178,56291,38204,97813,63463,25036,72614,56813,42115,50890,11765,9535,6349,2369,2316,574,66
DacLac,14-03-2017,63647,27131,62488,66338,36534,74265,93029,76676,68674,26845,17422,11347,8778,3859,9395,3325,082,64
DacLac,07-03-2017,63612,45280,81168,04310,36433,81098,02119,94349,89721,05877,44751,51463,2141,1233,8085,6432,028,34
DacLac,28-02-2017,61285,52939,51540,94447,80139,45240,53054,11717,27642,56559,84173,18039,7212,3021,6904,8860,287,73
DacLac,21-02-2017,56509,74338,80007,97660,79958,58747,93265,00155,18849,14715,34660,06270,8329,8425,8708,1732,041,94
DacLac,14-02-2017,93618,40982,71376,98070,65618,06053,14116,08840,22187,09789,18183,44479,5831,2813,1746,9052,838,18
DacLac,07-02-2017,88951,92721,51289,35259,99727,62044,96762,72783,70696,15314,78002,74819,2111,2445,8362,6372,398,01
DacLac,31-01-2017,56293,41161,73584,92242,88742,13781,74660,03292,51640,63880,38018,67201,3348,0525,0689,4835,227,13
DacLac,24-01-2017,59922,95258,99820,70957,77598,93890,11356,67122,08343,85233,17131,68795,6350,7073,4059,5085,345,53
DacLac,17-01-2017,48596,53041,37829,88704,46068,89972,06575,88948,16465,21331,56062,76973,8291,3230,7146,5934,984,34
DacLac,10-01-2017,80398,99862,18221,25960,87103,91455,75043,51648,11754,85831,65150,56819,0143,4954,4270,2071,402,82
DacLac,27-12-2016,98879,13167,68085,96671,46917,36918,98081,59147,70136,63753,22305,45933,6635,0519,8855,9707,028,99
DacLac,20-12-2016,65841,49046,50859,31108,92571,90397,15841,91332,99424,55443,78965,40960,7803,6350,1174,1116,673,25
DacLac,13-12-2016,97011,98862,78095,10389,27338,91868,24387,46500,29318,73681,68550,64415,7284,6262,0293,8671,383,27
DacLac,06-12-2016,20941,38050,07952,99540,03808,07852,98485,28556,76317,80990,68823,22748,6202,3487,2179,1936,954,11
DacLac,29-11-2016,52043,69582,49202,61533,63778,83820,71232,70970,71181,60914,65378,77364,1639,7644,1792,8128,648,72
DacLac,22-11-2016,95385,56779,39853,33393,72374,97102,18255,42327,78965,97303,72899,10965,3850,5697,5771,1747,770,59
DacLac,08-11-2016,83560,30642,92220,09126,30858,17454,61567,84711,22823,99523,93736,71479,6680,2187,2143,6607,048,31
DacLac,01-11-2016,69537,20254,53870,38513,94310,55675,18049,78765,74251,03669,88044,26210,7418,8717,9318,2814,077,79
DacLac,25-10-2016,20949,25400,95517,88738,98889,45317,91456,76367,91691,75299,07527,85063,3612,5789,1662,1092,088,12
DacLac,18-10-2016,19880,82411,86464,45191,91951,06896,78664,59225,10566,29697,05740,30122,1552,5882,9558,5336,247,49
DacLac,11-10-2016,34814,70641,45341,10856,59242,02214,67735,83226,73362,94377,77237,11937,8943,8972,9608,3072,024,35
DacLac,04-10-2016,32592,00446,46041,31871,30796,43647,47462,83961,68180,49375,17569,20113,5425,0519,5064,3345,165,05
DacLac,27-09-2016,72789,93944,86591,11693,78947,32551,34010,06913,78530,98949,34441,21271,3343,0144,3015,2681,263,19
DacLac,20-09-2016,31826,17132,43412,19497,66870,11650,69766,69932,24283,09981,15443,22014,9817,5724,1873,1293,017,32
DacLac,13-09-2016,48604,97778,96055,35137,07735,52816,68891,45273,43008,88273,34897,51947,3413,2760,6973,3176,580,22
DacLac,06-09-2016,86337,59637,85858,40129,31833,11457,51655,89855,12285,53327,42876,04179,7023,2779,2577,8829,855,32
DacLac,30-08-2016,69809,10926,61993,49346,38621,60792,28438,72740,25791,44565,44737,86571,4850,5482,7252,4031,284,18
DacLac,23-08-2016,85718,68876,94667,28782,32779,60660,89113,22110,59879,93638,49687,82342,1897,4279,0465,2148,975,29
DacLac,16-08-2016,30529,65633,97836,32856,95884,86682,47149,06151,49886,67156,80696,35256,0269,9195,2094,1395,958,12
DacLac,09-08-2016,91210,71145,07371,51724,58956,29566,07604,16967,21777,45803,55254,47095,7695,9464,4028,5147,461,33
DacLac,26-07-2016,71640,54489,13165,08588,08150,10996,86364,60431,03270,39045,63439,39020,4404,2504,6502,9977,750,42
DacLac,19-07-2016,70238,44090,60200,11726,40517,75164,89668,93414,09868,08563,19859,05661,1966,3684,6715,8253,881,79
DacLac,12-07-2016,96010,68508,71110,72537,47153,46568,24336,48530,04241,56808,95174,41572,2931,9014,0820,2053,915,74
DacLac,05-07-2016,72282,49018,58691,46229,68193,19706,05147,22270,36774,52505,44642,11597,6603,8251,4830,1218,140,40
DacLac,28-06-2016,88891,77018,87403,83802,31009,56071,09242,04847,47094,85330,93644,13195,1642,9661,7676,2421,848,63
DacLac,21-06-2016,20029,63684,51378,73389,62174,44451,80538,16424,49754,00463,38249,83346,9433,7169,2541,0563,295,17
DacLac,14-06-2016,68745,02647,12853,34975,55040,62270,20419,89801,07201,44967,80798,59798,2280,7348,7326,6427,350,47
DacLac,07-06-2016,52484,41381,30231,62092,00738,75510,80178,31980,68341,94379,65849,88161,5020,0309,7553,8035,131,90
DacLac,31-05-2016,15682,05118,79508,75335,47769,66706,31638,06147,17683,17953,07486,98181,4427,5515,1724,7657,100,68
DacLac,24-05-2016,41820,55424,94946,72092,64980,45382,67409,28767,53874,85862,29014,00873,6969,0609,3313,5857,645,13
DacLac,17-05-2016,84176,64666,83698,06249,89598,94038,28556,60070,51699,29354,36976,02480,9729,8110,1647,4696,926,12
DacLac,10-05-2016,91763,71967,76189,43507,00244,01995,13819,27054,65520,51063,54242,63781,6013,2845,3062,5592,667,10
DacLac,03-05-2016,54091,97820,24722,51534,88444,99003,96912,49969,12385,19166,77090,56887,7922,2699,6648,3837,403,70
DacLac,26-04-2016,25814,31904,35039,89900,55078,20953,71744,29776,17087,33687,18660,03881,5235,4952,5319,3335,946,72
DacLac,19-04-2016,41567,67087,31241,08062,49306,99143,43699,06989,34548,32657,05603,77686,5575,9253,7377,9761,680,41
DacLac,12-04-2016,55287,66178,29113,64231,02153,42401,34805,86130,00184,07535,67376,32759,3028,7708,8350,5249,803,49
DacLac,05-04-2016,28212,83439,32444,47825,81139,20275,85357,70161,42592,75179,54762,86736,4787,6284,1401,5157,629,39
DacLac,29-03-2016,593275,25136,18547,88968,66159,53247,81237,38108,48517,70447,46027,97304,4795,5517,0299,6414,441,18
DacLac,22-03-2016,630334,61505,24868,29057,01488,24266,24062,44336,63173,28300,43975,80718,9637,7325,8988,9797,976,16
DacLac,15-03-2016,660800,98764,74981,25988,15825,66319,82236,74414,17518,11198,24705,44554,5010,3307,6206,9713,242,01
DacLac,08-03-2016,484013,39645,51959,79667,03681,25258,09934,55537,00285,53872,77264,62655,9791,6118,0861,3367,358,94
DacLac,01-03-2016,001429,73245,32055,77712,94969,97127,34551,28279,51803,48877,64622,11747,2618,5667,9005,4097,137,74
DacLac,23-02-2016,116242,17547,19292,32715,89248,21426,25421,60740,17537,17844,18432,58202,0268,4445,2730,2139,189,69
DacLac,16-02-2016,883035,11490,89278,27217,59594,30875,74946,28433,11526,65759,45533,81583,0973,5953,7894,4345,293,51
DacLac,09-02-2016,027702,62559,09651,95583,22827,56863,69315,80486,74399,32422,79888,06871,5549,1648,1865,7899,322,09
DacLac,02-02-2016,775967,58920,45718,20026,37710,86815,09033,26114,45364,07041,44277,20598,9938,3412,2426,9111,336,64
DacLac,26-01-2016,881708,49216,53715,04002,24710,97736,73904,85445,86421,40023,69386,11778,3657,8558,5133,4876,283,43
DacLac,19-01-2016,219848,14747,44344,77919,28816,57634,61426,73046,12348,19424,38752,07037,3096,0680,8034,1553,714,11
DacLac,12-01-2016,015218,68634,24965,09897,84084,18056,21081,21423,91830,35120,57735,43922,6605,2206,1688,2761,506,80
DacLac,05-01-2016,540495,93949,29775,82495,08414,89859,76449,40347,29056,66513,20827,01024,2464,7873,3015,0102,495,19
DacLac,29-12-2015,027845,71410,91732,39985,51981,88653,44690,65608,94132,49800,61536,69060,5976,9881,1046,2134,225,32
DacLac,22-12-2015,728562,06660,38455,85718,32993,69047,36198,88475,76635,87218,99521,96776,3740,1486,6661,9141,663,84
DacLac,15-12-2015,617562,96409,64408,81530,85520,65879,34485,72722,40006,44285,49011,27215,7405,0210,4012,1074,669,60
DacLac,08-12-2015,580159,47536,29946,74449,32576,35914,35963,58068,33625,13972,60855,26521,6565,3362,6484,4592,333,83
DacLac,01-12-2015,793585,91709,85891,23455,46684,34324,14137,55354,91176,52751,54117,37906,2998,7081,7778,3874,524,09
DacLac,24-11-2015,101030,99129,91355,05942,29936,99645,90487,12746,35702,10296,26943,34741,1154,7170,9030,5170,834,84
DacLac,17-11-2015,800440,24648,70962,41009,53551,44934,89700,71996,35896,19861,46274,79739,7784,6565,7233,0875,083,18
DacLac,10-11-2015,548075,72837,37168,42993,37294,67644,18765,32493,26715,68335,81001,90080,4061,9282,9392,6507,660,12
DacLac,03-11-2015,36153,68695,04433,40123,44666,75421,02426,76629,91377,79362,10741,00756,4546,9074,8780,2929,997,31
DacLac,27-10-2015,85735,43610,96066,00240,80570,22184,50248,90596,30615,81192,17501,11353,2329,1584,2274,5791,503,23
DacLac,20-10-2015,48776,71665,64370,11590,41814,04795,84764,09467,28168,60321,55855,88962,8009,3274,0471,3729,408,97
DacLac,13-10-2015,29735,79899,83754,14165,02845,52191,56158,17198,56295,92776,58437,19436,6141,2512,6004,7957,015,37
DacLac,06-10-2015,84075,14961,25883,38652,47958,96098,98340,28130,58705,86417,21463,30330,6791,4751,7922,7818,678,33
DacLac,29-09-2015,06671,10296,35310,18677,42094,23267,32697,62990,14088,55040,45293,55173,7373,8554,4451,8605,986,17
DacLac,22-09-2015,71235,45567,09723,46621,30460,32237,25104,33964,46868,25351,17341,05345,7392,9484,3613,8365,065,18
DacLac,15-09-2015,75134,67932,16738,56629,73250,27746,12186,42557,30504,07736,24751,45561,2479,6649,6362,2474,200,79
DacLac,08-09-2015,45394,57366,38010,35201,62660,74927,64244,53478,35256,05378,93565,91095,5788,2234,9373,7135,707,60
DacLac,01-09-2015,43571,16970,73168,82347,41628,53984,04676,16589,19087,13418,16452,95903,0254,8499,1427,8098,438,10
DacLac,25-08-2015,42183,41925,41633,93878,22461,35028,12933,66525,48676,81900,57346,99145,5963,5431,2538,1261,750,84
DacLac,18-08-2015,74066,53200,64379,35110,35723,83734,07158,29051,14340,09373,55831,96768,5524,7876,0653,3540,473,17
DacLac,11-08-2015,48770,44027,28584,36463,72444,39914,02224,06437,57604,14273,83186,19644,9211,3447,4350,9363,076,73
DacLac,04-08-2015,70650,34077,29454,82126,29739,63920,56636,31004,88910,12300,42880,35029,9624,6325,4845,3365,004,72
DacLac,28-07-2015,47631,26661,75676,61329,10622,78560,62749,69077,47420,84205,00815,74667,9476,9234,8817,1035,555,65
DacLac,21-07-2015,06898,67786,43579,48863,22905,98295,64158,06875,48622,44223,38027,07499,7279,8001,0812,4234,880,43
DacLac,14-07-2015,18146,74332,35705,07914,81975,35329,48473,15366,79452,50957,58912,67585,6414,7810,8946,6563,199,29
DacLac,07-07-2015,94115,98847,71452,67604,58494,60400,35997,22444,17275,87215,96405,45044,6071,9184,5275,5649,627,69
DacLac,30-06-2015,94955,04059,69503,70650,21049,09810,73188,81315,50441,28595,47896,01642,4759,4024,8028,6051,684,37
DacLac,23-06-2015,75095,40898,39475,06959,19762,67303,81885,82585,46181,23143,24016,29694,7112,3453,3141,0291,247,60
DacLac,16-06-2015,14471,26760,76940,20537,45025,14020,04013,52635,50539,90622,98688,54457,3550,2545,5427,3383,787,05
DacLac,09-06-2015,53653,43062,62527,56017,88594,55326,94098,39934,99836,17650,35774,07991,2449,1780,4198,3070,702,68
DacLac,02-06-2015,48279,79845,11457,81076,86119,39902,98374,98490,74348,50740,82829,69917,9639,5498,4383,1792,513,68
DacLac,26-05-2015,21114,28911,12048,41267,93861,53494,89528,17680,40751,78040,02921,73091,1816,6113,4073,1625,827,43
DacLac,19-05-2015,89059,74313,36111,47019,27274,48645,20664,69742,51838,06710,94007,21117,0396,3425,6795,1097,409,82
DacLac,12-05-2015,68253,34219,80986,05970,05217,12115,05641,58403,74506,66325,26495,61125,6403,3453,4293,2967,922,64
DacLac,05-05-2015,37342,68907,18986,40676,85458,14369,49399,11085,87536,80955,58354,51601,9760,8874,9824,0888,991,22
DacLac,28-04-2015,66629,27879,63337,13238,42008,40253,54378,49871,38183,51887,50619,39763,8332,4448,8736,5776,495,36
DacLac,21-04-2015,92431,60770,15934,21074,17216,57816,14999,66792,75628,63652,20156,23333,4356,1226,2209,6937,697,05
DacLac,14-04-2015,27556,37958,81828,51988,25357,23524,07259,51248,33380,06200,11010,19808,0077,0515,9655,3710,896,39
DacLac,07-04-2015,90432,49305,55399,07917,56960,26266,34289,06618,64235,37008,20004,96815,6112,2280,3616,9315,710,92
DacLac,31-03-2015,65490,29514,32172,80382,27040,67739,48277,11121,51964,58777,59421,36573,2038,4159,4412,0809,725,46
DacLac,24-03-2015,03748,22095,59612,40016,86103,98298,35248,28037,39682,82691,70195,28348,1671,8092,8924,7314,729,90
DacLac,17-03-2015,54966,72291,99406,36859,77202,23304,62785,12687,51372,37855,10701,89700,2563,7848,7695,6643,856,77
DacLac,10-03-2015,22232,29757,37030,41662,61838,64918,53205,29403,28728,35336,46996,95041,7415,9683,0434,3038,737,10
DacLac,03-03-2015,20837,49697,31652,11591,33470,21734,36016,09530,58591,41933,16630,27669,6113,0176,5423,0342,117,86
DacLac,24-02-2015,83631,20757,97186,44932,50083,99719,25591,55423,95576,80317,21947,70758,1802,0815,8022,5475,580,83
DacLac,17-02-2015,65638,51609,25213,79221,75813,05606,88609,80728,94865,10428,73316,66057,4996,0539,5486,8785,410,24
DacLac,10-02-2015,38067,57509,95473,01195,24405,26731,93662,05372,38934,65515,68201,73131,7848,5510,6725,0264,928,82
DacLac,03-02-2015,71786,82925,90189,93552,79389,28671,06795,45930,74259,76334,45817,55819,2575,3831,1308,2904,888,74
DacLac,27-01-2015,73083,12445,22430,67867,14194,38833,07454,41230,78608,48966,87161,84618,2908,5197,9933,2815,045,88
DacLac,20-01-2015,85263,11494,57098,98098,38163,22328,13425,93707,29253,68630,58513,93450,5542,0304,2757,6858,726,82
DacLac,13-01-2015,36508,89293,52729,32208,43059,09402,83306,83217,48482,06699,15819,03634,5460,4096,9340,1916,653,48
DacLac,06-01-2015,91975,17113,13907,13743,75716,07588,08866,90085,44388,70383,12067,19379,7066,5324,2501,5061,098,13
DacLac,30-12-2014,52682,16714,90367,52165,95893,30360,84391,62738,42558,11289,47292,45021,1097,4285,2322,5523,289,26
DacLac,23-12-2014,00899,38374,26367,67178,84404,44012,71689,86333,88485,81367,17648,94214,9402,7525,6687,4185,554,23
DacLac,16-12-2014,45329,69158,76075,50846,42525,59401,33221,31201,05758,63750,41373,70213,2466,8819,2115,8461,429,24
DacLac,09-12-2014,08373,20308,48944,95930,01620,16992,19698,91438,93509,04268,92243,11920,8965,8091,4136,9135,756,12
DacLac,02-12-2014,46575,80101,82640,26171,25104,55731,73702,42151,82549,01576,89915,81276,3736,7176,5784,9325,042,83
DacLac,25-11-2014,71723,40803,03479,68279,27671,57834,02568,04192,99164,95225,99033,00491,8647,3656,0497,8234,277,31
DacLac,18-11-2014,82230,25029,42879,90918,15182,86078,13278,96233,11190,06491,02854,38306,7524,6669,9979,1065,058,80
DacLac,11-11-2014,03095,52134,30837,11134,54580,22477,81157,27273,45830,83080,77409,88063,5317,8866,8915,8477,063,49
DacLac,04-11-2014,89656,95402,61418,61117,81276,59776,68237,16071,52171,33639,81099,52892,8261,5964,0861,8883,761,22
DacLac,28-10-2014,88064,30894,65752,76208,16271,39500,27193,58868,92686,46325,06388,57213,2851,8362,7046,0319,098,74
DacLac,21-10-2014,44172,07138,74340,35267,58318,39085,14903,14691,45064,54250,00139,10522,8477,2947,4027,6942,023,01
DacLac,14-10-2014,90352,26823,49886,22795,01450,17732,40579,25285,19490,95500,55075,67818,2248,0471,5740,2400,865,70
DacLac,07-10-2014,96392,14108,39678,31380,06639,42170,54237,31317,47043,64434,09519,14368,3438,0085,6993,0957,458,48
DacLac,30-09-2014,29162,31652,16590,75398,05872,82358,32985,01997,89660,01673,88189,27965,8123,2908,0109,4925,328,43
DacLac,23-09-2014,23467,67729,01098,39672,26893,94986,16410,46529,67824,74035,51274,18942,4334,1439,6496,3153,711,19
DacLac,16-09-2014,48668,76791,18960,66811,32479,84231,60111,84962,68437,25505,59814,14091,2101,6852,8643,0792,708,35
DacLac,09-09-2014,31772,22859,89724,35951,19370,09363,95668,11046,77744,21301,02233,73627,3653,2551,1413,1339,774,62
DacLac,02-09-2014,93544,09899,25953,20667,35518,35575,57453,23404,77338,61491,15749,21988,0484,1549,9585,8059,194,79
DacLac,26-08-2014,75504,51110,98938,91019,53049,23360,41260,64702,91979,99215,58983,98256,5400,9905,7725,7650,363,31
DacLac,19-08-2014,74016,37221,12730,66763,53262,74841,44281,74253,32003,31951,59916,39978,1157,7877,7901,2130,955,93
DacLac,12-08-2014,53809,02841,80252,88291,22204,24923,78096,75707,31798,19904,38200,46266,0470,4030,9816,7856,862,10
DacLac,05-08-2014,50827,21980,13566,99465,32964,95531,66477,55077,65902,42907,39758,79429,1201,3070,5410,4715,084,84
DacLac,29-07-2014,02379,02886,00970,49406,60088,88769,74154,45464,05789,73947,64977,19558,2439,8435,4029,8351,052,99
DacLac,22-07-2014,15400,26600,30617,78293,02266,61453,75729,56711,17372,43015,38572,57032,7550,9961,1255,5495,273,71
DacLac,15-07-2014,46303,74206,27695,88230,13889,53105,80527,72687,59849,38233,24757,41951,8572,5927,3634,2171,568,69
DacLac,08-07-2014,23697,17620,37936,57645,84037,40369,51052,87782,89238,31386,47607,39879,7731,0989,4678,2399,499,40
DacLac,01-07-2014,21799,82385,88677,34038,35918,51165,48878,07585,42238,98326,53012,70557,2108,1477,3397,8084,794,61
DacLac,24-06-2014,25544,13406,60141,41866,58449,25506,91813,98582,16615,20654,39472,02867,7724,5638,0563,7405,493,95
DacLac,17-06-2014,86989,63143,94511,01432,01847,20933,79078,95905,43832,44731,27059,55745,4210,1573,2126,0643,267,76
DacLac,10-06-2014,51470,09337,88324,67686,34903,06701,14017,47515,75956,50245,23671,70093,4944,8036,7344,1329,145,37
DacLac,03-06-2014,80594,82440,36796,65723,45612,61989,90643,38964,19936,29232,60480,11596,0855,8041,5624,2925,503,66
DacLac,27-05-2014,07887,82266,47247,72399,31886,74730,69622,73866,67636,15357,21436,15362,3460,6485,0716,1390,375,90
DacLac,20-05-2014,45753,59182,91268,55318,87520,33102,72086,78446,62909,84657,99800,16803,4676,8437,5202,6100,855,78
DacLac,13-05-2014,47812,83137,27142,87552,66360,45306,29293,76824,85145,53521,44668,18813,0053,2939,5000,5228,390,88
DacLac,06-05-2014,34294,45198,44899,35618,60948,91675,30931,55202,03450,63124,86035,95070,2193,6443,2279,5298,202,78
DacLac,29-04-2014,79282,23832,14031,05344,85779,66053,52702,35511,72839,61962,02753,85412,4510,5209,7404,2721,524,09
DacLac,23-04-2014,97555,77398,56593,75062,18345,17608,13841,07403,68219,89418,51140,64220,1423,9692,4292,4090,837,30
DacLac,22-04-2014,97555,77398,56593,75062,18345,17608,13841,07403,68219,89418,51140,64220,1423,9692,4292,4090,837,30
DacLac,15-04-2014,23398,18861,26836,36529,10018,21972,49474,53267,15586,28269,71414,56824,7254,8332,6118,6603,821,16
DacLac,08-04-2014,19680,42628,33179,48607,89497,73615,64582,66254,24885,86407,69545,79777,2838,4827,9718,0823,819,31
DacLac,01-04-2014,61917,19400,57718,09169,46997,70535,31919,59089,83883,57137,86550,19142,5304,2185,9808,5628,527,41
DacLac,25-03-2014,77390,57016,17795,02970,16968,37799,86540,95794,48470,36271,12063,40706,2407,5234,9510,9489,919,02
DacLac,18-03-2014,82509,43776,37737,25513,62892,05680,21099,24002,83930,65782,87312,97095,3385,2443,4964,0264,047,40
DacLac,11-03-2014,12833,42520,50590,69951,63361,78013,87325,16674,36331,62214,83809,60869,9799,5413,6476,6367,083,96
DacLac,04-03-2014,05699,31287,84741,41222,56012,65590,04011,06668,12872,32210,38227,28376,6449,4800,5030,3262,155,05
DacLac,25-02-2014,42269,70174,95585,74096,52838,70737,35431,27633,36132,73128,29002,81333,9722,0680,8607,7085,773,73
DacLac,18-02-2014,38878,29806,22751,91300,81964,71843,89832,83971,73807,70685,58127,74841,2035,4836,1526,1959,477,86
DacLac,11-02-2014,35510,44923,35266,67737,46652,51794,65176,65964,08793,84630,73024,34082,1977,7189,2446,0531,761,69
DacLac,04-02-2014,35286,75071,77695,78630,86530,61167,65681,37953,29127,17901,83567,89538,1440,1309,7147,3525,560,71
DacLac,28-01-2014,60553,03119,04374,08281,49787,19998,64620,70731,32450,05627,89295,41792,1945,7178,4448,5619,083,82
DacLac,21-01-2014,28923,35505,75432,47256,94061,84082,66394,89669,04392,36464,83333,45952,4149,8660,0481,9854,263,58
DacLac,14-01-2014,76034,19667,59730,34787,65178,03153,10622,45585,56907,86782,04624,03807,7582,2574,5545,9872,692,47
DacLac,07-01-2014,03835,83623,42986,34600,89067,81402,97390,63307,31572,79067,73458,62702,5141,5204,8159,5916,001,67
DacLac,31-12-2013,16003,50157,44527,48524,65854,64351,61960,76937,22299,17936,02595,07826,9057,4540,2367,9132,294,74
DacLac,24-12-2013,90743,11201,48034,31204,98225,86993,80857,77200,17584,19859,52281,58976,5558,5517,0919,0438,003,97
DacLac,17-12-2013,37403,43843,70414,22645,98363,75650,62864,21307,81027,50026,37259,74771,5024,1910,9146,2828,861,49
DacLac,10-12-2013,98765,81114,09663,86270,32565,08498,49302,02821,83934,03665,08197,61220,3868,2581,5922,9143,015,43
DacLac,03-12-2013,34036,94736,65015,11029,56809,70454,39255,51955,90304,99366,79702,49363,8997,2576,6363,7203,041,01
DacLac,26-11-2013,65198,52305,11989,34271,64703,88999,69485,51973,90817,92602,07619,56283,8585,8412,8972,4103,733,81
DacLac,19-11-2013,43760,45815,30780,01150,05571,72289,28309,26959,99412,62710,14142,44070,8736,5480,3461,0440,955,87
DacLac,12-11-2013,54198,02409,15190,55798,41087,04234,87948,10208,07262,02828,20054,71483,1247,6266,9339,1380,545,44
DacLac,05-11-2013,02494,43972,44616,76909,06001,23540,46441,01963,02894,82318,74764,06139,8244,9706,6320,4671,407,30
DacLac,29-10-2013,07608,90490,53770,26227,22294,11881,58116,29682,04540,65456,77707,51405,8964,8104,4589,0905,451,85
DacLac,22-10-2013,33358,36008,51668,93393,11591,07888,85631,47391,33828,54372,45637,84230,9542,3775,8929,0391,537,87
DacLac,15-10-2013,97225,21347,23296,67430,78082,93887,88912,44943,40459,66582,73506,66965,4518,4115,8761,7215,958,64
DacLac,08-10-2013,16902,04779,90568,41571,51080,21693,50155,10635,99804,99147,65905,76755,4670,9870,0115,8382,979,12
DacLac,02-10-2013,70952,98349,71941,90611,61032,56690,85728,30371,21438,16690,50005,55970,4758,0395,7688,1880,015,94
DacLac,01-10-2013,70952,98349,71941,90611,61032,56690,85728,30371,21438,16690,50005,55970,4758,0395,7688,1880,015,94
DacLac,24-09-2013,00589,94873,33904,24436,83808,96711,19679,00271,51606,03643,40956,02159,0202,4185,4283,8668,483,69
DacLac,17-09-2013,75489,45005,66723,78477,70933,81685,09705,97181,49283,63384,68189,38781,5771,8537,3676,9484,945,10
DacLac,10-09-2013,89916,73420,02366,26414,30528,59745,00000,06055,14077,66325,71535,09895,9671,8035,6543,6402,490,58
DacLac,03-09-2013,27178,43917,49214,06669,78801,93141,79159,66707,47465,04666,60807,01417,4375,2707,4245,1432,491,01
DacLac,27-08-2013,16483,79670,93737,80556,95767,90494,53442,72804,02688,12406,05059,82493,7893,2488,4337,5768,644,80
DacLac,20-08-2013,43165,26690,34430,06324,99635,52825,15213,70613,57364,34054,33027,06368,0580,6164,2236,0386,883,02
DacLac,13-08-2013,40165,78370,84303,54439,17253,24505,32265,41636,81809,09255,20417,15734,8982,3587,6315,3646,471,58
DacLac,06-08-2013,33628,98401,75334,79321,20044,65802,67449,87042,85770,60537,74992,55108,5472,3195,9921,4334,281,11
DacLac,30-07-2013,92410,94090,53886,12115,35910,04084,74703,11562,32378,23094,02908,16885,5501,7731,8899,3287,794,78
DacLac,23-07-2013,13792,89322,57525,01998,14348,26791,39060,35699,05561,15812,02225,50523,9375,2025,4484,3703,622,10
DacLac,16-07-2013,20751,56215,15045,83969,28967,37671,43364,00657,59056,17848,64704,05816,7222,7069,5698,3776,306,72
DacLac,09-07-2013,88277,47883,08139,56041,90348,13664,06675,88842,10272,17374,56165,42055,7152,5363,9649,3762,877,54
DacLac,02-07-2013,93337,85890,04536,61322,62080,98837,93577,04918,96478,38641,10673,62997,4943,6785,1433,5126,730,94
DacLac,25-06-2013,21638,81371,94933,48198,93121,35004,65171,64062,78915,73045,26429,87196,1682,0924,2250,4947,290,27
DacLac,18-06-2013,06078,50101,42964,37380,84536,50068,94424,16444,51778,13595,37681,79367,2439,9179,7239,9361,761,89
DacLac,11-06-2013,48237,65014,19684,02961,46137,06550,03732,89024,66318,05883,19484,27674,3370,2895,7202,7945,968,91
DacLac,04-06-2013,83765,89164,93602,06538,64468,38293,69394,96838,39144,52169,64847,67782,0309,1563,2414,4443,369,69
DacLac,28-05-2013,22085,54730,33944,20521,61635,55952,97582,80245,18319,46426,11780,07907,6304,0448,9694,9701,310,08
DacLac,21-05-2013,71175,55703,40750,03441,45009,38848,86449,19786,15508,76852,09100,06219,4624,0563,3094,5576,080,23
DacLac,14-05-2013,73776,81855,08797,29207,24901,44880,61377,95547,36854,77672,78929,53640,5417,3218,8021,6596,785,18
DacLac,07-05-2013,67069,06763,11796,23385,69165,59572,05732,69611,42231,23361,37175,58311,6824,8557,0972,3294,118,97
DacLac,30-04-2013,65063,74826,10255,08724,92711,33745,15832,88447,92891,22109,36123,29634,8756,4724,9042,1493,256,29
DacLac,23-04-2013,87140,27740,46403,14166,74982,21297,01283,47728,71332,83104,81111,19304,7150,9745,1964,8357,110,26
DacLac,16-04-2013,25081,42456,73281,26383,60116,71694,79739,05826,30476,47661,55803,30799,0114,4027,9408,9608,706,50
DacLac,09-04-2013,93676,94317,96592,75941,06581,04710,73705,39818,65394,18020,70183,01882,2091,2582,4611,0449,172,71
DacLac,02-04-2013,73686,38514,51113,71849,94057,04069,87476,87496,51562,76331,12980,01381,1960,5300,5862,4957,998,32
DacLac,26-03-2013,42004,32601,87438,48830,97476,16131,99481,48351,52481,13022,41781,18724,0989,0575,9290,2799,387,43
DacLac,19-03-2013,98992,75541,53171,07290,48911,84765,38628,68825,43621,20642,48691,65718,1578,4878,5543,9549,754,04
DacLac,12-03-2013,38865,83264,27897,00101,17946,60254,55619,57829,33120,01640,88241,73991,7913,8666,9916,0552,205,68
DacLac,05-03-2013,80933,24299,12048,55349,32199,32591,43186,38261,38264,79619,30237,48780,6866,6979,9466,2460,707,43
DacLac,26-02-2013,17693,19789,15925,04467,62733,17334,53382,30465,47672,59299,34923,95843,0185,0148,7521,2572,275,68
DacLac,19-02-2013,31366,13080,36958,70813,54045,62915,64352,10568,36511,54715,74239,35695,7563,6132,9681,8774,937,48
DacLac,12-02-2013,77719,11914,04938,15129,42701,94558,47006,13871,25433,87708,67080,17072,9648,1817,6696,3178,466,99
DacLac,05-02-2013,82480,55745,28485,88324,78020,27680,34411,16649,17459,71798,71546,32050,0272,9001,5246,9747,510,69
DacLac,29-01-2013,33857,06048,47831,25602,22668,32621,06034,79166,85647,51562,26983,68560,6882,4403,3451,3424,891,50
DacLac,22-01-2013,57665,89873,20076,24800,16148,20585,41589,80623,52040,49375,12242,41570,6119,8678,5632,9179,089,78
DacLac,15-01-2013,79098,30250,82260,50158,81937,33614,30283,00766,60634,88985,75747,18223,3957,9309,5864,0263,470,22
DacLac,08-01-2013,67854,44915,29324,83088,93890,61217,43608,55070,54455,08910,48078,09299,9560,7018,3268,0980,936,91
DacLac,01-01-2013,73891,46405,96972,15759,14406,02917,68851,24214,53201,90416,56068,58510,4339,0167,0652,5615,942,82
DacLac,25-12-2012,10372,64831,80512,56144,84989,97513,06520,30521,74646,90030,07640,50981,4132,4737,0612,0704,116,50
DacLac,18-12-2012,81439,92858,25930,11768,92523,91872,31946,49319,46265,25526,41650,40375,1513,8024,5536,2745,640,75
DacLac,11-12-2012,07606,21749,34319,03176,58890,47210,64281,54815,95679,08909,32765,94595,9468,1062,1634,6757,310,57
DacLac,04-12-2012,19316,85953,79725,51809,37273,73618,17088,18405,64589,13992,38258,44180,0190,7589,2195,2508,203,37
DacLac,27-11-2012,42893,87347,90073,29573,30839,05061,21483,84968,42862,83056,89802,09109,9737,9975,5289,5338,382,27
DacLac,20-11-2012,43034,01993,98515,32645,65975,62931,60000,12213,36164,45826,27153,64931,0834,9496,0622,5256,438,40
DacLac,13-11-2012,36114,72737,59148,13190,03327,68411,87537,92517,69800,03683,40504,17115,1087,2097,3861,7487,223,55
DacLac,06-11-2012,26758,36381,21321,82257,08777,51964,45693,85703,46154,47322,32814,92668,5497,6863,9174,9961,667,38
DacLac,30-10-2012,69176,99361,47427,40031,88754,93246,53601,74355,46245,61657,54641,61836,3836,3749,5491,3234,450,82
DacLac,23-10-2012,59168,19888,77093,29254,36215,59707,81611,93729,04055,59209,05898,22019,5075,8620,9240,5038,935,07
DacLac,16-10-2012,62744,84884,63211,77641,26243,07045,86936,68106,80343,10266,63237,34418,0879,7197,7827,0085,421,00
DacLac,09-10-2012,72499,60176,84101,82347,14733,66969,69446,04157,82481,51687,39069,66404,2910,2768,5048,1314,399,91
DacLac,02-10-2012,88976,87364,17544,47372,24820,09583,21439,63709,00044,72338,47564,95709,0075,2625,5691,0695,053,63
DacLac,25-09-2012,11455,79002,58209,31341,19394,54342,96696,22589,07429,08512,97628,72934,8683,5560,9580,2700,949,24
DacLac,18-09-2012,27326,42224,04263,58587,33551,59896,65865,69548,64982,90113,26337,10171,8706,8580,1624,9750,166,30
DacLac,11-09-2012,98872,44044,78729,61536,47145,08452,46948,86493,88044,65888,47013,00999,3891,8507,4277,7998,570,50
DacLac,04-09-2012,06027,43402,27624,04907,46533,84137,92054,46549,54926,86709,25229,33664,6162,2174,9292,7435,554,83
DacLac,28-08-2012,57972,62878,03709,02802,39181,21626,65123,50799,23583,58615,40711,06895,8014,1951,8976,1355,741,43
DacLac,21-08-2012,56349,97785,50464,90322,87882,33470,40649,80942,96880,94926,14709,54544,2016,4229,9159,9398,286,30
DacLac,14-08-2012,44882,29982,38825,77320,97944,52177,99643,09346,87270,22018,58084,45848,4668,7955,5347,4225,306,37
DacLac,07-08-2012,97098,90331,03489,93153,21882,30655,34062,49220,61409,97641,73151,61265,1646,6175,6764,4336,238,86
DacLac,31-07-2012,14659,08239,11987,46973,70820,90725,69880,41095,62399,65895,49719,44980,9420,2046,8292,5389,099,97
DacLac,24-07-2012,57007,32017,92147,72730,01975,07899,61418,53651,44331,74061,05131,49810,1466,7108,9675,5503,465,66
DacLac,17-07-2012,76854,30877,06631,69852,75879,77353,12434,88451,55496,27927,69556,42668,2327,2784,6520,1411,982,06
DacLac,10-07-2012,82824,82602,99068,34307,70390,58244,90428,30272,73931,11771,92865,28134,7407,2174,9200,8258,359,61
DacLac,03-07-2012,05420,41645,85515,36275,74639,98675,70511,14983,27203,55150,53124,24525,5570,8919,1381,8445,930,32
DacLac,26-06-2012,03281,19522,07285,90701,60221,87944,66701,99012,62622,33335,56858,97336,6463,1014,9320,2880,418,13
DacLac,19-06-2012,64191,44607,04881,40305,90996,33061,37543,86135,05243,74176,92391,31054,3721,1640,4608,3573,314,79
DacLac,12-06-2012,57759,31744,33989,83573,45451,14032,39079,10081,18700,92033,76052,72025,9573,6253,8455,6098,687,07
DacLac,05-06-2012,09481,72335,23703,02861,52441,47646,88373,55927,07223,26879,60261,30624,0484,1980,6883,6140,002,11
DacLac,30-05-2012,13444,20827,60167,27182,23034,37203,38366,39666,84015,00822,55904,06414,1635,3619,6576,2604,288,76
DacLac,29-05-2012,13444,20827,60167,27182,23034,37203,38366,39666,84015,00822,55904,06414,1635,3619,6576,2604,288,76
DacLac,22-05-2012,80383,68005,98934,73879,84000,39535,70193,51546,29332,91509,32777,99256,0432,7116,5241,9794,349,26
DacLac,15-05-2012,04174,15833,65347,45218,46606,77414,23892,60378,39442,05058,50045,03953,4159,0955,1856,8584,177,62
DacLac,08-05-2012,75188,26779,35417,05142,54758,09807,00539,00718,81745,89742,94396,71345,5227,7704,8164,2229,713,96
DacLac,01-05-2012,84719,14307,83099,22988,17020,70244,12037,95507,06795,32057,52243,67363,6168,0015,4278,9254,043,68
DacLac,24-04-2012,68235,99117,39632,90133,51488,92243,34775,08469,78249,68847,13747,83430,5828,9166,3304,5635,550,33
DacLac,17-04-2012,18645,11756,87726,41044,89998,50739,96125,27213,67855,33644,41998,90347,1545,4081,0558,9028,625,26
DacLac,10-04-2012,50301,27260,81853,87178,69489,59928,13204,03061,64958,42959,62691,01289,1251,2617,1094,9418,201,21
DacLac,03-04-2012,47931,89375,20180,98992,12641,00120,13515,96556,72411,53387,54779,63911,1825,3046,1310,4517,530,73
DacLac,27-03-2012,19246,69806,47730,76443,14662,95456,50790,34951,45805,66230,89798,99321,6846,6225,3310,4071,748,22
DacLac,20-03-2012,03859,46337,68165,11384,00538,47105,82496,53910,70459,64399,37394,94411,4247,2235,5499,1852,947,54
DacLac,13-03-2012,94367,18022,85168,42898,98706,85231,18216,71587,47435,61002,05947,24797,0680,2527,8534,6866,592,16
DacLac,06-03-2012,58865,35726,72883,67373,74747,88258,87341,61503,04181,33705,93868,90016,3965,3376,5167,9110,374,93
DacLac,28-02-2012,82547,83413,85707,33916,58081,54259,16567,78274,14190,20233,70776,78035,1023,6906,8257,5301,036,77
DacLac,21-02-2012,81708,69280,19334,48996,00753,73635,53811,80053,92517,82380,82626,43581,7598,7570,7937,2657,889,49
DacLac,14-02-2012,78541,93754,22355,58647,28103,84967,86760,08527,77442,29594,37649,30242,2420,0562,3235,1417,103,79
DacLac,07-02-2012,33193,71311,13270,06791,65125,97804,25002,61720,57392,09942,55748,15599,7619,3387,3339,4512,029,65
DacLac,31-01-2012,53396,93852,66774,19608,61605,85673,51827,55962,72289,80594,28801,33465,4160,7512,9881,7539,157,28
DacLac,24-01-2012,21245,28698,60622,05789,00132,65816,34284,01152,51642,06264,85358,05184,2885,4058,9365,0777,250,56
DacLac,17-01-2012,53083,48282,21709,28141,34751,41193,84003,72909,43679,58178,49423,61103,3273,5268,9353,7119,610,60
DacLac,10-01-2012,74017,93885,20170,61129,28490,06585,75538,17369,59343,80711,03803,41691,5929,8513,4171,8417,118,98
DacLac,03-01-2012,25027,40379,14209,29146,86263,51845,57864,00853,52214,72401,23043,68616,3180,9168,2976,8545,420,40
DacLac,27-12-2011,21064,08273,57898,94063,69281,32731,70682,40566,50938,38742,77731,87698,6542,1666,8322,1984,234,66
DacLac,20-12-2011,74599,65833,36729,35602,42902,49588,92971,90290,92626,80362,96759,80596,3772,1787,6811,3336,366,66
DacLac,13-12-2011,27139,86846,27636,38616,68365,67294,82598,31469,56680,23599,70853,67904,1473,9897,6780,3137,141,95
DacLac,06-12-2011,78926,64447,56204,01874,37030,81113,54077,62343,92050,53670,47591,36955,4745,9594,8377,5032,402,28
DacLac,29-11-2011,83102,74538,55711,99418,92816,70348,15233,91396,16159,52221,06040,90400,6445,5109,5620,0795,938,07
DacLac,22-11-2011,65903,38188,13742,20493,02987,42925,45452,58652,35136,79100,90616,57275,0363,8854,0389,7176,113,45
DacLac,15-11-2011,95608,71603,52785,97769,60653,14233,07575,18980,15735,54110,22945,22769,6117,9461,1093,2194,854,68
DacLac,08-11-2011,34446,41513,62893,68426,07892,80187,88955,59191,69228,99815,68914,52784,5132,0347,9265,7943,606,17
DacLac,01-11-2011,33992,49464,42294,62102,67766,38462,11147,66907,02438,95604,90842,35728,6141,9496,1200,8903,383,23
DacLac,25-10-2011,87917,11669,50233,97241,09548,24100,46010,38354,31039,47459,54701,17567,5471,7609,5479,5040,317,89
DacLac,18-10-2011,10499,80753,31897,21906,35252,29310,55722,36330,69786,09443,60884,24521,0345,8129,5032,1494,730,02
DacLac,11-10-2011,82787,39997,41533,32724,27941,50722,13330,16448,13410,52481,07499,17950,9834,6900,9376,6432,067,27
DacLac,04-10-2011,55417,94233,13125,08101,15985,79171,33703,22391,16928,02399,48438,23032,9219,3266,0626,8229,718,00
DacLac,27-09-2011,26411,56515,49104,25258,21411,30362,99518,53869,23934,51652,28960,45287,5869,7073,7866,0975,665,35
DacLac,20-09-2011,14118,70056,00270,96304,47099,24621,93347,34134,69269,41291,56223,36808,7336,7121,2058,6406,059,04
DacLac,13-09-2011,10457,92012,81946,07320,08356,63793,62436,15993,16968,30467,43729,87215,6368,1286,8596,6329,489,74
DacLac,06-09-2011,55598,09081,64058,62593,20213,45707,20612,15217,70060,15618,82160,96434,0992,7366,4202,3668,339,34
DacLac,30-08-2011,86285,00131,41926,25461,08672,75461,60647,31721,88895,93231,15947,25549,4500,5188,5122,9978,448,54
DacLac,23-08-2011,92500,86447,50932,00768,86756,94023,67233,85843,85930,89396,09149,50301,9505,4792,8392,5338,182,24
DacLac,16-08-2011,24460,74432,44419,68683,00906,83079,91729,45878,09154,49571,04800,00629,4646,4014,5362,6765,322,19
DacLac,09-08-2011,91787,39039,80895,38204,84553,30230,29713,68122,76060,21806,32934,87886,1527,9903,0660,2335,972,15
DacLac,02-08-2011,57599,42446,82201,85654,60118,99434,91748,96420,54929,46126,59178,84963,6290,6949,6060,7748,822,09
DacLac,26-07-2011,42845,48836,50605,41952,20275,77389,54780,99233,36937,85490,49905,50195,1493,7811,3889,5240,169,35
DacLac,19-07-2011,45105,62805,86901,14058,42788,95220,15259,34355,82237,34808,18400,70112,1420,3191,4942,2213,173,45
DacLac,12-07-2011,88415,39496,67018,87625,16806,22217,04453,19060,57964,45034,81745,01157,5605,5738,3370,9123,600,80
DacLac,05-07-2011,64460,24154,17051,98960,23722,82868,00968,83220,54806,00726,10051,16454,2838,1696,1980,1062,359,93
DacLac,28-06-2011,23925,59258,17439,83618,95248,26111,71895,59319,58455,47638,79911,63928,6752,0342,0884,5025,909,39
DacLac,21-06-2011,65670,97416,48785,07634,65665,16742,81585,08664,76384,74402,57350,57555,3705,1334,6382,9689,680,37
DacLac,14-06-2011,98610,08843,19138,14636,98113,14982,89234,02163,13215,55869,91939,48148,7434,8036,8346,9323,361,79
DacLac,07-06-2011,14445,68521,64666,64599,48982,44769,09650,71122,46132,36846,88767,71986,9907,6225,8300,7333,452,66
DacLac,31-05-2011,65017,05255,98666,65239,84599,07368,67340,53786,41759,36035,84855,42790,9728,6219,5939,5989,496,06
DacLac,24-05-2011,53989,05235,87187,39746,49139,26876,45111,84513,19798,97916,05036,44455,9464,7805,4329,7830,251,11
DacLac,17-05-2011,67897,19974,83893,76498,73393,83036,01427,66499,12160,37262,17077,41663,0629,1024,2839,9660,370,60
DacLac,10-05-2011,25214,25513,22923,73960,89095,36198,96304,26354,85176,45277,51365,21568,0504,0910,1238,4750,187,83
DacLac,03-05-2011,10162,04233,05146,38710,09905,59616,51657,95336,96774,82825,93659,48993,3292,5401,6919,5980,213,75
DacLac,26-04-2011,05548,34193,33929,11029,24060,45676,80934,08445,82001,78467,67009,19121,0944,1774,4296,8625,858,12
DacLac,19-04-2011,61835,46462,03155,04343,11716,62027,04817,77770,85927,15504,14231,13377,9344,7768,5476,8322,282,24
DacLac,12-04-2011,93001,60710,26179,06823,21301,75148,18493,98977,21731,02950,88102,91825,0808,6127,5990,7347,137,74
DacLac,05-04-2011,26540,85674,84400,73921,46843,42048,45237,40095,96064,63454,46043,40835,5627,9185,6449,5715,108,92
DacLac,29-03-2011,94782,37201,87022,47806,78569,14666,20207,79210,82884,00130,71204,14212,1537,9504,0478,8742,406,48
DacLac,22-03-2011,76398,45274,14353,54345,85226,52117,82129,79194,04952,21738,22341,43079,0668,7136,7451,9185,974,72
DacLac,15-03-2011,33120,08605,10527,26984,13914,16156,04059,32792,87603,84336,34803,57572,6660,0080,3785,6817,458,42
DacLac,08-03-2011,84304,37046,80892,48534,06980,44105,14919,18529,70848,45492,71499,54774,2675,4524,4942,8060,227,05
DacLac,01-03-2011,98616,39878,64567,03858,33632,60492,37174,19166,52315,29015,32852,86473,6357,9485,0844,0457,460,96
DacLac,22-02-2011,20534,39596,29483,70765,84352,88788,38122,86939,71306,73725,38226,60590,7334,3609,9947,1590,028,68
DacLac,15-02-2011,64499,31855,49792,91551,83365,20411,85260,16489,62461,41569,30558,26571,5509,2564,4665,7334,115,48
DacLac,08-02-2011,63940,08431,77767,16580,34312,80923,81192,60974,93822,86190,21246,56084,8709,7239,0030,7970,954,39
DacLac,01-02-2011,06689,82069,52092,18278,52412,06851,96323,06203,75761,44043,05986,83977,2293,1503,8092,5887,008,69
DacLac,25-01-2011,93532,09089,13275,65886,40724,51882,12423,79838,99922,05413,15173,55290,4307,0010,3854,4013,341,22
DacLac,18-01-2011,47136,04324,40103,64086,72397,17844,02662,35868,82446,23602,27382,45329,8018,6889,5143,3305,109,24
DacLac,11-01-2011,56969,10474,84671,41066,31297,84229,02627,60248,46656,74883,30012,30533,7289,2462,8655,0627,582,29
DacLac,04-01-2011,06098,37889,38990,96338,33586,78045,09457,06672,38637,63567,86650,86198,5734,0609,6750,5818,520,08
DacLac,28-12-2010,33328,19338,85162,92313,28339,85732,50499,50973,83790,97350,21326,34053,6378,5914,5046,8180,585,37
DacLac,21-12-2010,97916,60906,30956,78923,78590,23428,85427,52486,84358,26658,85129,53939,3358,0395,7221,0559,164,55
DacLac,14-12-2010,11189,10097,76637,33016,29697,41285,11698,34971,98624,54356,91560,70695,5255,8480,2115,5752,668,88
DacLac,07-12-2010,40596,51911,37852,65217,78587,15040,29923,82276,17841,56836,94946,93655,2135,6947,8046,0156,922,66
DacLac,30-11-2010,22592,39123,52694,55548,63518,42772,83054,69719,22819,12026,53120,26585,4892,2948,3713,2389,493,53
DacLac,23-11-2010,86893,94330,15634,67614,97530,94168,02958,95423,62522,81554,27290,79804,7338,2851,1742,0417,695,55
DacLac,16-11-2010,31900,37607,80288,79982,36838,37401,76141,92357,94986,41058,39472,17275,3653,4861,9831,9246,363,73
DacLac,09-11-2010,48941,95253,24272,60019,79888,12000,80278,46836,65766,33862,63510,45262,2789,0437,3686,6703,389,85
DacLac,02-11-2010,20277,65111,22091,09563,36801,63234,42139,83371,47510,14720,74802,98604,1329,1364,7249,0128,638,36
DacLac,26-10-2010,00533,61083,59931,05883,41850,76601,42244,25851,13556,91671,07098,14917,2536,8981,1052,3859,874,05
DacLac,19-10-2010,23015,74071,87295,62697,54485,48569,40523,05976,15890,79613,95144,82108,3120,8985,9323,4251,632,20
DacLac,12-10-2010,03712,27085,66273,25624,80067,71465,30990,34151,73547,16663,16893,66338,2019,8034,2308,6885,159,54
DacLac,05-10-2010,90439,17468,28785,51863,84671,54248,80868,22718,13524,79751,21932,39669,7781,3804,3903,8924,857,32
DacLac,28-09-2010,13867,33311,86029,95247,15122,08288,11149,65508,07366,16448,82244,40901,3865,0558,1111,9570,702,06
DacLac,21-09-2010,29525,19809,03043,34109,08388,31705,93099,88988,07008,98626,39616,89657,6919,9403,6908,6143,559,31
DacLac,14-09-2010,10287,35360,42504,56146,09637,06995,58798,85407,29917,90000,04908,57710,0943,9094,2850,6884,894,23
DacLac,07-09-2010,23180,67385,00781,46650,44671,88115,78700,61131,75905,94879,71845,12397,8848,7926,8495,3616,095,56
DacLac,31-08-2010,89014,67867,27404,07071,96737,78479,03288,37516,75395,92753,02443,40151,8078,9383,4862,3592,269,80
DacLac,24-08-2010,35949,68966,17310,31894,53549,42456,62519,30493,38915,68996,38649,16757,6476,7525,7740,1668,588,68
DacLac,17-08-2010,72528,28339,13390,21834,15320,23010,88926,32086,15871,36796,53252,37526,3655,8292,2734,2849,076,13
DacLac,10-08-2010,39801,18510,34781,49447,00872,98325,72054,47409,22267,18875,25074,73812,3626,9532,7774,4479,816,39
DacLac,03-08-2010,62201,36618,89687,85273,95629,42918,10501,27302,37418,53971,86762,50862,0360,3646,6155,6339,791,03
DacLac,27-07-2010,45407,87859,20538,89505,02570,31346,02197,51208,13689,43141,92580,17821,8685,1408,4850,5203,317,68
DacLac,20-07-2010,58552,83609,97320,12694,96357,56505,86863,85105,96964,96636,72388,52986,8331,6458,7031,3919,986,73
DacLac,13-07-2010,70601,30625,62287,21008,57146,53162,42107,88415,57427,38949,17695,00161,1990,0346,9684,7323,579,22
DacLac,06-07-2010,22647,16832,95375,11013,27801,12057,10483,13751,65409,98009,06139,96954,4331,5196,5988,6359,506,53
DacLac,29-06-2010,87658,21434,27271,33676,70579,50662,91243,20958,27216,27363,91170,49808,8413,8579,9455,0257,909,96
DacLac,22-06-2010,11530,70169,81653,07014,78095,73278,00737,78497,69688,65864,27996,49834,5536,6294,0613,6239,300,56
DacLac,15-06-2010,60201,57156,72233,72541,93294,77793,46537,55492,98115,80649,17919,65906,1849,0626,3104,5582,385,23
DacLac,08-06-2010,57350,98977,81922,01538,15977,18631,66503,40952,63332,70002,75619,67706,2280,4174,3789,8426,035,84
DacLac,01-06-2010,99831,81023,64135,39267,30645,49176,99472,90197,31577,13440,22297,80306,4676,4390,0911,3218,360,59
DacLac,25-05-2010,34583,70557,53120,26793,50821,15219,95671,89034,67046,20564,72607,07732,5298,5569,9449,9694,859,29
DacLac,18-05-2010,51918,27396,25213,00431,31122,67767,56385,52607,66853,84534,76193,04506,3718,7359,2399,8417,566,33
DacLac,11-05-2010,33326,20688,17577,84938,95003,27251,36509,05345,66256,94721,59132,22030,3744,4535,6324,4544,369,42
DacLac,04-05-2010,94700,82619,52464,89829,30076,29689,19324,56102,06380,47297,92888,21136,5119,9686,3186,4664,507,98
DacLac,27-04-2010,31000,98655,30119,29793,81245,17358,58188,12542,44805,48714,90453,59338,6850,9107,3338,2340,729,19
DacLac,20-04-2010,31375,53988,63841,19744,89288,78108,07409,57178,09846,61636,79885,22386,0994,8835,7624,8513,556,03
DacLac,13-04-2010,13420,92664,18933,55736,59760,66419,63538,81859,06397,98798,32001,47628,3837,5071,1625,9338,117,66
DacLac,06-04-2010,58964,79182,08504,28845,07849,80011,36838,31932,20755,16642,20987,03506,8108,3117,8156,1109,146,87
DacLac,30-03-2010,10920,34323,44983,55430,18063,30713,18952,36513,97107,59058,22790,94176,6453,3980,2685,3273,837,39
DacLac,23-03-2010,69508,89073,85698,58998,35609,68486,45636,40760,63809,46999,56078,18634,3173,3140,5742,1125,885,77
DacLac,16-03-2010,69874,45151,87710,48889,28831,05301,80759,55630,91094,60405,24611,82363,2007,2162,0901,8382,818,95
DacLac,09-03-2010,26836,73844,46849,88473,40689,89127,98201,26396,57981,41838,07677,58826,1899,3478,1540,0490,208,48
DacLac,02-03-2010,91151,75189,73563,57210,87309,57637,81487,29518,37127,89778,22367,82466,4974,7068,6071,6576,005,07
DacLac,23-02-2010,14470,18742,85434,56023,90744,84709,68432,80241,57661,44093,37779,19353,3647,0771,4032,3915,966,04
DacLac,16-02-2010,30792,98988,61098,25381,69764,61041,73002,82148,24314,10715,12939,50998,7251,3837,9367,0688,828,00
DacLac,09-02-2010,82245,04021,19259,21547,81515,08269,21359,84690,42291,85530,16389,57745,5033,7169,1968,4602,610,16
DacLac,02-02-2010,92128,64359,50947,92207,58297,65943,76971,44299,10350,44440,45911,91347,4800,9620,1080,4386,240,54
DacLac,26-01-2010,28507,72880,12490,98697,77913,47412,80835,29059,85158,62522,80330,28188,3985,1905,2071,4134,599,21
DacLac,19-01-2010,84163,58818,41958,13567,81968,51422,59674,58775,24725,15170,57099,24715,9591,3792,1406,5788,280,72
DacLac,12-01-2010,70835,72675,69414,80609,04685,35950,70939,26755,57375,53903,41369,28148,5535,4495,3102,6524,613,22
DacLac,05-01-2010,83332,69386,95333,97180,92361,92746,91928,92413,46649,74608,48503,35649,4529,6524,7830,1727,013,27
DacLac,29-12-2009,88214,34069,78279,98966,61063,04528,23348,29221,74672,08764,90390,47764,2333,8926,4566,9669,669,43
DacLac,22-12-2009,89803,90038,14647,56256,02951,66374,34885,79603,55395,65848,26295,89833,2783,5450,7602,3107,141,52
DacLac,15-12-2009,00865,37428,71722,27170,82088,75283,59480,74107,86660,23740,30124,37643,4159,9056,4116,7214,931,70
DacLac,08-12-2009,45608,10564,58426,40195,36508,28696,84194,84986,49126,22655,01913,11908,2393,2719,9665,3282,820,81
DacLac,01-12-2009,11722,91761,41911,20610,13889,62532,23297,90195,48208,19803,71985,40599,2876,9185,2062,2551,100,95
DacLac,24-11-2009,07598,47879,71468,04197,93882,35604,51418,94942,78214,52269,30968,84468,5000,3978,8214,8143,400,12
DacLac,17-11-2009,88513,86530,78489,08160,08276,97842,92244,81460,72254,40688,05939,39259,9512,9024,0607,2706,814,46
DacLac,10-11-2009,80497,38924,74179,77062,23262,17660,84598,74536,55663,18890,80863,98625,0355,1086,4583,9336,114,39
DacLac,03-11-2009,15568,47043,03333,33897,79724,67540,49146,49899,93457,65324,32812,09245,1032,9024,0754,8161,504,57
DacLac,27-10-2009,71397,58187,57913,42470,52211,57478,88085,20510,10323,35627,82118,55485,6154,1914,9089,0340,786,60
DacLac,20-10-2009,86417,92328,79504,20253,81899,64093,85628,91299,66417,19475,58924,79660,1683,2326,3748,6169,088,57
DacLac,13-10-2009,77028,69512,03279,09798,01758,62016,99055,41779,24889,01306,48154,89026,0582,0239,9622,0803,757,78
DacLac,06-10-2009,17845,16989,85034,04931,26270,51784,78935,83829,86757,40813,05213,15585,8700,4348,3019,3095,363,59
DacLac,29-09-2009,83113,15228,69945,63529,95933,08337,92483,34363,01834,13567,74192,11332,5568,7838,7095,6496,734,98
DacLac,22-09-2009,28889,19888,70452,76830,36165,13651,62958,23307,29150,87158,74526,58689,1749,0062,1080,0695,690,91
DacLac,15-09-2009,71435,86367,84418,05439,84988,54541,62094,46143,07782,08399,86018,98347,8454,1569,8535,1959,432,84
DacLac,08-09-2009,07647,41597,84851,14812,11441,73611,79418,96886,69698,10354,51233,19194,3759,3002,9747,5959,082,17
DacLac,01-09-2009,57986,16255,39522,51019,80415,62184,99522,83274,39221,62171,95657,47418,5402,8870,3246,2099,296,08
DacLac,25-08-2009,90132,04355,69508,67946,52250,85364,39252,79192,73914,16833,65050,80529,8930,9107,1754,3813,659,89
DacLac,18-08-2009,27969,87293,65738,83152,86845,08477,85197,01268,52336,12101,73608,85903,4373,5935,9172,6690,751,67
DacLac,11-08-2009,83871,76608,10382,96509,37433,87806,72753,49398,40595,25911,79996,50795,9107,9526,9684,9824,711,09
DacLac,04-08-2009,54170,69502,18501,37501,70246,16547,06466,13288,50341,30688,31696,87661,0723,3509,5296,1907,556,84
DacLac,28-07-2009,88515,89963,83139,96937,73430,65793,93116,53964,14233,62322,11099,37712,3489,8049,6348,4839,837,44
DacLac,21-07-2009,68100,05121,56883,62590,97821,98064,70731,41764,81535,57732,20116,09921,4443,4096,4109,1264,518,11
DacLac,14-07-2009,80236,11634,57607,50009,62765,18671,37772,44397,10880,01770,14166,12967,0249,7389,8761,0411,728,06
DacLac,07-07-2009,18854,75820,85348,21027,53313,46053,07952,98615,45756,28351,46721,26394,4291,5204,4365,4249,318,55
DacLac,30-06-2009,93626,29993,02395,09685,18254,48226,84339,86948,61994,47381,08729,61981,2565,4759,2561,9321,016,51
DacLac,23-06-2009,36732,00255,44378,81136,73229,56647,12642,00058,63103,53598,70455,40646,8566,0058,6630,5539,262,26
DacLac,16-06-2009,14630,17061,19110,92314,19615,99585,93775,37438,00620,44265,64322,26961,1479,4371,4013,6055,798,68
DacLac,09-06-2009,80822,51271,35483,52516,92519,73287,95940,08510,95986,20226,30632,50669,6316,2917,0308,2756,220,50
DacLac,02-06-2009,95512,33994,27923,58013,11282,10827,26918,58621,60629,23160,37305,13630,0011,9837,5952,6076,741,55
DacLac,26-05-2009,01530,48430,18029,72683,94591,32798,73441,98001,49729,47587,08184,89822,2397,9365,1788,8682,952,59
DacLac,19-05-2009,07506,36700,14098,12674,51348,27002,88816,83182,05978,47489,19908,91733,9693,2187,0997,6273,023,45
DacLac,12-05-2009,86388,61791,22887,94768,90673,64679,68003,92108,55072,86525,91007,72637,8961,0530,4122,3688,993,37
DacLac,05-05-2009,62159,55864,76965,59384,73092,76760,30902,49895,03333,47283,73369,83465,1918,2052,6920,2937,126,95
DacLac,28-04-2009,38605,50156,85457,48079,33569,92906,72019,87108,88960,25401,33354,59882,2083,2996,3337,3148,158,91
DacLac,21-04-2009,31372,56431,80169,30253,64658,30426,75600,10597,38860,46064,66362,88806,3044,0778,4688,8410,661,78
DacLac,14-04-2009,14060,28058,20498,28056,23439,31211,48283,77355,19804,55438,67991,71577,0429,5935,4942,7025,930,73
DacLac,07-04-2009,25110,08418,83512,25484,90001,13679,34124,47472,20060,87048,32704,00010,6459,0929,1426,6720,534,43
DacLac,31-03-2009,29128,72380,89279,54939,45234,58816,64549,56273,18494,05323,30636,69113,4593,0297,9761,2146,640,06
DacLac,24-03-2009,88102,35151,86961,95807,34544,56493,94337,15815,97687,13428,61637,16780,3919,4075,4061,3657,744,03
DacLac,17-03-2009,16555,20370,64175,27956,92683,02159,34904,40070,24901,00153,95464,58052,8494,0872,3797,9063,632,63
DacLac,10-03-2009,13605,54897,06279,19223,26399,08134,43096,66938,32918,61369,09309,18212,5098,3038,7784,3436,740,23
DacLac,03-03-2009,20584,06051,96656,06546,99858,65305,39090,19915,95108,76224,45437,69733,6653,8547,9613,8805,035,05
DacLac,24-02-2009,62130,67109,26608,88826,30512,09393,34300,13222,33435,77261,66805,35850,9197,6795,5406,6715,600,93
DacLac,17-02-2009,70302,84142,21011,52736,60711,04003,67867,08975,34657,07926,28337,33412,2139,9735,0539,4035,806,97
DacLac,10-02-2009,19184,20444,31385,55575,31440,01300,82868,67182,72349,08185,19098,96191,4431,8297,0191,0019,633,55
DacLac,03-02-2009,92680,83038,53520,39561,73889,83587,91838,82150,78286,39791,19482,19684,4214,3117,7266,2962,946,97
DacLac,27-01-2009,28675,80031,38857,60717,16584,89986,10536,40853,34604,80569,06060,90983,5566,8374,6836,3158,858,94
DacLac,20-01-2009,85800,57110,74219,43249,93480,53778,16336,56270,66832,98076,47180,50409,5476,8355,2924,5169,849,55
DacLac,13-01-2009,51566,38907,68848,68694,64074,69043,37621,83796,30679,54268,65506,36299,8813,3548,6547,3319,076,47
DacLac,06-01-2009,82314,40405,90987,58926,37576,99801,51625,94582,66076,05315,80212,96455,0868,9045,9311,8993,016,37
DacLac,30-12-2008,97100,40178,99595,51568,52784,01871,45720,28091,94934,68194,73762,97787,1202,6441,4803,6269,861,27
DacLac,16-12-2008,57235,89831,55746,85297,36381,17724,42095,45381,65679,89082,13127,78618,6543,7795,7277,4871,242,97
DacLac,09-12-2008,31718,51077,40397,81136,35233,11111,69004,26467,90455,09410,13600,97048,4284,4634,3556,8174,584,84
DacLac,02-12-2008,39273,66719,48874,76637,88883,27742,68571,53681,57317,80502,36497,16318,6093,3558,2210,3874,342,66
DacLac,25-11-2008,69672,94576,73145,87348,26334,79506,62297,99017,88261,61529,28186,43198,4950,9695,4915,4261,092,80
DacLac,18-11-2008,33932,81044,44050,90922,83006,11230,98293,81816,87310,44528,66011,29254,3455,6886,5238,6820,105,21
DacLac,11-11-2008,47655,58169,86807,18011,24366,58203,47819,29125,70581,24482,61750,84915,2818,6795,2796,6971,830,80
DacLac,04-11-2008,25013,98438,69867,12604,07724,96104,95784,89004,99706,07943,69339,38118,6045,9625,0580,1376,722,98
DacLac,28-10-2008,01425,59269,75487,43499,86453,10165,84169,97058,98635,29839,80140,37704,8404,9882,7064,1722,913,43
DacLac,21-10-2008,54179,79855,66649,90900,31708,67694,32592,49843,05252,91429,42780,15365,2396,3378,0162,5068,876,78
DacLac,14-10-2008,79802,25207,64754,97285,39343,53093,85478,41574,68295,87223,95864,60821,0177,8478,9618,9679,910,98
DacLac,07-10-2008,57604,81997,95559,66695,26524,14215,14139,55224,70810,31275,05612,42368,2571,2526,7330,9198,194,94
DacLac,30-09-2008,55939,19475,24612,57549,88534,29829,21942,86844,62673,16465,08924,61565,9209,3892,9873,6300,410,00
DacLac,16-09-2008,91836,33861,56160,10232,99340,33464,70639,14870,82826,65156,40373,09309,9693,2182,0393,8357,309,09
DacLac,09-09-2008,77019,04470,40880,24115,57083,95961,63358,86597,76832,00476,86358,96345,1914,5814,1665,7959,135,52
DacLac,02-09-2008,46349,05397,71970,84900,40974,49519,85022,73511,66843,20295,22143,18738,9134,4890,7549,0112,418,18
DacLac,26-08-2008,14832,34399,82953,65956,28589,23367,15071,38343,94747,93875,75189,41890,8748,7868,6040,3562,358,65
DacLac,19-08-2008,48093,03275,88904,52414,00329,76298,55683,37327,64629,08550,84630,66557,6025,3988,9538,2041,154,02
DacLac,12-08-2008,57072,60983,85272,00192,32180,57608,09842,67997,58313,75524,12514,60131,8381,1544,1006,6615,351,35
DacLac,05-08-2008,25805,47474,99906,19828,43696,68509,78612,89302,64572,27521,87265,74456,4031,5974,8700,0697,504,95
DacLac,29-07-2008,56860,51483,81220,57727,74902,49013,31513,63871,23988,77329,31260,75520,6653,0043,2018,1532,098,11
DacLac,22-07-2008,64618,44423,28896,16998,42123,54902,88549,57922,47580,47893,48954,77435,5853,2299,7920,5071,054,06
DacLac,15-07-2008,77076,56018,74096,20605,87798,61968,62053,67002,01559,08701,76884,38014,8707,1409,9279,6451,723,78
DacLac,08-07-2008,93935,94224,58309,32550,13734,32951,20235,30094,08783,98567,81148,36589,5562,2240,3527,9435,454,87
DacLac,01-07-2008,66158,34816,02120,29492,12609,71621,07738,62539,95672,92473,01989,57639,8137,4467,7906,2240,319,01
DacLac,24-06-2008,04818,19842,19857,65573,15804,27638,47531,19542,08863,26969,95356,94615,0886,9952,3178,6430,159,21
DacLac,17-06-2008,36695,81935,95771,07380,29620,89510,21943,89867,96910,75335,86494,65762,7298,0194,6500,8993,152,76
DacLac,10-06-2008,58097,94355,10457,66099,00188,47562,32459,01407,39665,17443,55622,04839,8192,5882,5316,9366,633,54
DacLac,03-06-2008,05591,62088,37837,28338,00804,34400,21073,55548,84948,02570,56034,89462,8982,6666,5891,6284,241,30
DacLac,27-05-2008,45858,06241,89427,89426,95584,28006,05722,60379,33062,09655,94410,87827,1703,7663,1381,3741,400,75
DacLac,20-05-2008,04632,37937,72171,73302,16023,64376,07912,33630,13645,66915,05306,48544,4497,6622,7178,5345,875,72
DacLac,13-05-2008,22884,57813,35080,42528,77161,53374,20610,84797,86125,58194,71160,96868,6879,1035,8161,8138,496,39
DacLac,06-05-2008,85672,55254,51395,60038,18785,49419,62530,67444,63498,50585,45819,95069,0079,1623,8601,3344,131,67
DacLac,29-04-2008,65084,46145,77907,39736,67267,41732,42049,37610,50526,92699,63775,3202,9570,5068,6396,0061,186,95
DacLac,22-04-2008,67192,60901,01862,08482,97520,13516,72284,03396,18439,65866,48479,2167,9658,8094,3666,3145,153,77
DacLac,15-04-2008,15589,34889,25842,73389,56449,34895,59284,92792,85329,81501,70582,3214,1767,0510,8548,5286,948,75
DacLac,08-04-2008,37311,06224,70409,54673,46171,14612,35992,42405,90290,78581,27964,2316,2395,7510,3810,6412,883,83
DacLac,01-04-2008,39684,51822,40849,93671,62307,13436,33318,40945,18976,30023,77975,8786,0056,0890,7754,8663,889,88
DacLac,25-03-2008,38971,90759,78980,52431,44570,75146,25101,84307,93524,04417,88099,0463,5179,8854,5463,2746,837,83
DacLac,18-03-2008,28889,46920,44868,44702,94548,11317,29993,35256,19912,19031,48617,2015,6910,3835,9197,4953,959,03
DacLac,11-03-2008,34121,10226,54918,16304,28794,81236,66048,43382,58040,18393,62078,6224,2588,8835,2549,7160,977,87
DacLac,04-03-2008,81333,39054,71878,31737,01274,21405,56889,88871,36029,19711,13298,0852,6746,5746,2861,4580,225,69
DacLac,26-02-2008,30659,37848,90335,60098,71188,93410,25702,53780,76095,52764,51941,2010,3049,7076,2808,7318,685,10
DacLac,19-02-2008,23581,01829,54617,66186,86534,01617,56134,13882,99490,95512,65099,0215,9865,4107,6315,7849,000,11
DacLac,12-02-2008,32722,78606,77082,98964,39146,61639,32400,76527,18612,06010,15090,5298,4121,4496,1812,4754,655,44
DacLac,05-02-2008,94600,28555,59828,96178,54388,74497,25068,08830,08443,59993,05178,5626,1596,5179,7755,7348,980,54
DacLac,29-01-2008,98745,57668,08289,31766,95519,73754,63693,29769,53078,19458,90143,2814,5607,0499,1071,3489,799,35
DacLac,22-01-2008,54482,34981,96640,86684,37891,84495,53464,09206,69645,33627,31706,3051,5273,4228,5013,5994,828,94
DacLac,15-01-2008,55832,44578,43886,28849,77053,27656,93864,08020,12659,11115,80527,6763,9358,3279,0138,7176,984,89
DacLac,08-01-2008,22823,55526,64131,18076,09644,17525,35797,87390,63991,67586,31265,7009,7518,4787,7916,1643,967,04
DacLac,01-01-2008,55427,56489,42157,20425,89243,73666,45419,70254,29571,87725,58586,5362,8993,8299,5118,6804,506,72
DacLac,25-12-2007,64858,10258,47389,92442,10848,01711,57914,86647,15869,65534,59645,12633,8703,0706,0060,6136,125,96
DacLac,18-12-2007,42322,07836,77494,34627,94679,17218,79051,47740,47843,21192,63655,91633,5249,5393,8988,8249,386,11
DacLac,11-12-2007,94269,37421,62546,17939,79129,87783,86651,49380,61767,54642,83009,73997,9659,4110,6613,5938,719,29
DacLac,04-12-2007,06396,65912,95438,86502,71874,83830,58792,32086,29376,63994,40594,70458,6246,8449,1655,3947,546,05
DacLac,27-11-2007,21658,86968,54264,49638,68309,88684,06140,01677,86358,20104,54834,77245,2793,6378,9238,3899,798,58
DacLac,20-11-2007,13919,66945,74518,87714,86197,29366,39432,38141,43542,58116,63534,88722,3711,4539,9832,3451,340,78
DacLac,13-11-2007,61520,88283,78169,20712,11392,88094,98850,17940,68593,15408,87262,16266,5609,3609,2282,8815,976,98
DacLac,06-11-2007,15590,88318,02438,95020,31074,59635,81594,87045,20168,40312,65678,02092,0095,1136,1273,0062,406,52
DacLac,30-10-2007,34683,83796,59748,72903,50253,18399,27921,67512,83294,40723,03172,12258,5630,8054,1187,1830,365,69
DacLac,23-10-2007,75435,65159,23969,01805,84303,34301,56312,79353,25969,13377,64584,50054,3780,9863,6353,1267,287,35
DacLac,16-10-2007,80647,71492,82295,35127,96396,75087,93513,71004,79905,49255,67439,81093,9954,9801,5151,9492,230,68
DacLac,09-10-2007,01550,50138,88146,52212,17788,77659,68828,84806,06597,39232,49791,68547,5357,5746,3356,8550,059,62
DacLac,25-09-2007,68809,36396,86809,04111,46056,66313,57442,38144,49346,20988,77750,73446,3262,1189,7810,3267,331,91
DacLac,18-09-2007,05634,70053,49609,17140,77942,74387,29696,86413,07248,77609,55262,67887,7984,7240,2548,9737,061,77
DacLac,11-09-2007,49089,92142,60885,65082,02650,77217,27109,83887,85126,89551,03952,58731,8576,5750,0435,9732,270,21
DacLac,04-09-2007,67693,10344,61076,75534,76123,50118,83466,62863,17099,44490,68815,66228,9517,8680,9628,2175,284,55
DacLac,28-08-2007,35401,10736,78141,63340,21879,93650,10648,25749,75109,92333,54200,94594,5046,7281,4474,9708,150,47
DacLac,21-08-2007,57718,59969,80987,05609,28923,94911,32583,46663,66818,82039,27226,60655,9001,8432,6230,5787,684,54
DacLac,07-08-2007,82192,47354,13055,26900,23859,34389,64600,20270,81544,10085,38701,26890,1012,7942,1049,4339,420,00
DacLac,31-07-2007,32140,17933,87375,37656,67978,96395,56438,87335,62658,80368,54866,80803,2900,3308,7991,8387,630,72
DacLac,24-07-2007,65172,43745,21658,74706,65349,42303,45267,02895,48371,17943,69666,27377,9280,1668,6332,9481,891,73
DacLac,17-07-2007,21271,49456,68721,29021,41914,68598,49599,67962,65212,23832,38234,16440,7820,2192,9548,1047,822,55
DacLac,10-07-2007,57780,82839,98986,95585,55471,03991,91444,39241,37193,07782,81388,17235,7139,8681,6191,2031,833,07
DacLac,03-07-2007,03453,86541,14067,20166,30444,62934,70725,01135,83121,13866,22984,42598,0056,1052,6943,3237,938,51
DacLac,19-06-2007,49544,31917,36912,01115,04989,84490,97139,76336,40898,70971,31777,65160,8075,7308,1903,9048,843,76
DacLac,05-06-2007,42377,27545,48568,99575,37256,98031,06380,79404,93213,41558,70485,95004,8077,0612,9499,2236,995,78
DacLac,29-05-2007,14049,13784,80570,25194,84936,67305,90410,08550,13081,24519,50355,48480,7098,3141,5832,8523,730,70
DacLac,22-05-2007,08588,18110,38899,17351,35910,14585,70164,63433,95730,55415,75175,18180,7249,3844,3452,4890,869,94
DacLac,15-05-2007,72294,29749,42261,96067,20755,21001,05896,97561,57725,95735,17344,05122,1729,2068,0348,2950,101,24
DacLac,08-05-2007,95409,73381,20182,37364,26541,40463,49623,63347,90569,96064,78506,28473,2038,1031,0099,8169,205,70
DacLac,01-05-2007,48704,99199,17854,36719,79346,35098,36380,58423,00774,03877,00537,02843,5650,4637,8263,0569,590,27
DacLac,24-04-2007,32496,65819,46327,30565,43869,56854,42991,15369,32444,16599,98781,94333,6229,1830,6717,0379,000,51
DacLac,17-04-2007,41819,43639,55857,18469,56244,74181,79922,06503,43079,64907,97017,31260,7383,3703,2303,2140,440,69
DacLac,10-04-2007,17877,21615,09520,74754,81356,85090,62095,91488,88402,75887,66561,13663,0405,1578,2853,0653,163,05
DacLac,03-04-2007,90416,19756,26280,58756,80183,80572,38713,86114,16294,72174,60289,77690,5499,2895,2636,3874,262,12
DacLac,27-03-2007,11484,51139,41813,52945,39198,39806,86122,98804,33368,03058,05945,92117,5808,9872,5494,6493,300,87
DacLac,20-03-2007,97017,11995,41486,86974,73442,46021,58238,51702,48262,43554,28011,79018,6260,0569,8988,7066,727,74
DacLac,13-03-2007,06076,86544,11709,28640,87718,00114,41603,98183,88013,94449,51280,73498,8824,0073,7810,2528,836,18
DacLac,06-03-2007,50269,11653,30758,35616,40978,91538,74784,01963,98614,34147,55225,94906,9143,9587,1432,5023,905,25
DacLac,27-02-2007,33687,90739,46307,12940,63066,63678,68030,85348,46884,54830,32298,82900,5591,8263,5393,9986,412,00
DacLac,20-02-2007,92535,73194,16690,76500,02270,60643,39787,38871,37179,52228,35098,44013,2790,0758,1232,0078,539,33
DacLac,13-02-2007,95848,39122,94996,16181,87881,70616,00139,58808,73798,87541,89071,50279,1743,8038,2350,0965,310,48
DacLac,06-02-2007,66553,68527,27368,38980,61430,34547,04165,95477,30476,47928,17190,34736,6410,2324,9469,5516,033,00
DacLac,30-01-2007,29588,21104,44688,53516,23335,06063,58214,78853,30613,86434,14601,66414,8693,8238,3383,4818,151,18
DacLac,23-01-2007,11764,14824,48714,78795,79471,04191,00738,63266,30784,38110,48196,28194,2832,0318,9361,0861,149,40
DacLac,16-01-2007,48866,53445,80779,08792,69712,98432,42971,92980,84787,51869,71390,03034,1257,9850,7321,9158,132,28
DacLac,09-01-2007,63861,04032,38745,18032,09744,13726,53220,55330,03188,67797,66549,78264,8184,8710,5499,8867,190,95
DacLac,02-01-2007,24172,99163,44381,17225,00464,93871,02435,38750,79083,76635,67525,44650,9240,6519,0667,4314,533,65
DacLac,26-12-2006,91180,75872,68565,40496,24414,03128,98354,92690,19747,73637,77784,83731,7763,1945,3548,5932,885,92