DacNong,17-11-2018,425244,42019,93991,31693,83949,01605,00463,40941,25458,17787,21401,14259,7805,4855,6737,3568,166,18
DacNong,10-11-2018,476716,81757,26746,67911,06981,26399,44333,78857,41750,99117,64765,04870,0828,0891,5695,8421,384,11
DacNong,03-11-2018,827452,12172,01724,03841,51090,50710,30618,15599,17145,55095,25709,56698,8020,4685,5045,7909,655,20
DacNong,27-10-2018,314924,28770,36678,26745,87578,97650,68104,27363,20536,17531,73063,40117,7151,0890,2256,7119,812,43
DacNong,20-10-2018,267296,32893,95951,86795,79390,50665,69738,12341,19589,17615,76681,03832,5109,9836,2442,2007,456,01
DacNong,06-10-2018,392213,37433,22485,21389,84672,07552,94362,25878,27072,14638,91406,09579,7298,6046,6305,2562,861,65
DacNong,29-09-2018,864852,20783,55828,93215,82578,28866,13991,46465,10101,15911,36022,80358,3470,9396,9327,3155,455,75
DacNong,22-09-2018,577041,64702,77926,03460,81458,69674,39276,68640,86453,59885,37813,97767,6645,1134,1419,0449,134,84
DacNong,15-09-2018,801065,35571,17189,53159,59130,32422,08572,13542,36582,75028,27553,96925,7589,3930,5276,5041,742,84
DacNong,08-09-2018,528845,26807,30274,04006,67818,80106,49501,13433,74195,24749,02028,43065,1653,2660,6556,7679,958,90
DacNong,01-09-2018,156745,25112,75508,34780,76784,82033,61810,95439,79805,01851,69616,18729,5758,2217,1316,2146,585,15
DacNong,25-08-2018,409353,56174,56260,87882,13422,38697,71677,41375,10397,05781,02995,87545,3889,4637,6253,8172,958,90
DacNong,18-08-2018,235493,17270,60233,94255,94157,42992,86417,04175,43492,60024,19713,89471,9907,3421,9766,0117,651,53
DacNong,11-08-2018,172847,27600,27608,81024,89120,08798,67792,67787,15206,71723,28062,17450,3958,4601,6971,6783,397,13
DacNong,04-08-2018,936776,72637,96862,54595,68069,01069,70798,42440,97015,50461,35694,83659,6130,7811,4981,3234,139,17
DacNong,28-07-2018,102430,59811,89197,97291,54564,51376,78381,88320,20173,24423,92546,69390,7516,4165,4090,6946,439,36
DacNong,21-07-2018,089197,70496,44733,67053,46368,80693,08637,24834,35414,60384,46606,91481,2463,0724,5263,5084,088,47
DacNong,14-07-2018,103109,43767,10824,39325,78437,90979,24245,58107,19437,94334,04074,10642,0400,7687,8898,8088,041,38
DacNong,07-07-2018,395981,09376,88973,56399,18780,27858,29516,02836,46297,33213,38002,54866,3308,1224,9561,6286,625,14
DacNong,30-06-2018,846785,77601,83498,26164,06867,67355,47333,79481,65146,31833,99215,01153,3788,9139,3401,3163,395,14
DacNong,15-06-2018,431415,03579,98067,93815,79693,47311,25373,84112,60566,43885,56588,72999,2647,8646,9821,4765,139,34
DacNong,09-06-2018,150959,77986,72933,70904,08186,43161,33079,95842,76461,18318,05789,54424,6065,1199,2674,4660,189,12
DacNong,02-06-2018,758055,40888,74090,68749,46936,45810,69872,95489,68310,08328,53970,51588,8091,5721,8924,6865,369,25
DacNong,26-05-2018,407624,17926,30490,71671,39600,58883,59857,42957,74196,98230,77800,50202,1051,8521,5215,4936,433,12
DacNong,19-05-2018,974326,69541,49059,47453,07832,40194,02625,77628,52291,18228,24470,27285,7551,3696,2028,3970,748,98
DacNong,12-05-2018,067832,11946,46261,95425,20482,79984,98890,57958,40100,47365,14715,37755,3788,1488,7295,4148,877,00
DacNong,05-05-2018,235022,30884,72275,27496,25648,22956,56851,61582,84559,26894,89145,89507,9781,3431,3890,2282,176,11
DacNong,28-04-2018,230235,40128,44811,92601,96167,38253,04496,74333,16479,20203,51669,18559,7636,0856,0260,8642,410,52
DacNong,21-04-2018,333320,34092,87501,57630,07389,56230,46567,75199,52349,65554,84061,17036,6086,4120,4087,5290,669,62
DacNong,14-04-2018,753586,73214,90237,81570,18146,12578,04891,53015,55124,65511,87971,87726,7763,9139,5911,1291,697,89
DacNong,07-04-2018,667930,71298,76825,63394,79824,42967,05038,62658,99695,44160,75150,63626,2344,4821,8874,0799,916,22
DacNong,31-03-2018,257133,20361,06090,39364,85988,75213,23099,55558,88127,98026,21167,46772,8025,8136,4137,8875,564,39
DacNong,24-03-2018,723164,49432,44433,90803,41811,58037,41923,33227,49742,31665,27654,45234,0702,0398,2409,9188,522,00
DacNong,17-03-2018,777872,69550,34805,58376,56912,11946,70207,27028,40709,42843,80955,30976,9930,2618,7814,2395,607,02
DacNong,10-03-2018,762433,61657,28358,55411,34840,16549,64704,31186,72851,43627,47179,40442,5070,9331,4595,9662,907,25
DacNong,03-03-2018,853253,93545,57170,33374,21866,05859,50665,16527,44442,51063,56037,07157,0051,6237,6390,4053,677,66
DacNong,24-02-2018,857871,53008,97355,16615,05124,41969,16877,07031,10418,55239,07331,94385,6728,4395,1250,3754,109,16
DacNong,17-02-2018,620285,62379,04021,52718,80248,07450,22667,65316,57264,44515,66888,19265,5621,6652,3980,2650,671,96
DacNong,10-02-2018,371139,56838,56267,39637,46287,96602,41675,54993,33111,03632,13852,66972,0774,3665,2728,0846,408,06
DacNong,03-02-2018,647341,12764,09131,45289,60640,96163,37040,21819,76072,68700,63248,34239,6809,9510,4910,3293,259,59
DacNong,27-01-2018,962139,07596,84150,69619,16069,80025,27611,96538,78091,68025,81770,47686,1513,1152,0797,1175,485,67
DacNong,20-01-2018,369692,01486,46503,42466,76112,42618,26471,97991,03623,05651,62106,68897,1737,1200,1918,3118,199,79
DacNong,13-01-2018,330533,97971,81474,50875,08047,38171,78449,23473,30655,47248,30938,36414,8400,9103,6156,6279,661,26
DacNong,06-01-2018,109803,01342,84355,59049,96487,08839,12660,34433,32957,25868,98187,14206,8504,1596,6012,8524,499,52
DacNong,30-12-2017,024926,88614,53992,38587,08988,88038,95110,09298,42173,92619,02532,83781,8748,4734,0557,4480,855,09
DacNong,23-12-2017,409051,43415,99047,11002,45001,28194,60654,22967,65266,65741,63904,50930,9839,0952,0756,6824,608,58
DacNong,16-12-2017,059190,65176,94595,56928,01128,94367,68655,11556,94290,56738,78201,30731,0297,8134,7348,6027,215,36
DacNong,09-12-2017,598689,90687,21584,17010,10013,68121,91961,26760,17864,29437,30863,90307,3341,7026,8972,0749,703,05
DacNong,02-12-2017,407956,91273,46194,16873,81621,96785,00410,89396,28741,67282,37149,21444,3333,8077,4561,3930,318,34
DacNong,25-11-2017,572949,70406,05996,99406,66977,64651,28309,07550,05659,07281,27207,32097,8631,6525,7379,5495,407,24
DacNong,18-11-2017,231678,07326,23849,27748,99245,15913,65345,38081,33036,74221,89359,06176,5860,0931,7631,8833,055,74
DacNong,11-11-2017,548272,33742,39013,31984,81394,23457,36843,92593,48531,91074,27451,08897,2310,7491,9765,3746,432,30
DacNong,04-11-2017,746498,43492,66416,41585,39611,48087,42738,69528,66142,53740,61509,50319,2539,2141,6701,0838,906,23
DacNong,28-10-2017,259876,15457,28116,67180,42233,45025,18787,72026,40979,14802,67036,45510,5738,3951,5115,6638,213,37
DacNong,21-10-2017,873712,69542,39856,35863,22236,47299,45434,09450,98614,18230,79622,40666,1758,0387,5306,0345,432,70
DacNong,14-10-2017,921955,84644,99817,28937,28702,52215,27556,59439,38197,91577,93948,06615,5741,6740,8985,4848,397,63
DacNong,07-10-2017,394902,78808,31225,11294,93649,47141,97919,44176,38117,75960,18383,26084,3510,3284,4278,9202,058,00
DacNong,30-09-2017,154042,99396,41639,97778,18104,15965,53398,32283,12133,17199,25975,93487,0431,4629,3740,1747,281,20
DacNong,16-09-2017,604960,81314,12440,84652,35029,23115,58311,89505,16393,03496,58577,87937,6126,3967,3757,5501,904,09
DacNong,09-09-2017,690575,03073,36195,06348,49946,62946,73812,43350,29154,47588,92933,07206,6741,1498,7044,3547,757,06
DacNong,26-08-2017,811766,92026,50765,20313,17004,22134,38657,41264,63088,00753,61783,84448,7383,4637,0979,8423,229,94
DacNong,19-08-2017,437079,44987,02873,39406,48383,35859,62766,66777,85176,05162,84630,09335,3829,1515,2375,0533,692,20
DacNong,12-08-2017,390662,32438,91589,35904,73968,37101,82524,11195,77317,40141,01428,76593,0787,0471,2720,9262,743,71
DacNong,29-07-2017,082160,93663,39471,12248,20001,24188,72880,52500,39564,04159,05622,42285,8787,4794,8611,6505,389,77
DacNong,22-07-2017,164150,25351,69931,53490,41082,52927,65078,28768,63027,39515,99408,68185,9331,6956,7569,6765,233,89
DacNong,15-07-2017,310860,32965,69814,34817,85780,80076,28827,68339,06290,58040,33198,53121,9569,3074,9965,1651,253,35
DacNong,08-07-2017,404867,37881,85835,23862,60935,67512,78510,65947,00101,56106,79630,79098,7648,3569,4006,4687,371,49
DacNong,01-07-2017,535935,98975,07699,56153,80530,82580,71699,22738,22557,80218,20724,96249,2994,5137,5124,4831,091,26
DacNong,24-06-2017,532036,76857,45360,27351,42633,05361,86996,84820,44290,48846,62360,80115,3070,2688,9996,9167,361,85
DacNong,17-06-2017,846775,18915,42891,06043,34287,00070,29012,01238,76159,55866,42552,09562,1003,9857,2466,4849,036,05
DacNong,10-06-2017,999738,57425,56066,94774,17699,18271,07941,72458,55577,91733,03734,01837,5413,2003,5262,1287,119,21
DacNong,03-06-2017,815146,60096,03871,25135,52338,96951,70243,68342,93363,43636,20045,95671,9644,5073,4091,9169,687,00
DacNong,27-05-2017,391691,57314,18693,37988,18553,16597,01599,97823,98667,88306,68791,44950,1585,2497,8655,6367,777,60
DacNong,20-05-2017,381449,78585,89813,19789,30060,48626,28300,73661,94120,73443,52676,25650,8619,4733,3167,5821,947,86
DacNong,06-05-2017,257678,91081,62402,54264,42630,39532,41020,59943,55831,42724,71486,61536,4684,2696,2275,8814,800,22
DacNong,29-04-2017,526172,24770,69456,32211,73418,29593,24807,77242,53875,94070,83435,87741,4740,2151,9241,9241,298,37
DacNong,22-04-2017,076175,50624,32042,78052,62115,80232,65212,83152,70901,19467,38710,21685,1542,6732,9636,0160,889,33
DacNong,15-04-2017,734800,74349,20067,53828,84628,72103,56876,80886,27452,32575,96241,39400,2305,1694,6636,7914,729,93
DacNong,08-04-2017,482442,96226,58903,09061,33615,41724,80482,90738,03924,09853,46351,97802,7831,4005,6255,1556,654,25
DacNong,01-04-2017,734681,60349,39177,89068,13589,04005,12246,24929,70650,41668,08286,95166,9606,5318,6299,6532,879,12
DacNong,25-03-2017,97987,95823,63916,58240,26422,88097,01670,33238,72801,66711,97905,70854,1691,7385,3549,6514,956,32
DacNong,18-03-2017,12401,32466,62466,68807,38334,22964,97209,14642,35807,21339,64182,57648,9868,4235,9229,8107,276,70
DacNong,11-03-2017,72151,89915,35568,66274,70244,07457,80513,29462,63752,62648,76556,67614,5436,4821,5108,3279,399,23
DacNong,04-03-2017,33936,57957,11778,80136,10173,54582,65510,45947,79064,47058,58160,23184,0741,2643,8897,2419,473,77
DacNong,25-02-2017,61732,41791,10194,30931,14755,08572,57448,33179,72567,60425,02783,54662,5957,6448,4753,9931,308,57
DacNong,18-02-2017,04023,35523,31393,87527,28424,50688,03906,75089,04767,91839,50435,69304,5689,7492,3003,3186,394,16
DacNong,11-02-2017,85444,77862,00130,76354,51941,32585,88203,17040,65845,25604,65278,91401,1487,8109,7155,4966,117,51
DacNong,04-02-2017,49991,49239,52426,80999,55376,58945,77549,89461,11486,09361,06666,07529,5505,4782,1815,9766,533,87
DacNong,28-01-2017,76226,78056,01613,19499,94643,78658,20976,82161,74741,75909,20974,94010,9874,7888,8018,3823,763,17
DacNong,21-01-2017,23791,22193,33567,59016,51422,01435,88584,51396,28179,72272,67578,83847,4183,2713,7542,3307,381,41
DacNong,14-01-2017,82856,69047,78341,87273,80367,55364,80886,19403,04516,15181,88509,94382,3507,1631,6120,9051,313,60
DacNong,31-12-2016,98091,84651,63959,65576,12609,15704,52309,42717,81301,56133,80583,01302,4610,3395,1155,6771,442,31
DacNong,24-12-2016,33237,85362,30512,16909,25316,84672,12143,21681,03497,42318,48797,00077,6724,3461,8736,3769,572,02
DacNong,17-12-2016,27418,31759,40346,32006,73945,72624,03602,47481,13361,69423,60422,79311,2627,8997,2718,6340,675,64
DacNong,10-12-2016,62775,33279,69422,99814,41190,01924,15706,04836,77635,68366,75479,09682,3244,1201,6443,7203,850,91
DacNong,03-12-2016,66718,36360,24217,02642,51196,64589,75517,70345,82230,76509,07221,79539,7891,5183,7425,0541,551,43
DacNong,26-11-2016,41144,32999,54329,41185,19919,93285,42799,71250,95909,21101,41545,25179,9888,5408,8640,7932,419,96
DacNong,19-11-2016,18817,47306,18228,42729,38455,95764,06076,99388,75802,61924,38803,30105,8771,0652,6315,4224,785,55
DacNong,12-11-2016,50883,75242,60580,83251,96787,59029,63314,29859,41266,94549,53649,47720,1966,2336,2762,3417,526,95
DacNong,05-11-2016,62039,50456,28137,49953,01552,58581,86392,75241,60760,33944,39615,16117,3968,0997,8009,8392,838,05
DacNong,29-10-2016,71038,67555,44601,17421,58233,27337,19563,03091,37373,41832,99905,14554,5355,4620,7955,7453,234,39
DacNong,22-10-2016,06271,69740,82859,37105,77604,22751,81996,84656,21733,56419,80785,69322,1465,0785,7183,0127,285,04
DacNong,15-10-2016,86306,58552,33126,61622,53214,31691,81444,90740,00793,20648,16853,16471,6761,2093,7308,2782,897,35
DacNong,08-10-2016,89932,90345,83733,56141,37656,79645,48635,70391,61823,86787,92121,67296,7610,6629,1662,3677,572,48
DacNong,01-10-2016,98190,01929,50144,95110,66965,00956,38112,75839,70411,33927,34689,44621,3556,7923,3064,8887,282,03
DacNong,24-09-2016,58376,18879,82807,28173,28524,01857,66323,31265,50427,45147,11125,80836,4902,6430,1951,3244,124,53
DacNong,17-09-2016,10420,54106,44575,52605,69390,98526,67233,30797,81676,05015,59326,51115,9399,5984,6860,5962,860,62
DacNong,10-09-2016,61286,61401,82771,53512,11042,91468,99516,37307,56873,68809,21977,23533,9262,8618,0346,6380,814,84
DacNong,27-08-2016,82200,59865,70315,34166,67239,28095,64339,93646,95433,06307,48779,32936,4236,7442,9137,1936,132,68
DacNong,20-08-2016,37599,20604,61292,78918,08538,12624,72581,09433,99256,63139,93922,83203,1326,3829,9338,4195,417,55
DacNong,13-08-2016,77118,05675,20357,08601,86024,40873,28289,54877,32696,32887,70323,13971,0411,5165,5445,4686,138,18
DacNong,06-08-2016,16049,54726,20732,97903,02290,85070,35095,43215,73674,18688,08832,29422,1550,0706,3435,4821,917,76
DacNong,30-07-2016,17068,47830,35693,43585,13228,46110,54804,14562,84718,75049,78755,67651,5841,0553,9370,1208,892,15
DacNong,23-07-2016,35401,76660,24923,84876,44832,58658,05590,66647,61720,44496,11299,04904,3302,1298,9644,7205,739,14
DacNong,16-07-2016,82684,15252,13429,71116,15075,19837,83653,90997,57722,86200,19723,17372,3385,5827,9362,5349,699,90
DacNong,09-07-2016,25977,91155,75435,33927,14930,72621,88601,60438,63830,57415,77065,55672,7117,9816,2601,3445,722,65
DacNong,02-07-2016,73504,37180,13545,36937,64094,39628,57266,42084,92237,87318,20368,61797,3256,0983,0458,3422,516,31
DacNong,25-06-2016,97253,95532,50815,98985,13924,92196,37927,49929,10713,38265,74986,38528,6926,6512,6072,8119,039,04
DacNong,18-06-2016,27418,70816,53656,89001,46308,42782,36469,35994,60579,65797,84347,45676,3953,7079,7631,2592,805,48
DacNong,11-06-2016,41807,68639,24965,51388,99645,49046,14357,43722,32200,06878,45431,33358,6803,5847,3360,2568,702,47
DacNong,04-06-2016,61753,36445,30521,54015,61786,38003,90504,43862,15757,62779,46733,71294,0998,8625,4801,1701,716,72
DacNong,28-05-2016,50065,98018,61752,74348,61314,82751,73853,76840,93196,79321,33635,22223,4348,5795,3351,9648,919,45
DacNong,14-05-2016,53035,60374,22239,68747,56700,20247,68974,74304,73574,68301,24415,85717,9936,2601,6364,2014,964,14
DacNong,07-05-2016,96510,31566,67798,48411,91064,55388,30383,32800,03029,18648,61211,62941,5498,4519,4028,7929,446,41
DacNong,30-04-2016,44557,92488,21801,51224,11590,92176,83961,55086,58023,62346,78618,33330,8072,7224,4171,2422,311,28
DacNong,23-04-2016,38793,86986,35106,42217,88368,78558,77986,16191,41789,28808,61054,11041,5366,7005,3594,3893,223,42
DacNong,16-04-2016,83698,48072,96416,26088,34312,43636,25368,41230,02550,89146,07061,84492,3103,1010,2157,2084,031,86
DacNong,09-04-2016,78018,91575,07422,84280,76523,78901,26649,59057,43900,18103,88602,14975,7742,6050,5498,5613,705,75
DacNong,02-04-2016,57504,18945,56156,45614,57082,93795,28382,22341,01397,22776,24573,10830,0102,9399,9903,4961,078,20
DacNong,26-03-2016,573523,36407,24120,55787,41222,47478,11851,68036,18332,71691,16491,46486,3348,6547,6331,2773,729,54
DacNong,19-03-2016,944239,91447,91425,92700,79254,62470,57336,50284,36806,42522,55157,63241,3479,2958,7856,3255,641,82
DacNong,12-03-2016,887419,32395,91444,36902,04787,39912,51605,67588,03214,54332,27375,45427,4887,7974,8962,7837,489,34
DacNong,05-03-2016,585362,54143,12278,36747,24541,83079,05026,99520,79020,03261,86999,09069,3798,8345,3367,3222,643,72
DacNong,27-02-2016,706594,77147,83593,05885,41938,53127,22872,16489,07408,73577,74445,82074,1219,7009,8705,2045,259,24
DacNong,20-02-2016,874838,89156,95160,19661,37511,68990,48058,50173,37934,70694,57232,90893,3042,0336,8961,3147,167,36
DacNong,13-02-2016,278773,99125,56858,88941,84930,73284,97844,33585,80953,14393,49325,93980,6313,5183,7414,9816,127,86
DacNong,06-02-2016,600189,80771,33592,60958,01890,29158,00445,81415,44977,26762,69587,15219,2471,2474,2065,3393,213,07
DacNong,30-01-2016,866260,06068,88209,91184,71797,23062,17873,42125,46679,24074,92701,03711,5700,3560,2755,1695,623,52
DacNong,23-01-2016,154910,72350,19160,97921,38308,09825,43986,85703,99580,76121,87824,78754,7624,2664,2609,8844,319,56
DacNong,16-01-2016,354018,02585,18445,26792,30548,55029,48337,46129,04948,81921,31923,62179,3380,1873,5240,4155,180,66
DacNong,09-01-2016,669026,65243,83316,34540,97773,36603,28477,03968,65557,57383,18592,63231,4889,8219,2540,2792,919,80
DacNong,02-01-2016,297517,06377,47187,72099,05013,11404,14830,83191,86867,07499,45846,79509,6355,2086,6886,0276,089,33
DacNong,26-12-2015,878738,21311,36216,13191,93166,49935,98791,75930,64439,46498,01324,61016,0505,5976,5259,4461,358,16
DacNong,19-12-2015,127121,68195,65332,51364,62600,33694,30266,14315,00178,25537,45836,19740,4300,4886,4822,1906,741,98
DacNong,12-12-2015,516525,17707,51731,90574,01129,35942,04165,92514,51407,88133,76809,61294,7075,0105,8657,3447,932,21
DacNong,05-12-2015,928136,81327,24295,90378,22130,93866,25571,69484,93996,85568,95543,11665,6000,8535,3666,7111,542,47
DacNong,28-11-2015,270912,42465,23211,22659,78629,44392,05255,50874,73117,39819,96897,50832,7988,5533,3388,1805,437,25
DacNong,21-11-2015,150821,04494,93294,43755,00191,19402,78036,44688,81806,08322,22654,43575,0666,2549,8266,1389,586,60
DacNong,14-11-2015,740287,42065,22235,07603,11620,08805,73325,20266,00972,68112,06848,10544,8955,6654,8931,4500,835,74
DacNong,07-11-2015,184131,60654,33065,93280,64314,65660,33367,06669,30429,20619,97768,82149,6897,3492,5421,0397,147,37
DacNong,31-10-2015,04858,98215,68828,74245,98534,29175,44472,45179,25132,76306,58927,65497,1781,1916,6078,7990,339,01
DacNong,24-10-2015,79075,79893,15374,98649,62039,44886,17712,19967,91765,78670,08295,08791,3053,4003,3257,2828,345,56
DacNong,17-10-2015,00831,00154,18869,00946,39607,45171,12555,04351,63586,57703,74050,71287,3873,6314,6922,9779,763,17
DacNong,10-10-2015,538966,99392,81544,94052,00830,53291,55486,47074,94797,32423,82386,59825,3601,6057,0302,8287,472,57
DacNong,03-10-2015,79282,77920,54507,85935,24522,59637,89617,49944,56118,28821,14857,17357,4753,0995,1187,7639,526,57
DacNong,26-09-2015,53042,09863,88548,69194,36191,42761,52560,07175,82663,66691,17909,44929,5563,1529,9647,1990,487,21
DacNong,19-09-2015,41366,61097,74339,70265,64377,85951,59662,35706,07366,02047,52819,40009,0115,3871,1728,6794,647,75
DacNong,12-09-2015,24548,35051,83310,66406,36208,82732,69583,99730,66694,53967,31808,58685,5683,4659,4406,7832,134,83
DacNong,05-09-2015,43256,95468,19376,37359,01703,11213,11070,85188,15744,17851,86001,34884,3409,2486,9245,4580,817,87
DacNong,29-08-2015,90182,86298,51615,16563,20770,92548,55135,72346,15902,25106,60017,30266,2516,4404,5207,1330,599,18
DacNong,22-08-2015,64785,27924,82827,55295,92553,54714,36968,91792,95293,67113,72756,59030,7755,8421,7620,6370,705,00
DacNong,15-08-2015,71134,86846,56342,19293,10100,95200,49243,63908,99933,34260,06565,79159,7802,8290,8837,1805,680,63
DacNong,08-08-2015,19448,76554,21645,73783,55637,55847,56927,97859,31353,82208,23464,96299,3181,8328,0870,0333,666,31
DacNong,01-08-2015,93201,88816,25822,44835,30476,98765,88237,58540,77914,53693,41079,41623,7843,8092,3304,3154,232,45
DacNong,25-07-2015,91339,16237,72795,22957,72715,41895,72761,23850,08400,93314,05288,91188,2800,3186,6299,6667,789,74
DacNong,18-07-2015,59086,27950,96654,04048,35350,80413,42514,64954,51542,51094,79885,22351,0627,7722,7951,4339,354,11
DacNong,11-07-2015,69379,61690,63527,43978,78964,30596,54891,03458,80166,36129,98895,00607,7050,8660,0368,7965,495,27
DacNong,04-07-2015,03063,08090,54496,33462,64170,42286,05978,49748,62311,21722,22911,53905,8373,3376,3981,9451,505,80
DacNong,27-06-2015,62753,55159,79642,99487,00615,17290,41604,67213,07238,64706,23951,17528,3716,7644,1514,9138,386,96
DacNong,20-06-2015,96838,34659,60163,31015,38063,11655,19516,58270,99376,52436,26726,14699,3955,5875,5304,3167,447,01
DacNong,13-06-2015,63722,58964,06693,89659,01606,14194,18565,58869,36899,16515,53441,86624,3263,9705,2642,7913,700,14
DacNong,06-06-2015,87167,89476,71485,45576,58904,40184,04364,91453,48742,10834,41420,58348,5211,4861,5856,5750,640,63
DacNong,30-05-2015,46701,42455,93487,05794,86629,86284,75249,14639,52639,09911,20723,79377,8900,3446,2013,4530,647,44
DacNong,23-05-2015,69897,94028,09645,73282,99798,27852,00439,30824,10586,99035,54091,97224,5792,3142,4602,6371,796,15
DacNong,16-05-2015,04885,28175,13928,86866,59639,72884,96144,95709,97393,49888,09145,05922,8663,6149,2004,9934,073,55
DacNong,09-05-2015,82423,89127,65273,98660,81471,12392,21826,29190,97867,35493,94346,31382,4189,9646,0859,3238,856,52
DacNong,02-05-2015,94040,60732,06746,14375,17325,71481,44839,43615,77214,54855,98617,26549,8607,3999,8939,2163,196,07
DacNong,25-04-2015,42314,94134,19649,84866,91114,46345,14898,84247,69764,96261,93264,14354,7955,1437,4706,1781,051,39
DacNong,18-04-2015,26250,00941,89768,85357,29846,52712,61934,35599,03730,74168,56655,97067,6674,6127,9752,3728,565,13
DacNong,11-04-2015,37399,71089,55379,22719,27459,89836,56407,18881,95668,38191,98884,18424,5756,0889,1677,7605,572,33
DacNong,04-04-2015,71056,15551,90883,94232,99759,94299,54128,39462,28086,38539,68650,70817,6569,3435,2892,8264,732,54
DacNong,28-03-2015,32851,79322,55018,49259,21230,23528,58677,25061,90117,29508,70877,49040,8341,1720,2038,8242,315,47
DacNong,21-03-2015,79822,55087,68792,98230,52144,00861,72420,36613,76407,72265,31495,08212,9078,3868,3277,6435,498,02
DacNong,14-03-2015,76361,22466,99335,81755,42497,16537,05319,45025,24388,29135,55539,74953,6938,2771,6299,3976,854,08
DacNong,07-03-2015,91322,98532,01460,94334,78040,93248,97644,95821,54718,15070,60025,16319,4466,9413,6492,3197,359,93
DacNong,28-02-2015,72635,76111,02071,71003,30284,56311,06632,48169,24839,90607,23677,54111,7309,3271,9589,1935,371,47
DacNong,21-02-2015,69714,09943,99158,93018,14018,63200,71426,51783,51799,57229,84910,32754,2345,1408,9118,9180,286,43
DacNong,14-02-2015,29833,30460,00871,63228,75441,06738,53024,39755,68053,61523,69075,99021,9283,3989,2462,9525,705,21
DacNong,07-02-2015,02501,25576,55532,35743,97068,22776,60181,36853,48548,02624,72161,62231,0730,8732,1881,2836,256,65
DacNong,31-01-2015,98260,77520,68224,42320,54676,31573,88790,71198,29162,04537,75070,28411,0784,4414,0571,9512,547,73
DacNong,24-01-2015,01112,31436,43796,08415,87196,36957,77088,80047,07772,83935,67038,25389,3731,4411,1244,9770,928,66
DacNong,17-01-2015,24892,96806,31782,84834,66867,34727,21742,58811,60896,22511,95094,69376,7447,7667,0495,5679,304,48
DacNong,10-01-2015,62284,82432,87955,43914,48260,04273,47434,89191,30947,55042,29485,93696,3185,8435,4920,3593,403,47
DacNong,03-01-2015,45214,74313,05502,16678,31884,61647,30950,41826,18250,12705,85374,87580,4237,9692,9495,9184,707,89
DacNong,27-12-2014,31726,34680,20497,88733,63428,45147,52445,27528,72175,08777,92434,98961,8272,7740,7787,6599,138,47
DacNong,20-12-2014,83017,91762,19111,36794,86047,58585,88461,38240,02903,42887,74719,24187,9985,5870,7670,9421,040,92
DacNong,13-12-2014,95022,97684,06372,94062,10251,86783,04896,20541,41263,31378,83211,14038,8165,1349,8516,5803,092,50
DacNong,06-12-2014,41312,72326,89777,18417,31713,87722,78781,97056,25375,59019,00333,62594,6397,3828,0144,1847,190,30
DacNong,29-11-2014,27192,98999,77221,20964,93534,77535,22369,23669,09072,70250,28965,18174,4456,7876,8884,3794,004,62
DacNong,22-11-2014,69310,53433,60982,01554,03638,04584,94838,04124,65619,66963,04075,62496,1211,1816,7181,1274,159,91
DacNong,15-11-2014,31439,46986,74936,21028,62592,25331,98525,32209,25930,04155,06036,25706,8330,3533,7611,3121,808,92
DacNong,08-11-2014,40560,00554,56959,60817,77509,01953,86435,35955,37940,38564,88648,82099,5183,1575,6310,0277,526,85
DacNong,01-11-2014,79338,37263,57658,24156,86624,14156,88511,97168,08201,39908,92692,31691,9100,6883,2788,5952,978,42
DacNong,25-10-2014,12571,31485,68680,66631,96861,63679,05035,05533,18541,44932,66595,94416,0368,9211,6900,5418,183,04
DacNong,18-10-2014,81947,97707,79563,18375,42478,90863,39604,98939,46589,69313,21438,70611,3150,3567,5298,7898,161,59
DacNong,11-10-2014,68486,31445,50639,39768,55104,95817,03562,44318,13598,79002,59748,28525,3937,0688,7100,5718,198,76
DacNong,04-10-2014,35864,71027,56067,39910,83188,62763,73302,43657,22198,32074,56703,43939,6108,5362,2606,2031,414,74
DacNong,27-09-2014,51080,65244,81637,96558,69430,18470,01422,09991,75119,98009,12674,82186,5016,2948,3244,0075,159,74
DacNong,20-09-2014,13328,84147,27230,97022,70396,69764,31144,76021,20061,32473,52000,53347,0949,1419,1104,5076,840,39
DacNong,13-09-2014,82464,71996,61876,03642,50751,84835,39232,50305,80605,46650,25755,58684,0326,4967,1777,5474,795,37
DacNong,06-09-2014,86129,87730,58031,68168,59255,29108,25792,09750,53101,54954,98066,48939,6536,0785,8813,5490,386,78
DacNong,30-08-2014,95573,18943,94185,26057,96402,45703,99128,29333,98560,70822,77078,47087,9568,2556,4212,7411,662,96
DacNong,23-08-2014,63216,20794,17911,29054,66044,14017,99668,63711,51136,21612,69686,55943,5517,0198,9611,6916,424,59
DacNong,16-08-2014,69973,39312,09329,09644,30506,30582,52951,69796,05914,24590,66649,20547,8395,5989,9599,0995,891,27
DacNong,09-08-2014,78913,62391,03316,77626,85531,44400,18590,87356,63091,12613,54476,06762,6634,5109,9633,7955,628,68
DacNong,02-08-2014,02967,19801,07700,54184,24606,90983,13568,14749,27058,91949,18431,83573,6560,3810,7037,6327,666,49
DacNong,26-07-2014,25243,03464,49695,97771,02371,48787,52095,22274,84916,56806,50194,51042,5864,3825,6529,6636,453,71
DacNong,19-07-2014,69822,81765,91468,53508,86961,05718,44887,62166,59898,02986,24345,93445,3530,0680,9110,9747,772,95
DacNong,12-07-2014,81408,69098,50105,38356,34327,42941,78793,65317,62639,62121,67729,56984,5074,2162,5762,1391,873,34
DacNong,05-07-2014,11149,74399,78538,33284,68781,92555,97460,59533,07302,68947,82235,65552,5364,0810,8202,1934,917,58
DacNong,28-06-2014,74534,02589,28886,88092,98767,62203,24725,27842,79546,41903,38354,00667,9743,2576,1637,0844,510,63
DacNong,21-06-2014,17960,96904,06551,28763,16043,09439,17404,29711,16257,85024,29060,18615,4296,4535,7078,1789,380,92
DacNong,14-06-2014,03121,85819,59180,93854,89315,11720,11031,99676,81747,64513,27223,19777,8644,5021,6977,5786,904,42
DacNong,07-06-2014,20850,03258,63128,90513,17707,20436,80591,07117,77267,74233,22186,01470,4544,1975,5795,5691,184,39
DacNong,31-05-2014,77611,24930,48098,35717,99806,69697,08735,39879,60683,20276,04479,78100,1197,8349,8112,1375,497,81
DacNong,24-05-2014,88987,44930,84531,08639,43978,52255,55017,17907,71001,20773,90153,04664,0525,4984,1452,0353,498,22
DacNong,17-05-2014,03102,71455,26577,27319,12883,29318,83475,29478,48927,99702,79125,93718,6833,3117,8726,2480,136,33
DacNong,10-05-2014,86257,94660,30555,31305,33165,79191,45019,85072,13232,61264,54627,41766,4374,9013,1710,4521,796,64
DacNong,03-05-2014,61882,08382,24483,80394,89250,66460,80352,94656,10504,43776,62951,59955,5341,5153,0580,4820,181,36
DacNong,26-04-2014,64243,60122,40720,32147,25822,35258,95801,56555,53843,45729,82127,38125,5504,1841,0618,2092,073,38
DacNong,19-04-2014,70358,79149,41381,71969,80500,14134,32892,52918,70822,08433,03284,46656,5564,4954,3492,2153,301,20
DacNong,12-04-2014,65464,09041,54988,50661,05796,99923,49795,04432,36185,51460,59654,54284,2058,1045,7683,6064,178,10
DacNong,05-04-2014,51970,46318,41498,54738,16769,69539,07334,62654,58948,42320,75722,51237,3689,1411,8493,9197,885,02
DacNong,29-03-2014,93707,13311,00116,97498,28977,01586,56351,25568,90629,14596,93596,38110,3629,8119,9432,9063,653,76
DacNong,22-03-2014,89628,94604,67989,64831,88228,25253,09237,98678,24873,82617,08931,78183,4288,9476,9090,5350,427,23
DacNong,15-03-2014,47948,14265,74106,43183,63490,65621,05254,19146,67165,16512,17364,61443,6168,0607,2393,3125,200,84
DacNong,08-03-2014,50866,58134,68944,36084,72965,71339,96918,66779,49427,72438,58711,66406,5447,8868,3732,4165,228,41
DacNong,01-03-2014,43153,09671,04809,83814,03376,29184,57622,99822,83278,35883,29153,99083,3448,3285,4629,5201,269,34
DacNong,22-02-2014,40018,20375,97531,48227,14246,29888,42226,01588,65912,48187,00986,42592,0411,8031,1597,9910,474,32
DacNong,15-02-2014,23142,97299,81678,28153,57505,66828,18187,20464,06506,94505,99539,70800,9422,7380,0646,8155,410,59
DacNong,08-02-2014,33637,43832,15815,75406,11454,15426,25998,90798,63385,17741,41284,45099,9317,3997,3036,6584,965,28
DacNong,01-02-2014,67589,57862,55166,68052,33390,92336,94316,60977,17816,49958,13677,20449,9494,3155,4360,7895,132,53
DacNong,25-01-2014,78586,34134,44449,65546,24296,70872,27250,00286,25012,70259,01966,55169,9875,9508,7323,3253,798,32
DacNong,18-01-2014,87349,50048,86804,43469,36062,97741,81158,78467,19754,80160,54189,58388,7683,4090,6691,9721,562,35
DacNong,11-01-2014,00958,76859,81793,55223,19609,01552,69912,90010,94679,52770,19990,63439,3199,1732,9659,3835,256,63
DacNong,04-01-2014,10649,20161,72798,24750,71126,32314,43596,80648,40126,45966,74197,93200,4242,3066,2759,1916,635,65
DacNong,28-12-2013,67449,04289,98410,03883,60266,56298,21995,05554,39906,01938,41749,49100,0093,4958,5474,4489,350,98
DacNong,21-12-2013,23913,43481,86418,33753,82579,69024,61454,52270,68431,43414,23569,56063,8881,3328,3514,8396,080,56
DacNong,14-12-2013,80548,69047,19798,30748,39396,13664,55689,55294,05008,30695,82634,78212,3235,5543,2324,1485,224,65
DacNong,07-12-2013,92986,59726,44706,69387,09580,44278,87314,43502,85444,99980,14256,66724,0791,7654,8534,5305,372,36
DacNong,30-11-2013,70352,38077,93277,71251,67833,33739,41465,46110,77779,43049,99179,91024,3847,4111,3383,8011,604,90
DacNong,23-11-2013,12108,22637,55415,47457,09013,74967,28400,79009,08115,70599,71134,75409,3859,3939,5163,3819,917,15
DacNong,16-11-2013,06977,17244,61789,26217,70169,99047,52778,96997,19230,75061,93122,45862,3060,9339,2047,1316,945,90
DacNong,09-11-2013,17063,24554,81429,95396,18007,40955,90591,97457,64559,51727,29456,75215,0623,1663,2196,0987,453,34
DacNong,02-11-2013,97221,74836,47134,54715,72084,46222,17923,22071,31444,45108,56939,50944,8010,4487,2471,2382,072,99
DacNong,26-10-2013,77713,24798,28887,44214,48881,71570,68743,04972,98744,85596,82125,92068,7006,5556,2621,4315,434,44
DacNong,19-10-2013,02940,87732,46568,39845,63766,22906,39174,45543,08225,00851,57438,36461,7398,8969,5648,6149,654,70
DacNong,12-10-2013,74788,46947,52149,90661,07332,44538,86504,39679,93373,50595,52714,24662,8007,5347,0903,6637,828,97
DacNong,05-10-2013,89245,48162,80563,71202,17525,05415,37715,09777,50255,12110,76002,15189,4779,8441,9242,4173,960,53
DacNong,02-10-2013,40916,08984,67559,23675,23738,20955,92429,53985,41819,18646,54833,16661,5599,0753,6284,7199,661,69
DacNong,01-10-2013,40916,08984,67559,23675,23738,20955,92429,53985,41819,18646,54833,16661,5599,0753,6284,7199,661,69
DacNong,28-09-2013,40916,08984,67559,23675,23738,20955,92429,53985,41819,18646,54833,16661,5599,0753,6284,7199,661,69
DacNong,21-09-2013,32999,30713,57246,46932,13731,77685,63690,92934,75156,63791,59045,70974,2458,8467,9217,8053,969,10
DacNong,14-09-2013,58230,35414,76337,07790,24467,25808,81307,74818,37060,53540,26425,51592,5418,3487,8572,0838,626,74
DacNong,07-09-2013,40994,80570,76964,36613,57561,73358,60163,19806,28884,01331,82206,83146,8884,0353,6983,6973,234,40
DacNong,31-08-2013,72719,64807,44545,89258,87751,76394,02895,20638,01092,37480,91960,39191,9786,6040,1961,3199,499,09
DacNong,24-08-2013,81135,37601,17518,55455,84003,13143,92200,05593,75462,92753,91095,92320,5821,7779,1401,7725,011,03
DacNong,17-08-2013,99553,11166,02147,31624,48300,14449,51968,59409,67188,52349,91043,23962,4852,6029,8168,0374,849,86
DacNong,10-08-2013,88705,94290,84642,21781,32369,85970,03865,37679,72874,22399,09731,80003,8026,4847,6702,6862,966,50
DacNong,03-08-2013,19678,09394,62962,78172,72406,43971,34832,59942,92960,11868,66825,44786,4704,6166,1726,0729,987,82
DacNong,27-07-2013,26640,22784,66620,46595,23037,74487,87534,07777,98347,82638,72730,81752,4303,0784,6244,1882,299,82
DacNong,20-07-2013,46641,27051,41814,28556,91665,99807,07433,50250,51296,30897,80601,36565,3415,2180,2659,1741,052,88
DacNong,13-07-2013,80133,94197,11379,52597,48966,97357,63585,00966,64632,21533,33240,24823,9093,3955,3531,8691,861,30
DacNong,06-07-2013,18714,51572,70259,21638,55127,88936,50334,25223,47213,04701,22777,07034,0210,2522,1369,3889,741,62
DacNong,29-06-2013,92524,94312,10743,04440,30541,89196,67550,90105,28003,28503,52545,38285,1940,1569,8177,2040,643,60
DacNong,22-06-2013,39590,64634,47742,23841,17172,29956,04774,34436,20589,29298,43832,17838,7512,9763,0686,3730,839,51
DacNong,15-06-2013,98910,80678,06845,76322,65948,01545,60550,81713,62748,53895,23831,96104,2827,8977,8314,8116,116,83
DacNong,08-06-2013,98860,49654,05324,88002,99105,13291,04514,15470,45701,13361,03159,56896,7325,1434,3196,2696,355,83
DacNong,01-06-2013,09740,89389,71469,68466,49135,08399,91913,30585,36658,85937,76698,39230,0198,2035,0052,6723,064,21
DacNong,25-05-2013,55166,22468,27928,24102,78693,81910,57642,84247,39835,77681,80250,15718,7919,3699,6238,9733,608,37
DacNong,18-05-2013,94824,32381,89253,06921,53127,61650,16094,05258,65560,07028,96984,06943,8744,3005,9616,0827,607,56
DacNong,11-05-2013,08667,53361,76456,26302,26171,82436,20833,77892,05009,17875,37765,55468,4283,1616,8039,4040,838,54
DacNong,04-05-2013,46492,45842,14165,09240,77218,63410,00220,35944,14623,66270,01737,20069,8897,7371,5702,6272,522,64
DacNong,27-04-2013,80793,62424,67042,69233,82364,41302,91362,43280,27742,15707,43974,47397,5582,3891,9507,8256,978,01
DacNong,20-04-2013,22640,82222,46416,30800,30478,22436,63051,78618,37006,90070,96329,74372,2589,6871,1990,6491,579,48
DacNong,13-04-2013,29339,26123,50784,50920,48377,35668,61801,01393,97200,74483,94143,89869,6037,2767,1542,1604,234,49
DacNong,06-04-2013,75699,47640,69800,81835,00107,32290,53131,87857,11151,89745,59217,03643,6949,6128,7424,7198,079,45
DacNong,30-03-2013,07446,08822,28352,91981,70892,39394,61896,01797,85552,48376,66888,52674,1321,1412,2956,6420,739,89
DacNong,23-03-2013,60987,24202,06793,06270,59258,18127,08138,51661,19926,51441,00733,44966,0811,2200,0194,4353,250,79
DacNong,16-03-2013,98058,56913,15451,80733,75159,44548,18013,55462,39694,88360,59990,41195,2646,9082,0970,9767,648,12
DacNong,09-03-2013,72123,56856,67214,68905,10522,32754,27281,54275,40078,56187,49392,63736,3100,5659,5545,0846,755,90
DacNong,02-03-2013,85621,20511,15704,75092,56245,27351,93449,63489,31182,13943,59870,12074,4955,9005,8172,8303,813,30
DacNong,23-02-2013,69890,64066,82424,92772,15876,31674,46568,82007,64854,61499,17474,45986,2439,5556,7505,9057,378,53
DacNong,16-02-2013,35269,61250,98604,58293,06692,75763,71922,80215,16183,62176,09552,22807,2399,8441,0262,5907,012,34
DacNong,02-02-2013,10353,09874,59189,45798,24939,99393,78931,07375,51101,25779,08187,41205,1027,9068,1530,9018,265,38
DacNong,26-01-2013,43679,51845,60921,93217,87954,39875,51050,28163,18768,16295,33334,28661,8586,2074,2796,2054,775,25
DacNong,19-01-2013,89226,87316,03515,99206,33336,91516,32833,88443,46106,81703,24793,50160,5993,0226,9321,3452,883,28
DacNong,12-01-2013,83027,36147,68308,52590,34070,06887,10293,17462,43480,69573,13357,99434,3439,1183,1950,7039,450,52
DacNong,05-01-2013,89001,04152,64417,64871,69875,92628,28832,43487,41782,17861,88713,87744,9742,0518,4234,0621,007,01
DacNong,29-12-2012,03568,78450,20109,46057,96707,39199,87325,25441,13422,36646,98387,91379,1476,7422,0715,9576,987,32
DacNong,22-12-2012,62785,39993,37287,32087,39698,88792,63938,65929,57320,34615,96078,80658,9675,2921,3273,1014,666,18
DacNong,15-12-2012,34479,27096,02470,62265,00873,61795,41278,28977,71748,92740,13103,86541,1303,8324,2294,6864,775,53
DacNong,08-12-2012,20705,07595,35628,57260,28089,92586,05992,70664,87010,88982,75134,88492,0055,1462,3165,1554,201,28
DacNong,01-12-2012,38626,79030,69224,63176,83026,67246,45464,08126,62871,85627,06610,77198,6986,3027,3290,3520,899,07
DacNong,24-11-2012,27836,05418,76320,75267,05948,93757,46725,63025,17585,83305,78332,23494,5612,9027,5470,1653,088,55
DacNong,17-11-2012,97291,58707,33963,38553,65108,87932,28205,27843,36368,79843,80469,91321,6981,7521,9540,4192,932,43
DacNong,10-11-2012,96208,10244,27137,43912,87872,97262,82506,45281,33471,27160,18756,63025,3435,5845,0501,0021,844,17
DacNong,03-11-2012,69165,65235,71550,31806,33983,99109,06974,00146,38000,81418,59883,36286,0018,0963,4766,2426,408,48
DacNong,27-10-2012,34960,58903,68749,32248,70708,67826,39309,48456,12588,20347,77647,47269,1164,1990,3316,9711,417,49
DacNong,20-10-2012,67095,70099,23943,32362,34879,64055,55096,74167,83616,16838,35941,66965,0208,8618,7057,0013,469,18
DacNong,13-10-2012,87436,00429,43365,28790,46558,87670,32565,11978,58439,93015,88335,33694,3835,2070,9951,1123,980,34
DacNong,06-10-2012,17948,83073,21420,88279,85353,58390,45198,00786,88268,76963,66952,90513,9662,7269,3487,2295,149,18
DacNong,29-09-2012,69895,25799,82486,92208,14930,86300,20109,89792,78693,22742,89257,60648,6238,6878,5782,8786,211,92
DacNong,22-09-2012,54542,51776,90946,53587,30226,65444,54040,31842,25783,43559,80383,08783,4298,4263,3536,7280,554,62
DacNong,15-09-2012,00563,89245,58050,65759,96274,00522,36924,49165,82592,93852,57627,53433,9931,0014,1317,1785,818,70
DacNong,08-09-2012,49679,69084,54018,12993,51985,88833,65837,72775,73217,78105,69207,99751,3542,9010,3807,6094,000,54
DacNong,01-09-2012,67598,00345,13897,02237,62435,05716,29603,75443,30832,96649,78001,30263,3875,4027,0863,8093,768,03
DacNong,25-08-2012,05166,61190,84000,31192,90513,40237,92763,85846,85471,58872,47727,57789,9707,0456,6024,6188,653,21
DacNong,18-08-2012,98433,59045,34388,75653,77360,73155,53184,20141,77594,55404,02382,38662,8463,5514,1097,3234,192,19
DacNong,11-08-2012,30510,44830,77466,38890,01216,67291,51139,26717,52182,99014,20377,79015,4011,5480,3969,6685,793,74
DacNong,05-08-2012,49415,18260,83818,36240,19720,09379,40939,55771,49180,58860,16085,18513,3441,4356,0161,6434,668,48
DacNong,04-08-2012,49415,18260,83818,36240,19720,09379,40939,55771,49180,58860,16085,18513,3441,4356,0161,6434,668,48
DacNong,28-07-2012,48090,13066,32797,17999,52054,18063,65979,40433,65451,52492,39113,11333,9319,7869,6863,6245,752,98
DacNong,21-07-2012,08178,96604,04176,45902,44477,54210,57602,08733,53579,02575,52909,22742,3088,6004,1069,6379,277,99
DacNong,14-07-2012,81831,68946,50453,32034,91069,53979,25564,83269,37755,42161,34487,85788,1628,0920,5397,3861,280,61
DacNong,07-07-2012,03397,88309,45185,08051,80038,75016,23670,07976,27810,25919,81619,11428,7937,5960,4615,7966,725,64
DacNong,30-06-2012,26849,03844,85120,78388,45711,11470,84826,84069,74960,41594,00699,90468,5779,6409,5939,8140,386,44
DacNong,23-06-2012,70801,48103,94149,18545,41629,59065,40419,08150,79604,25158,31473,37598,6561,2853,1047,3087,273,90
DacNong,16-06-2012,58909,86172,53057,46073,05109,38501,84003,45045,64750,43464,57149,69861,5097,4877,4578,3716,312,27
DacNong,09-06-2012,47358,95363,08176,36599,76497,46687,46141,62167,35729,14630,42478,04529,6644,4854,4024,1237,893,17
DacNong,02-06-2012,94475,02442,81513,62709,77807,11564,89644,75043,59844,91559,11525,77209,7885,5617,5387,2469,138,06
DacNong,26-05-2012,63104,33143,08443,32628,49571,71317,66369,75168,53345,52637,63092,33178,5272,4870,5176,9581,896,25
DacNong,19-05-2012,99214,20253,26171,43790,37961,67527,71963,95757,18707,24672,52894,92681,2473,0069,5854,4674,589,69
DacNong,12-05-2012,91000,47743,89757,43112,09905,53676,99557,58313,76274,37076,82060,21111,9778,3848,9041,9171,737,77
DacNong,05-05-2012,24495,68038,32380,67654,81151,86554,53976,03373,64828,44847,34983,60621,0830,5574,1886,7608,848,81
DacNong,28-04-2012,34625,00869,79067,05326,00361,85748,51280,11240,06071,00260,03538,81747,3319,9420,0491,7017,144,36
DacNong,21-04-2012,65103,81728,82004,09500,61696,16786,50322,98854,55819,77171,09152,37428,1731,7071,0129,7662,819,26
DacNong,14-04-2012,12867,61357,50089,50760,11378,49733,92425,26940,97949,33652,11494,00189,1280,4076,4105,9121,996,12
DacNong,07-04-2012,66364,56158,42222,98064,10351,05943,46376,39262,60705,83084,82127,11023,9879,0883,2604,2655,759,85
DacNong,31-03-2012,54569,48237,19651,52952,20336,49924,12128,31076,11053,01465,87199,68516,3020,4002,9482,1013,694,04
DacNong,24-03-2012,79259,26896,81625,26857,72236,59394,13935,25747,50348,31900,24641,13412,4526,6473,6963,6839,249,05
DacNong,17-03-2012,93335,34009,04241,40723,54495,49662,69142,35871,55136,61781,03947,36500,2223,0520,4503,7266,919,73
DacNong,10-03-2012,45334,54829,40457,29974,40358,87864,76902,04832,22569,12215,62918,62908,5297,1986,1248,2298,807,93
DacNong,03-03-2012,30779,08986,13433,58686,62848,93906,30505,24620,94056,36124,42359,05973,8144,4022,9936,8593,919,67
DacNong,25-02-2012,47891,74309,75342,06827,59267,17592,98439,71161,54605,06913,10697,57846,0761,2992,2532,4450,488,44
DacNong,21-02-2012,58631,89852,16154,27581,18607,53099,64389,99033,41883,27095,81607,19174,0127,6851,0754,7799,973,78
DacNong,18-02-2012,58631,89852,16154,27581,18607,53099,64389,99033,41883,27095,81607,19174,0127,6851,0754,7799,973,78
DacNong,11-02-2012,27110,87160,62218,46526,83211,86839,85985,37149,61159,35001,37754,61578,8558,7912,8073,1314,931,15
DacNong,04-02-2012,03161,50326,11838,11708,86332,20022,90129,94982,30019,39817,79523,77910,4486,6719,8773,0663,289,57
DacNong,28-01-2012,27790,45050,19762,54353,20331,07231,41979,77987,62569,30564,39264,31769,4223,0121,1564,2257,493,13
DacNong,21-01-2012,80866,92500,05717,03199,81244,13653,42405,00231,31340,41874,70228,50142,4569,5193,5462,9187,428,01
DacNong,14-01-2012,39684,92081,95067,00959,34872,09110,18444,44903,74533,97935,10302,02285,1716,3409,0771,6293,172,69
DacNong,07-01-2012,85211,32450,59406,86005,25508,34021,98464,02777,69063,35403,63164,95671,5162,3653,6480,7006,312,84
DacNong,31-12-2011,89228,03211,31235,15212,03646,41356,27591,33935,21810,24007,30183,33974,6346,0972,7738,4476,351,55
DacNong,24-12-2011,55110,49586,74940,32792,29631,25011,52158,57862,88497,63899,83110,84671,7725,0191,8751,6358,718,98
DacNong,17-12-2011,73447,00031,92090,22721,09370,11231,23415,10792,50100,15737,48558,27830,8545,2263,6724,1813,219,26
DacNong,10-12-2011,15468,43034,55344,58643,88528,68373,49465,56757,50767,77502,98839,17858,1693,5848,0457,9945,536,50
DacNong,03-12-2011,66418,45579,96180,43793,61701,68129,75190,67626,06853,77413,18732,21328,2601,8311,1003,5676,896,78
DacNong,26-11-2011,32518,63463,84968,94298,37676,12564,78307,93333,53660,27113,64734,64628,2343,5439,2488,2913,952,26
DacNong,19-11-2011,77914,01802,04996,02876,35924,97173,88323,59157,54729,10496,30203,30201,9364,8105,0341,1238,293,31
DacNong,12-11-2011,21410,31607,37782,47323,33759,21606,73453,63086,43696,75321,21302,87693,6623,2025,2034,5731,306,27
DacNong,05-11-2011,59106,49010,91112,02573,59246,21666,99508,16170,81662,39774,43248,75389,1488,0072,5399,7148,501,63
DacNong,29-10-2011,90215,18671,67587,68864,81339,87790,64301,06190,14367,71266,54868,48805,0933,8397,4477,3842,638,51
DacNong,22-10-2011,58417,72221,20136,38729,42715,41820,40037,67257,91670,69440,03050,88417,5367,5697,3723,9421,202,45
DacNong,15-10-2011,29068,38400,59336,40848,57955,96992,42796,23489,06122,70665,81045,42316,8247,8671,8983,5479,697,60
DacNong,08-10-2011,26058,19344,84738,62033,68753,63477,88293,68595,10049,26359,47698,36941,5778,0991,2385,6393,818,99
DacNong,01-10-2011,40845,38195,97761,15691,79605,19453,87384,83818,87661,64633,44409,42803,9325,7432,5804,8858,585,26
DacNong,24-09-2011,67692,34942,24717,67485,83619,19605,18877,79935,40319,28701,80489,86141,5750,2899,3222,7961,120,25
DacNong,17-09-2011,62764,12436,50850,04390,02402,23533,59421,00416,24129,25103,97022,47180,0986,7637,6480,5410,777,04
DacNong,10-09-2011,28597,57713,85082,90788,96578,72620,05004,79347,60215,07290,24117,94474,4484,8726,3221,9186,731,62
DacNong,03-09-2011,92797,65594,22942,75604,02239,80324,44356,00134,55487,40420,87596,29911,4356,0152,0838,0111,347,16
DacNong,27-08-2011,51081,04741,68057,36195,59914,83662,10631,42714,00976,09670,20923,68713,6969,5323,8732,9480,773,07
DacNong,20-08-2011,32436,45773,47273,42740,44790,39259,41979,62562,12228,22178,02779,53736,1008,4090,3173,5176,710,48
DacNong,13-08-2011,83040,65156,84140,38374,90265,89637,21790,74112,11791,22148,91813,99741,3735,3419,0044,9995,366,31
DacNong,06-08-2011,23825,70849,81869,62236,12526,62045,09467,42062,61209,95912,84310,08982,1151,9769,6824,7853,606,60
DacNong,30-07-2011,05066,38656,05914,88823,04033,87960,37852,22851,43934,83633,75415,46232,4648,5091,8685,9681,620,80
DacNong,23-07-2011,26941,76133,81676,62230,96052,55340,50637,98894,34975,56125,18769,02662,9741,2841,3584,3071,951,13
DacNong,16-07-2011,64554,27341,54716,51566,23415,65635,57009,59508,31478,27099,48994,47836,1842,3851,8905,9734,881,12
DacNong,09-07-2011,74278,19260,25200,65256,50054,54252,67433,94467,44379,95798,58347,70423,0593,0543,0651,8958,429,35
DacNong,02-07-2011,26514,08707,96940,95040,02509,95093,81401,01866,02042,81282,32902,55996,4668,0089,6286,9339,422,70
DacNong,25-06-2011,42565,61886,51831,77392,21350,92318,68134,07202,33084,52938,50692,30598,4000,0222,1199,2207,101,88
DacNong,18-06-2011,81514,95133,44896,96917,07700,33101,74212,70856,10926,86244,72596,41453,0478,1826,2375,1599,538,47
DacNong,11-06-2011,08591,12699,87098,70875,68659,37240,54696,99785,84615,58413,82351,14564,7973,4037,8226,0221,113,94
DacNong,04-06-2011,32855,99496,60274,88606,03958,84914,04740,88034,35827,65905,12086,86651,1861,0484,2405,2190,393,50
DacNong,28-05-2011,91322,85785,56385,52791,59472,19207,70146,26073,66437,28892,55313,50753,8411,6509,5436,9035,341,93
DacNong,21-05-2011,51297,95515,36049,04272,03360,13725,79504,99231,62627,78525,50882,99515,4297,7077,4756,6963,029,39
DacNong,14-05-2011,59197,06211,48640,95271,59751,80124,50993,56961,95147,90079,21813,41042,9204,0444,8467,2983,849,24
DacNong,07-05-2011,12440,56456,82171,19708,53956,24268,65378,26605,27990,56711,59001,20887,8394,4769,7266,6391,359,55
DacNong,30-04-2011,36069,37237,71817,21778,96923,01407,55456,76812,85262,89081,19651,95553,8937,3732,7391,6568,048,73
DacNong,23-04-2011,95926,40705,98312,66785,34413,66628,72734,13502,56887,18554,45399,82720,8583,6870,2100,2162,327,85
DacNong,16-04-2011,58919,64045,49349,26659,84973,63390,40805,28622,87665,47121,53958,85818,1170,0083,7758,6050,270,77
DacNong,09-04-2011,17942,62541,71891,98154,78973,61873,11092,14410,66529,68051,42407,46324,2150,4204,3091,4052,561,34
DacNong,02-04-2011,56805,80542,04399,02644,47358,87352,45514,21110,05218,40596,08870,61826,7339,2403,1580,6666,263,92
DacNong,26-03-2011,91421,28400,59778,90396,51525,48560,26893,74216,58263,85356,46427,57469,7604,2464,3339,0001,766,43
DacNong,19-03-2011,06971,38157,27777,21037,43570,33220,86811,79883,99878,57839,18366,86329,4904,9802,8862,3886,687,58
DacNong,12-03-2011,00100,83856,36876,88472,38596,59562,39786,86433,94859,33041,73881,82411,1599,5727,5225,9605,274,77
DacNong,05-03-2011,38536,86801,23375,02474,31559,47926,20588,93635,69686,18854,45296,58590,3672,2296,9274,4821,776,36
DacNong,26-02-2011,08535,92135,86853,67351,01031,92046,17818,44628,71646,37539,34222,83429,2263,1236,6042,9281,729,65
DacNong,19-02-2011,39693,55434,16258,40060,50533,20087,61977,97302,55617,45177,33133,22350,5029,6120,5924,8128,753,49
DacNong,12-02-2011,97804,88260,85740,75677,60795,62348,35030,45706,46349,30063,67764,30474,1618,2943,4744,5733,487,27
DacNong,05-02-2011,23544,78656,15752,04171,48486,62139,94190,67965,53356,21773,64346,39159,5420,6205,1859,2489,329,96
DacNong,29-01-2011,21224,78126,07002,46093,81035,58461,43569,30048,09706,72834,74990,80345,2468,8797,3819,1972,677,43
DacNong,22-01-2011,19438,45321,19484,45847,12770,44357,75377,07990,04586,87965,64817,94114,6516,2624,6508,8194,930,27
DacNong,15-01-2011,79975,78337,60046,71350,76338,46817,63795,72810,01446,66760,85789,16753,9061,2899,5046,3893,722,26
DacNong,08-01-2011,13335,09542,54175,61293,63380,17292,69428,33016,82993,05420,34550,38565,5920,2672,9055,8515,096,44
DacNong,01-01-2011,17649,97939,30463,70147,68063,59990,83564,97510,50053,93283,54920,92562,9301,2031,7149,1606,374,95
DacNong,25-12-2010,90541,69167,40799,39254,35568,53868,35018,94203,10235,67192,84769,88369,5742,4404,5049,0675,050,18
DacNong,18-12-2010,60755,98719,06407,92575,84232,85297,58942,30491,72384,76337,13577,28080,6218,0351,4440,7753,667,33
DacNong,11-12-2010,59865,47328,85069,38579,14867,24009,24849,84632,48200,58076,36262,60736,1869,8858,8085,8351,582,04
DacNong,04-12-2010,78764,25996,58282,50410,74731,44424,07825,70412,23537,86947,76248,53476,6692,6564,6366,4701,601,20
DacNong,27-11-2010,33718,88458,78320,93211,75699,58435,56857,43008,13212,66851,25325,64357,9000,0416,1995,9094,887,76
DacNong,20-11-2010,60439,12827,96979,86117,80220,14718,77736,69604,45678,39381,23093,16443,8210,6078,5236,7711,779,56
DacNong,13-11-2010,75689,59405,43524,45793,52889,76501,90132,66994,18922,08524,14038,48964,1172,6856,8699,9056,900,96
DacNong,06-11-2010,14687,92636,11839,73762,57597,40425,75327,53660,99125,68382,09514,74625,8321,8485,3052,1955,149,51
DacNong,30-10-2010,19932,09447,56567,40469,00051,18372,89333,33395,17762,48149,64363,77783,2153,7788,3281,4502,113,85
DacNong,23-10-2010,71956,00390,53643,12466,83249,81091,90322,50406,47030,76396,04114,24273,4361,2668,8320,4040,005,69
DacNong,16-10-2010,10664,93818,23348,46977,31068,23164,42606,35979,27820,36934,29656,65721,2091,4663,1746,3556,323,40
DacNong,09-10-2010,51658,24075,36639,06693,87643,68342,64556,65895,80140,63588,44147,21739,5052,0931,2885,3521,338,46
DacNong,02-10-2010,70161,30577,89488,50398,72868,74765,87466,80909,52376,32797,73342,30340,1446,9686,4398,9385,735,82
DacNong,25-09-2010,65639,00942,02437,45742,35177,97581,99748,60303,97748,09087,98340,38876,2332,1055,0589,8140,859,18
DacNong,18-09-2010,36562,62055,71696,62408,81623,12243,10599,94032,70456,26845,42030,53306,7608,9545,9609,9505,815,97
DacNong,11-09-2010,83135,00386,85887,08949,55263,67680,88678,93106,30018,82909,20296,43620,3697,6101,2442,1297,159,22
DacNong,04-09-2010,98214,08850,26958,85073,99571,18019,82772,22869,65507,04072,27145,87374,1949,0683,8416,7109,838,62
DacNong,28-08-2010,27645,07959,29066,02193,03001,55762,91458,54692,28490,74945,01337,46890,1612,8789,4108,4564,975,81
DacNong,21-08-2010,77928,11137,47010,00817,59659,11897,75093,37513,78475,86029,94174,31701,0848,2623,9240,8071,698,30
DacNong,14-08-2010,19376,40626,32570,93526,63118,06572,46323,34983,20558,22033,64046,28647,2661,7178,2716,1738,832,53
DacNong,07-08-2010,97459,31239,43143,62739,75513,27983,02398,62874,99175,08544,25334,87159,6367,0350,8539,6380,890,83
DacNong,31-07-2010,21198,79426,18318,88369,20283,18776,96722,40098,69355,21096,67034,58307,9255,6616,3467,4480,988,35
DacNong,24-07-2010,27887,18350,84476,48165,99317,32762,76486,09386,82156,35046,06446,23928,4666,4186,5407,8980,497,82
DacNong,17-07-2010,20316,29499,57376,24611,66759,17538,35593,68896,36142,52856,95037,11855,8928,5027,6139,5222,786,25
DacNong,10-07-2010,43033,30425,83915,27009,44726,84285,89644,16313,08261,32904,53113,33604,2150,2914,9289,9237,468,70
DacNong,03-07-2010,09370,01713,37237,53680,69208,69698,32594,71089,76734,93274,68027,32716,4196,0290,9554,3707,718,18
DacNong,26-06-2010,61412,98024,71416,26659,44212,73843,22523,00247,17480,33288,55179,42896,4126,7815,3518,3760,913,27
DacNong,19-06-2010,99967,65249,68382,17826,44355,27774,08420,43218,84780,14506,34534,38627,2037,1615,9090,6580,600,78
DacNong,12-06-2010,44356,80211,32321,00123,96110,33085,25734,81813,77471,94981,01194,12753,8305,0592,7816,7784,945,07
DacNong,05-06-2010,60619,08805,63330,16225,80159,16010,51354,51943,05129,75319,03384,08153,9071,5744,6346,4759,602,54
DacNong,29-05-2010,16477,35320,00749,17451,31867,45078,87674,79042,52768,13670,76985,75721,8954,5188,3895,9744,858,87
DacNong,22-05-2010,01069,51723,54394,13632,51024,62222,79247,41656,40458,06019,52300,60166,4642,2203,7264,5013,103,09
DacNong,15-05-2010,35396,52014,00986,37782,11606,05611,56692,64420,75141,44120,02079,11242,8112,9574,1890,6931,504,36
DacNong,08-05-2010,78757,27650,44884,47592,99919,95917,78388,51491,60257,84686,25813,13825,7881,4919,6056,2583,101,72
DacNong,01-05-2010,23758,14098,34148,78790,92567,36091,85243,57888,74431,23860,72745,36895,8261,6681,7903,9959,301,00
DacNong,24-04-2010,03247,06909,06244,90525,08870,21897,86873,05398,17940,62251,87150,81805,7460,6791,8760,2714,929,28
DacNong,17-04-2010,28431,39487,26941,74311,79396,64883,96189,79765,53702,19599,95812,25440,9780,4926,7574,1863,938,37
DacNong,10-04-2010,42161,00042,23256,61581,23399,09268,31491,34492,17519,45358,09842,17251,2789,4924,5142,6217,668,00
DacNong,03-04-2010,03123,78141,26348,96932,82358,13937,67440,78702,61351,14818,16540,57824,7551,8049,6144,3804,659,90
DacNong,27-03-2010,71329,46394,25772,56215,48074,79020,30463,06426,99634,95386,99140,76624,6481,0499,5641,4224,972,90
DacNong,20-03-2010,70857,20739,32578,81940,65482,02827,00639,95240,74649,00934,85027,76885,7897,8313,1486,9014,847,40
DacNong,13-03-2010,95389,56345,74240,48065,94272,35116,69227,24336,71925,13388,86066,29810,4596,6806,9821,2428,717,28
DacNong,06-03-2010,22518,03159,36652,40547,75902,91235,13118,66520,10220,62442,48592,90344,8491,0369,7633,4964,660,26
DacNong,27-02-2010,79963,74819,07844,58047,33285,68062,11896,40143,85793,46187,03021,55577,9977,1806,3277,4963,579,45
DacNong,20-02-2010,12650,15824,19198,52659,81001,68984,67358,75471,33226,77999,80440,55837,6492,0482,2400,9282,400,45
DacNong,06-02-2010,97247,22698,45836,52129,74888,61169,77503,24454,19569,93990,17789,22915,9671,9160,1122,6233,986,88
DacNong,30-01-2010,55398,44010,26049,79668,75909,74345,47487,08860,98979,01796,79891,62344,1938,1311,1655,3618,284,60
DacNong,23-01-2010,24213,36651,39077,78902,59493,96404,77649,15290,77572,84099,92717,27310,8046,5185,9058,9742,769,73
DacNong,16-01-2010,26741,37559,65128,09377,93738,58497,81215,39443,09276,55353,00395,70708,6318,3796,0541,3764,379,07
DacNong,09-01-2010,56116,73068,67864,86022,71301,91602,15268,62447,87595,48904,54615,23217,1628,0885,4097,6412,007,33
DacNong,02-01-2010,24928,10815,20916,02300,85759,53866,93597,32199,67057,04954,78815,06842,2215,9849,3542,7109,046,99
DacNong,26-12-2009,23187,07956,22462,51216,36227,62242,99664,86468,80670,77439,47636,76057,3531,2375,9630,2416,495,47
DacNong,19-12-2009,50144,56519,88047,50856,28949,17925,08901,89766,68183,98852,55611,38323,3829,8105,8152,0218,234,21
DacNong,12-12-2009,04394,42642,22074,21409,77115,37693,90015,26400,61047,88052,31575,01793,4760,0539,2130,1776,784,20
DacNong,05-12-2009,77300,29195,58494,27054,92228,01705,67410,24830,60119,97954,59714,04381,7492,2818,9878,0085,294,09
DacNong,28-11-2009,38315,33746,28669,35819,68620,83272,90230,35704,02566,27358,21099,31791,2571,6251,1746,7206,479,78
DacNong,21-11-2009,86139,39521,37902,69772,61105,82391,43589,95242,78784,73231,10602,07089,2204,0788,8393,3219,437,62
DacNong,14-11-2009,69719,09363,25729,82776,93125,69449,71026,52489,61001,87929,12632,71003,4331,9724,7780,4949,428,87
DacNong,07-11-2009,62859,32461,53123,95812,76289,42351,43135,89706,25935,97829,97660,29949,9793,9481,8520,0046,480,52
DacNong,31-10-2009,13439,64892,90938,94431,15009,75343,72259,82533,94507,27576,49689,73238,2500,9340,3964,1826,955,18
DacNong,24-10-2009,63181,80535,52550,57132,13209,64456,63999,43972,72797,43014,35499,25490,5090,5410,9525,6261,720,36
DacNong,17-10-2009,26190,55652,73967,20100,95419,37366,93017,28069,43620,98873,74513,24783,6117,6832,0021,3498,029,94
DacNong,10-10-2009,26649,87945,03687,20859,13521,21964,12648,00198,67284,83474,20049,92942,9030,6311,1987,4701,319,47
DacNong,03-10-2009,29988,32642,50757,32643,30244,58239,21888,94388,94819,54244,74857,64032,1728,4462,3026,0486,352,43
DacNong,26-09-2009,73259,92620,94204,76562,81439,02997,13906,00337,28989,12277,91210,53273,2750,6344,2627,9402,990,48
DacNong,19-09-2009,18337,63045,00346,62730,85834,23169,49731,49483,61762,36232,95193,25138,5692,8467,5564,1705,305,44
DacNong,12-09-2009,59455,25999,76119,81269,71809,00566,90997,37052,57812,05925,65208,92896,9187,4835,0281,0430,626,36
DacNong,05-09-2009,13822,57587,53262,56134,13318,50616,80133,91730,91129,71974,73556,65154,4486,6355,7548,5704,340,70
DacNong,29-08-2009,92285,79685,50119,42086,14358,75471,45114,51641,55510,99813,30907,94561,9048,5987,5377,6490,239,65
DacNong,22-08-2009,90512,21799,81644,87515,62335,90125,75228,93477,87561,13138,98976,57214,8457,6939,8962,2690,925,86
DacNong,15-08-2009,80839,42647,35411,41313,18932,38263,63166,01561,19253,66286,24102,37821,1989,5990,7543,8096,389,69
DacNong,08-08-2009,71272,38999,04477,15164,08602,32732,67382,71690,01405,56198,59823,68990,5386,2472,5000,8654,936,60
DacNong,01-08-2009,37300,81393,22566,54441,47292,69806,17676,98326,57506,95555,37160,49221,1459,2296,5294,8280,696,45
DacNong,25-07-2009,90710,03271,43731,89190,45565,58496,03120,79630,48119,17225,61039,36262,5247,3004,3402,0205,976,61
DacNong,18-07-2009,02449,46925,53587,69593,99611,65917,24920,19636,40931,67188,75194,93645,3211,5672,0045,3756,759,27
DacNong,11-07-2009,42026,03658,86453,33758,71509,37383,20399,82114,73172,92227,13878,74363,0913,7471,5150,5943,911,32
DacNong,04-07-2009,69044,35544,20036,43472,42235,06191,62982,75779,90170,58770,34338,13080,8265,9015,9684,3175,545,95
DacNong,27-06-2009,72518,03377,06062,30976,26356,67854,23310,90144,49378,38385,32462,92753,2379,8141,3979,8875,221,10
DacNong,20-06-2009,60349,80053,83090,93711,28253,48875,44031,22545,52916,03825,73095,05836,5945,9672,6190,2803,590,54
DacNong,13-06-2009,40121,14567,00434,92151,25363,51797,96299,27633,94079,83359,45326,48422,6141,4251,0797,9529,261,35
DacNong,06-06-2009,79693,81882,07510,28934,71420,68966,41938,25201,19176,56819,98788,11915,5099,2670,9714,2976,044,71
DacNong,30-05-2009,08752,94432,35343,98332,60283,67830,72446,58906,15685,08528,19297,99807,2691,9707,3629,8008,924,64
DacNong,23-05-2009,29544,75581,19301,91522,95193,38492,65825,40741,94011,85570,71548,62586,6369,6518,4642,7958,224,57
DacNong,16-05-2009,00967,58504,14949,50375,85400,78046,48663,02193,63051,10440,84192,67920,7791,4264,4416,9122,633,08
DacNong,09-05-2009,45886,43782,80610,80290,65465,63403,60933,10774,68560,65579,67916,80704,7387,4521,8152,6554,551,48
DacNong,02-05-2009,86364,62678,03659,79843,04272,97360,29965,07749,22742,00146,25210,70048,5694,4569,1594,7867,438,24
DacNong,25-04-2009,85907,34985,51075,54888,16036,09973,37858,78610,09551,72527,42998,05157,7340,7348,4213,0644,315,75
DacNong,18-04-2009,88738,49260,58635,60747,43227,30386,37997,87573,48068,85310,85637,23723,1505,2346,3109,2471,404,36
DacNong,11-04-2009,46598,74464,25447,88966,43243,68420,16795,35619,86401,01067,34788,50430,7493,3427,4554,2842,220,85
DacNong,04-04-2009,87021,88721,52410,58972,01623,79144,36318,96566,23015,79999,63358,33961,6407,1469,3618,5305,357,86
DacNong,28-03-2009,84654,59882,62504,79652,14926,84372,32079,13146,12174,33317,47048,46723,3746,0847,5038,4207,819,83
DacNong,21-03-2009,32127,30177,79581,29429,55981,43861,23597,52519,01411,40326,68825,65810,7189,1019,7374,6172,427,80
DacNong,14-03-2009,19634,17038,76672,71038,43128,06333,51509,16708,75545,58039,57225,67199,2793,6640,2746,6773,610,97
DacNong,07-03-2009,52372,84082,31748,45625,18566,05147,43791,58522,28952,03976,76982,92727,7887,6462,9940,5192,248,81
DacNong,28-02-2009,09781,84119,40508,53900,60806,82563,16741,65058,98215,70150,95143,03026,5740,8180,5147,6881,860,82
DacNong,21-02-2009,33504,08576,89859,64596,11138,50720,35642,06091,47547,62006,15982,93502,1762,9851,9679,6301,884,50
DacNong,14-02-2009,45191,00311,29102,24558,63344,90796,69140,22843,06603,04524,41333,15297,4232,6549,4286,7500,023,59
DacNong,07-02-2009,16455,58050,46427,78901,70536,80378,95542,84805,18438,44403,36950,77478,4025,6031,3429,3293,466,05
DacNong,31-01-2009,58327,43165,07985,50563,31647,63964,84509,85472,41023,09354,34450,53465,2875,6930,3541,8381,096,02
DacNong,24-01-2009,69725,70402,42111,79098,49780,49766,35977,46615,43281,15340,58319,29444,1707,1776,5605,3787,299,90
DacNong,17-01-2009,29680,06717,86937,57880,93303,07349,31414,03362,94201,20384,95653,31850,7916,8849,5884,9096,289,74
DacNong,10-01-2009,96125,08614,71809,04751,07833,03425,65362,89691,01882,20220,71453,83244,8361,7600,6557,3087,005,12
DacNong,03-01-2009,69055,54711,60199,58692,78017,33343,48811,54560,54577,72971,41395,09164,8374,2708,4133,6840,489,14
DacNong,27-12-2008,24318,49338,84494,82819,65815,36944,74630,65530,14657,14089,87327,26578,7789,1030,2440,3548,821,16
DacNong,20-12-2008,30981,77542,02957,71894,11672,78837,57048,85077,89103,57727,31382,14566,4817,7557,9727,7413,162,11
DacNong,13-12-2008,81554,75000,68021,23312,20204,63914,14798,47214,82381,04830,76912,46601,3344,4357,7937,8322,041,21
DacNong,06-12-2008,09173,38662,86904,37833,44669,62931,94812,40836,24260,55215,33141,57276,2916,3273,7638,4829,676,54
DacNong,29-11-2008,77230,98260,83507,02808,49742,77049,71657,96469,74664,71790,56225,05401,1371,8979,2057,3453,210,68
DacNong,22-11-2008,22635,02588,52194,67634,11864,65932,42988,13319,40877,92443,15949,82070,6869,4684,0955,2804,880,97
DacNong,15-11-2008,57779,77574,67900,82450,77422,59450,03409,70206,90073,57048,07348,08450,9018,5309,4619,0989,469,10
DacNong,08-11-2008,64354,33974,87410,05599,25771,95319,76415,37364,83433,80150,23680,18954,5105,6697,7931,7242,421,46
DacNong,01-11-2008,46156,07798,41757,49776,79088,66973,33495,14043,62043,03724,81396,29008,5780,5412,9092,3861,124,19
DacNong,25-10-2008,23377,92104,39533,27574,86869,58860,34493,07383,87162,59324,44686,13377,4466,6447,7867,7458,571,00
DacNong,18-10-2008,21718,58688,03331,47483,74890,26760,45461,20893,49379,54103,18814,66096,8522,9119,4003,4663,876,77
DacNong,11-10-2008,46849,46070,31967,45376,50990,78186,97239,87917,59261,22102,95598,29649,3753,5742,8894,2549,816,34
DacNong,04-10-2008,14728,86444,50509,81071,83831,01784,60390,06001,94293,60048,25422,47887,6107,4050,9706,0793,757,13
DacNong,27-09-2008,62327,24768,54167,19266,75065,49390,27512,58441,55250,69201,02534,38542,3317,3641,6586,3732,595,80
DacNong,20-09-2008,14031,18013,37797,88271,58544,12560,07363,85232,85026,64761,31594,00387,2270,8305,5847,7346,036,27
DacNong,13-09-2008,88681,62238,51556,94291,93399,32665,77589,61208,20957,60491,19904,71057,7574,5289,2676,9244,447,94
DacNong,06-09-2008,35060,89572,22884,23779,73359,94691,60369,70924,13669,76074,91234,82598,7390,7383,5089,7531,083,57
DacNong,30-08-2008,70802,48790,24048,96929,72253,32730,22854,83757,94744,79910,95777,08225,2447,6695,5256,0970,971,27
DacNong,23-08-2008,11164,39953,70219,17488,09946,86644,16015,01308,20502,89651,35587,23504,8503,3792,1956,5717,179,94
DacNong,16-08-2008,94946,41709,10187,04347,77989,72785,00972,30934,13817,82745,13172,69116,6543,3307,1778,9844,062,63
DacNong,09-08-2008,52980,79785,76841,27793,88130,85108,12301,82856,61679,55974,65460,65083,7698,6405,6400,2137,641,87
DacNong,02-08-2008,93653,10693,42914,81797,15674,37127,41275,55539,14213,62978,47046,35334,8315,7226,0059,6128,176,27
DacNong,26-07-2008,62063,04880,61187,44557,16114,06274,81468,29843,91558,32982,75238,12440,8116,8506,2661,9986,595,22
DacNong,19-07-2008,99103,23698,91625,57115,83974,02540,24860,44069,98090,96179,14696,14365,9539,0765,8960,5797,579,65
DacNong,12-07-2008,71734,42014,02986,56298,43421,13476,08829,34963,85279,58766,36065,82138,7375,2370,3999,1951,819,85
DacNong,05-07-2008,30159,22802,72624,79247,20194,34039,94158,84781,68155,76358,94226,67971,7193,0905,7199,1663,267,43
DacNong,21-06-2008,50532,75457,12912,40326,96424,14003,19212,49654,22658,41973,00607,67499,7441,8495,3506,3252,691,66
DacNong,14-06-2008,86958,67743,12118,76747,80377,40536,39434,97049,65412,49047,92244,93294,7769,1653,0300,8170,425,97
DacNong,07-06-2008,99383,49707,45218,52944,02930,89769,56257,10967,52332,62728,47614,77028,5350,6745,4117,7405,766,25
DacNong,31-05-2008,34692,82139,62531,08610,10214,66167,70309,72416,92835,15955,24916,27834,1997,5846,2426,8494,129,99
DacNong,24-05-2008,84894,61279,50859,91393,60726,74270,52923,88704,55399,83493,67905,41640,8698,0050,6860,5869,651,95
DacNong,17-05-2008,10138,01687,64194,10389,77346,53947,26427,97805,78778,99528,25830,63004,1596,7223,4783,7798,275,41
DacNong,10-05-2008,42426,79692,09970,01052,84523,28691,64113,32425,24477,40225,36413,86651,9286,0113,8871,8532,073,05
DacNong,03-05-2008,16599,91450,53154,90310,59561,01822,16520,98227,76408,67311,91397,44007,2371,8317,4684,0249,725,52
DacNong,26-04-2008,40479,29996,04240,57085,16208,75146,85002,15105,38479,24692,10507,6208,3691,2130,4366,8614,367,31
DacNong,19-04-2008,29791,15618,77753,45700,52220,14382,04519,66517,30795,98360,65153,7983,0519,1765,5980,0885,297,45
DacNong,12-04-2008,50027,52891,51673,52991,41849,51183,38539,00439,09413,54876,24295,2156,7497,6200,5535,0383,298,90
DacNong,05-04-2008,05608,71187,28561,79851,18179,21020,12288,53575,50454,88406,16140,4004,4932,4427,7037,7415,781,35
DacNong,29-03-2008,34066,30966,89142,33501,10701,63610,57963,17577,66616,96814,56454,2802,1332,5043,9323,7091,944,27
DacNong,23-03-2008,98282,59536,00919,73995,69899,55873,11209,26242,56295,45226,15086,5750,9126,9348,1523,0132,868,97
DacNong,22-03-2008,89469,33495,52501,45077,74093,24425,70265,47331,77314,97428,07639,1764,1043,2374,5694,9440,009,08
DacNong,15-03-2008,51493,46329,39531,67276,67036,03200,16291,72524,68916,21779,24597,4942,8231,1205,5432,4400,967,83
DacNong,08-03-2008,06757,81331,23836,85871,08315,02819,56787,78170,79471,25442,60521,2526,7478,7789,1394,2443,339,36
DacNong,01-03-2008,44815,16289,07590,39823,27519,76309,87700,58940,34031,65941,65645,4661,2823,6211,9942,2338,200,48
DacNong,16-02-2008,70060,51630,79534,17308,39995,96378,36187,19710,12624,26519,29375,8004,1546,3880,6973,6041,102,31
DacNong,09-02-2008,31640,57560,38508,86616,74080,56945,24075,61850,37766,95645,45924,7168,8912,6025,8493,5735,058,41
DacNong,02-02-2008,44417,46378,02485,43522,23274,19682,46206,60885,72141,63080,51245,5943,4372,9366,7508,3744,263,10
DacNong,26-01-2008,42102,69891,38210,97595,47706,57307,75831,94576,20823,89177,04181,5181,8083,3595,9683,5796,142,63
DacNong,19-01-2008,13005,88848,96341,89201,80637,22409,39939,62928,72107,06787,29054,8488,6195,7741,4234,3350,197,21
DacNong,12-01-2008,62724,77683,61175,92504,76987,98258,70613,18621,39054,12930,48480,2646,2356,8417,9945,1941,068,81
DacNong,05-01-2008,53910,32929,48459,49246,39341,56312,93313,19097,76582,73377,44814,1765,9462,7062,7542,9322,725,29
DacNong,29-12-2007,85988,27688,25315,67226,22135,90484,70377,98752,67878,15639,97516,02337,0117,9405,6144,9195,201,15
DacNong,22-12-2007,19358,19302,35538,09845,06992,30615,26171,99025,27973,64639,88730,00007,6174,7066,4109,2283,820,36
DacNong,15-12-2007,71465,26932,18117,89871,51137,99492,63923,27295,90505,82895,27648,88750,9399,2448,7321,3067,038,09
DacNong,08-12-2007,74921,07836,50536,16907,53900,95882,58006,10978,98779,20137,71295,39539,2309,5053,4283,9561,425,08
DacNong,01-12-2007,99443,41238,78569,92693,20195,75278,04472,81208,28655,93976,87436,77774,5172,7690,8447,1480,906,44
DacNong,24-11-2007,93675,10381,74749,65130,22471,29183,73846,05002,95709,67504,33619,00776,7675,5496,5939,0995,150,86
DacNong,17-11-2007,92065,96747,25315,86596,82282,85359,48218,17404,46786,25380,61783,87363,8760,6300,0910,0212,135,76
DacNong,10-11-2007,54914,95551,25701,07974,24247,90280,42212,77585,23089,84419,75206,35565,6806,7168,9498,7862,726,84
DacNong,03-11-2007,79565,74382,51238,42983,07553,20040,94133,04786,00872,64466,55723,14520,5444,3660,2393,8826,813,24
DacNong,27-10-2007,14909,27088,87836,70455,35359,57281,99639,29968,18240,32392,88628,83504,9922,3101,4013,9428,752,38
DacNong,20-10-2007,89560,83923,29414,86015,21476,87295,97990,05307,46390,03522,33315,10359,3218,5334,6330,2322,473,44
DacNong,13-10-2007,11582,30618,01581,15616,90989,16007,36033,34911,89073,95641,69972,16870,7709,0480,6683,0699,636,93
DacNong,06-10-2007,90681,59862,47436,05835,55754,21513,05072,50548,61974,38222,49648,30192,4128,3457,8672,4305,536,95
DacNong,29-09-2007,58972,87947,63327,32730,11472,40041,73391,25633,50193,38986,66240,03203,0155,0492,9840,6252,658,96
DacNong,22-09-2007,72207,02247,84365,48184,77046,90222,80852,52603,60024,92449,70756,33619,2636,3617,7953,0118,580,86
DacNong,15-09-2007,35984,64786,74983,69352,81588,83775,81027,10062,10720,41450,60139,52869,1452,7914,5038,2233,258,30
DacNong,08-09-2007,85518,85401,36194,21584,81518,51893,39843,09304,62739,28410,97260,86263,5165,0637,3774,5676,372,81
DacNong,01-09-2007,15231,29679,02900,58649,94374,42335,62402,32440,52779,56693,82980,00457,7416,7783,4220,3742,801,27
DacNong,25-08-2007,94396,00900,11262,69390,82724,92222,74778,19658,73148,00151,99685,73109,6195,9799,1582,2321,156,99
DacNong,18-08-2007,89092,68744,45800,88889,14066,51993,59203,84987,96323,56861,44352,44058,7521,1348,2968,6908,413,90
DacNong,11-08-2007,21834,38231,67569,55344,85568,61631,68671,44898,75836,09145,04727,16338,0914,7372,3115,1314,352,17
DacNong,04-08-2007,27706,99498,91115,02094,74911,75803,46129,80515,70694,93625,39144,95365,8393,3123,2682,9963,100,40
DacNong,28-07-2007,70395,50189,87491,43270,90084,36357,38712,21461,24276,91251,83067,93412,6720,5698,3043,1846,669,04
DacNong,21-07-2007,55000,29227,86027,21564,46736,92748,25585,04593,74371,98402,92176,96535,2367,6727,7651,0848,681,06
DacNong,07-07-2007,33150,79752,53256,67227,00640,62857,49052,34160,05161,75258,17106,70609,8489,9872,5035,4489,616,39
DacNong,30-06-2007,57696,06998,38675,62483,49924,07923,44718,29596,81628,81429,00925,38794,1598,6025,4559,7971,794,36
DacNong,23-06-2007,64725,22394,20221,99043,72384,71649,48724,25948,31635,04226,86189,24000,2994,6390,3643,2161,093,40
DacNong,16-06-2007,56374,46025,25930,63535,13367,76243,65693,76420,64936,97369,27701,98653,4573,0642,2564,9574,896,42
DacNong,09-06-2007,34359,16000,62259,91443,17330,91533,77814,99896,91280,80275,00515,79808,6573,2551,0285,0911,022,67
DacNong,02-06-2007,30691,01476,90177,23624,50460,01190,06737,70791,71746,18660,76840,92881,3659,4459,1042,3130,484,03
DacNong,26-05-2007,41838,74197,40999,85804,90394,94078,93714,22104,45236,23001,07541,25497,5626,8262,2631,3992,207,70
DacNong,19-05-2007,94680,88048,61148,59030,43379,11970,58988,44793,62434,65488,41291,28236,3839,2843,2879,9340,041,57
DacNong,12-05-2007,56173,82830,99871,46226,78478,20002,94554,12496,25248,81847,99015,03758,1300,7766,5366,7820,382,81
DacNong,05-05-2007,51259,27461,85165,58983,75534,84569,36598,50604,83516,19305,71432,10356,3631,3680,7671,8095,781,26
DacNong,28-04-2007,37211,04552,92415,08151,84962,47206,61666,33825,68715,00237,78036,27700,3844,1221,8518,7220,657,47
DacNong,21-04-2007,66805,27528,11429,21254,23207,97000,06974,61596,44126,39949,08014,29877,4995,5181,8210,9114,845,13
DacNong,07-04-2007,50259,25422,63055,19817,40290,22638,10866,81932,20158,27305,33031,63099,9896,2403,2072,1547,794,36
DacNong,31-03-2007,60363,74338,70959,12304,17291,38172,39859,89515,77438,41559,52001,56957,4494,4044,2507,1854,482,07
DacNong,24-03-2007,90124,82663,38699,98561,76162,96069,71712,06354,15499,23914,14425,14613,3261,5069,9663,9444,639,00
DacNong,17-03-2007,30699,26759,92999,93420,79600,44733,60632,32358,55449,46911,64696,73935,0508,2635,4695,7567,028,83
DacNong,10-03-2007,71277,46300,79514,74383,27115,77511,11999,76506,67595,91763,96396,72019,2515,4561,1275,2417,455,31
DacNong,03-03-2007,91220,18524,93479,89776,98302,14740,59868,48931,88252,87728,17999,17857,4282,4894,9824,1846,921,68
DacNong,24-02-2007,02867,20010,00066,16045,20934,86676,12059,19821,60972,67811,32330,15094,7404,9524,3436,3248,334,78
DacNong,17-02-2007,89657,93339,52953,60090,81104,18380,31447,23744,23667,77898,01725,00651,8371,1651,1888,7512,472,45
DacNong,10-02-2007,82094,66480,05766,41714,40652,25950,83905,01812,75250,67212,63315,32880,6550,5847,1464,8017,798,20
DacNong,03-02-2007,66248,47519,65687,61485,42868,58474,81806,36460,86454,45690,06669,85853,7158,8943,4197,8067,688,82
DacNong,27-01-2007,47143,42758,84498,62477,50573,13583,53175,05158,11969,25873,62949,07896,1923,8791,6077,2195,198,75
DacNong,20-01-2007,98648,07835,38396,44603,96704,00820,08398,78521,91947,48619,18761,00927,7437,5349,8766,3301,179,99
DacNong,13-01-2007,38572,55779,96480,29529,53085,81771,71543,83599,23508,89757,45198,85437,3403,0875,7600,1845,148,24
DacNong,06-01-2007,84750,25816,83122,91005,22933,70637,78155,46787,04854,73872,14261,89304,0448,8170,2822,0102,856,82
DacNong,30-12-2006,03819,54879,76251,57534,03994,47014,69965,53245,68876,58187,72337,78262,3817,1248,9753,5856,362,48