DongNai,27-06-2018,496894,94212,83028,28980,95716,76748,69649,66889,54312,66468,79660,38776,1581,7288,2544,0073,271,18
DongNai,20-06-2018,742121,36762,22700,94010,78596,82564,72964,81755,82894,88106,63114,54309,4604,6972,5735,0688,896,54
DongNai,06-06-2018,037142,20018,67618,85539,40132,43384,35243,01920,61092,87363,14743,83859,5594,4657,4814,6587,936,03
DongNai,30-05-2018,580647,25309,84448,59868,27844,53848,56462,98202,57696,69935,87180,82637,1802,2268,8312,2377,278,60
DongNai,23-05-2018,895992,89808,29119,11922,40869,40644,78756,60762,34042,31113,72578,70204,0749,1227,5479,7059,770,13
DongNai,16-05-2018,719280,30890,79011,74485,78765,91987,06549,46514,30528,08769,98142,27266,3939,3413,0425,7125,467,85
DongNai,09-05-2018,754411,95524,65860,24528,54608,57003,21560,69204,16299,81227,22750,29958,3110,9260,3845,0656,229,67
DongNai,25-04-2018,252617,60295,77575,16690,17684,88603,63855,43062,42085,11140,45635,70557,6890,7194,8886,2840,814,04
DongNai,18-04-2018,800383,61588,31448,24249,52067,49667,77259,11399,95155,02568,96887,16908,9882,0832,8733,8680,467,84
DongNai,11-04-2018,261943,73318,47641,97846,77802,95160,02738,11388,71984,35302,14588,05809,7234,4254,1080,1607,618,48
DongNai,04-04-2018,788151,16653,53413,72352,32574,67776,45407,83609,70222,02780,01243,96785,5359,4468,1694,2169,923,78
DongNai,28-03-2018,968477,48253,96336,51468,03674,20127,18058,15858,05930,39306,99910,30974,1928,3158,4830,8441,289,57
DongNai,21-03-2018,330285,84765,80437,09074,80772,84914,10303,22837,88836,17701,64731,83790,9932,2399,7795,6079,554,48
DongNai,14-03-2018,768784,91142,92328,84735,70784,33663,55794,74003,33228,80105,60169,93233,8670,6687,0164,2642,898,06
DongNai,07-03-2018,470295,36036,43686,12317,80951,80587,23024,96851,54446,20891,77476,92383,0422,4158,9454,4246,998,88
DongNai,28-02-2018,044977,53257,56168,82634,35362,82987,79000,48310,07254,81856,73914,83594,1904,6756,6745,3307,757,59
DongNai,21-02-2018,577594,21700,29622,66445,77339,54904,21696,69341,35581,75336,55442,72711,0813,7827,1962,8411,995,99
DongNai,14-02-2018,275319,91692,68000,28304,69324,78648,33521,76879,03434,29848,28187,72813,0863,7114,6137,0705,524,75
DongNai,07-02-2018,381211,72587,31907,94596,29574,00602,48298,13402,21941,07063,78905,52391,5320,6054,8824,1612,914,80
DongNai,31-01-2018,218878,14383,51172,19660,34161,10823,70053,48737,69204,87100,53659,13006,1105,6824,8721,4710,728,53
DongNai,24-01-2018,508957,54121,79836,42675,19017,30679,79842,21602,90509,12091,50997,74637,4023,5249,9880,8772,593,08
DongNai,17-01-2018,630253,14637,23316,89373,09634,44541,73867,58034,86002,27224,58794,37568,5595,7176,0347,1695,156,80
DongNai,10-01-2018,593276,14430,10456,65495,08939,93180,98671,93281,39685,08130,58587,15696,5319,0825,4897,3688,742,79
DongNai,03-01-2018,309086,04723,81513,32515,19286,67846,85717,27998,13455,81350,88325,01283,5126,4384,8272,1288,330,71
DongNai,27-12-2017,408049,95585,19261,45114,60260,64865,07135,07460,35177,51420,43419,65837,7730,5554,0942,0115,179,62
DongNai,20-12-2017,616794,99269,94346,17044,46443,36185,77734,05362,31673,04789,23487,48183,5035,3842,3609,2081,205,37
DongNai,13-12-2017,824610,74487,39905,92957,09681,96853,28966,36735,50325,33149,35320,34009,3930,7627,7560,1050,728,70
DongNai,06-12-2017,897448,62561,61302,11614,64569,97192,05957,75867,98466,45212,28738,25741,5766,1981,5148,6088,970,61
DongNai,29-11-2017,913807,27299,62225,04202,97884,11632,73687,40509,35213,86306,51849,62384,7748,5247,7422,6189,226,14
DongNai,22-11-2017,133670,32612,85073,78629,61968,84015,25828,14007,22676,40899,51535,98221,2323,8063,0031,0298,181,23
DongNai,15-11-2017,877903,93583,34925,39830,61203,55639,15553,62017,26611,09466,31926,16500,2610,2359,1607,9353,454,74
DongNai,08-11-2017,176017,40534,48352,85670,29122,45080,22130,11742,01513,06477,22557,01767,6574,5548,5513,0156,606,85
DongNai,01-11-2017,844899,00549,55627,89055,05033,65669,16861,26796,49045,38113,01774,04901,4710,5746,4096,0180,972,30
DongNai,25-10-2017,330390,65592,61212,96387,84766,76259,65551,75213,68658,88779,46225,14531,3851,8607,0955,7731,654,63
DongNai,18-10-2017,737996,87363,32249,13996,03666,65017,70030,47478,31329,11034,21577,30808,1802,0411,5055,7141,902,42
DongNai,11-10-2017,367115,69239,13646,97195,01584,22999,94054,62804,88238,84834,40472,43469,3343,7044,4736,5335,491,61
DongNai,04-10-2017,868713,49097,73757,85151,22689,44834,83589,15568,41323,74601,03449,97217,0317,6611,0145,6707,444,88
DongNai,27-09-2017,858794,04300,69240,65703,75634,63524,45477,05672,05490,10507,81100,83519,2134,2797,5899,9323,133,88
DongNai,20-09-2017,080875,17143,73791,03414,48151,71966,25005,71045,54324,29831,78704,43057,7658,1711,8473,9512,716,09
DongNai,13-09-2017,768580,94415,20199,86078,29442,03323,97521,62698,38158,99728,10276,45408,7831,7806,8875,8948,249,60
DongNai,06-09-2017,160084,02632,45766,54095,67718,59067,04614,69250,58007,35938,40048,34366,0309,4409,1223,2329,172,03
DongNai,30-08-2017,219990,02105,42870,46137,74430,27355,38306,27772,00474,94526,09372,89309,8832,2845,1924,0855,804,39
DongNai,23-08-2017,463726,47439,37413,54834,80079,58498,54040,22392,68462,57823,46812,15355,2064,3230,8814,7945,704,12
DongNai,16-08-2017,358938,93828,24149,93420,86302,61621,19635,31485,32879,38840,72163,54711,4961,1664,8741,8982,741,29
DongNai,09-08-2017,238948,19225,39292,98820,73484,90769,12447,43555,42710,79650,90952,71558,0802,6528,5822,4379,808,77
DongNai,02-08-2017,457308,32518,52874,28496,07226,70658,21748,98210,67051,40787,09353,41966,6918,3903,9711,4527,438,42
DongNai,26-07-2017,445413,51336,86481,33871,27711,16259,55053,71698,09443,13400,56647,91613,6622,4572,2919,4036,254,47
DongNai,19-07-2017,585709,18106,75491,79518,23882,24563,86300,59559,39414,18135,66876,73841,7063,8649,1556,6505,273,273
DongNai,12-07-2017,299197,11457,33934,90981,60187,96965,95758,71478,79470,36242,94796,25070,3997,7819,8324,1773,260,48
DongNai,05-07-2017,526708,72988,85738,20435,68068,88180,18707,67028,16310,04399,53468,95917,8395,8388,9870,6805,535,12
DongNai,28-06-2017,277917,29749,69751,10542,14221,83651,50981,20981,46524,51882,11703,37494,4648,0599,1769,6380,406,28
DongNai,21-06-2017,820386,98710,73316,29085,45755,52363,30548,96263,11929,42831,04104,67433,9270,8824,4448,7713,387,67
DongNai,14-06-2017,671351,16151,90178,65061,49574,56277,76887,30989,60546,74933,10956,39833,7106,8710,5645,3848,069,11
DongNai,07-06-2017,799033,78013,83231,81464,82102,07768,38576,62178,71425,37292,69480,77322,8615,8188,8238,3709,561,08
DongNai,31-05-2017,499150,21076,77727,66992,41927,31517,61559,01188,64497,88270,80541,02465,9085,5825,6650,3648,873,28
DongNai,24-05-2017,652148,48130,64898,43225,95807,53702,66344,90985,57723,83662,24220,85813,9108,6726,0227,9731,729,77
DongNai,17-05-2017,074210,63777,02385,31481,53840,46983,89132,19864,64271,82876,05340,07665,3587,9808,5243,5706,942,22
DongNai,10-05-2017,687524,02652,39199,89181,85415,62120,21085,92628,05266,47913,64061,87321,2382,8737,1505,7962,737,03
DongNai,03-05-2017,645245,13544,64068,48539,14253,95279,20722,41017,78312,83131,03195,09094,0520,9115,6251,2579,590,56
DongNai,26-04-2017,779356,48405,40453,65878,56488,25317,94781,38148,07047,10048,63248,32315,1604,9083,7606,1524,640,45
DongNai,12-04-2017,531650,20184,46105,63479,18181,87410,02862,19168,53707,45016,29688,69316,1518,0466,0244,2417,259,93
DongNai,05-04-2017,569695,36294,44106,16085,00292,98082,24729,07234,29045,28334,26633,88134,1292,4480,3080,8074,880,78
DongNai,29-03-2017,176291,62689,90968,53112,48779,47240,61726,02356,27204,11094,03010,21263,1467,0090,6001,8090,893,09
DongNai,22-03-2017,846341,63207,70698,05846,95446,35484,51168,68579,61121,55321,53624,21839,1248,5795,1744,5116,682,26
DongNai,15-03-2017,028529,09366,29913,85949,91437,57020,12774,74462,72591,89467,60880,96293,5830,7401,2159,4483,343,35
DongNai,08-03-2017,650349,68316,84616,47522,15027,21957,40552,28025,65211,22574,88676,15767,3755,3050,6527,6373,133,43
DongNai,01-03-2017,498523,49561,47612,59672,72115,18774,86924,73252,82993,99643,61694,91199,0718,8204,4655,3780,397,05
DongNai,22-02-2017,954251,70214,46177,55038,31077,05489,78493,78747,64152,12203,47746,37488,4774,8906,7290,3350,055,33
DongNai,15-02-2017,191329,21040,75674,56761,24618,10573,01519,39444,61846,87891,45826,40934,9859,7861,7312,9338,535,27
DongNai,08-02-2017,951814,63132,30304,34642,24489,64283,76239,20542,65579,11960,84644,26951,1369,7442,1310,9614,323,08
DongNai,01-02-2017,013423,21591,77647,33438,91969,50732,00107,41225,72628,47496,98421,36510,4690,7830,5462,2784,963,90
DongNai,25-01-2017,910413,15155,54496,50790,01708,25716,25970,46334,58353,35152,72585,31458,6220,6565,9231,1383,665,99
DongNai,18-01-2017,556323,57359,32863,21892,31511,03781,78050,82878,97975,02935,40364,49741,9975,9756,4736,0817,670,85
DongNai,11-01-2017,230026,43601,84207,90765,44671,97853,34095,50542,07187,00039,64855,15725,1308,7122,8375,7647,882,21
DongNai,28-12-2016,479522,97778,81671,04733,56526,26664,29485,08553,25667,43764,75189,70947,8767,2333,0448,4438,002,09
DongNai,21-12-2016,749553,45678,55973,48479,19301,33081,18280,32071,40418,38988,80211,02426,1618,6627,2368,0397,823,24
DongNai,14-12-2016,656220,53774,54813,11958,90455,76357,25892,75997,02182,32596,64159,17474,1289,1307,2395,2583,600,34
DongNai,07-12-2016,559867,80758,41825,66531,21705,10435,29851,59941,03728,07166,83372,39854,8083,3539,9990,2647,021,98
DongNai,30-11-2016,835651,40871,14177,45998,66615,49183,61640,02947,79372,86477,71243,79669,8721,5611,2497,7091,812,61
DongNai,23-11-2016,433667,55797,79523,91840,51783,51515,95792,29601,46108,39985,89024,11387,0516,3432,8408,6068,866,80
DongNai,16-11-2016,630573,54104,54448,07853,21545,50617,49203,29004,49237,28624,71917,28593,3074,8787,1875,9497,884,40
DongNai,09-11-2016,443265,77213,63782,48229,68079,72824,20521,91874,50392,46625,85035,20924,4962,6645,5507,8267,303,36
DongNai,02-11-2016,698816,35311,54196,10954,09010,33536,79793,36577,01196,92797,79646,09410,0713,2203,2659,8967,851,83
DongNai,26-10-2016,700384,84264,39781,97579,65698,48190,20205,27450,56978,31642,04955,88457,0573,5209,9180,5471,086,72
DongNai,19-10-2016,588166,76329,78228,60098,13370,01047,03924,70211,78539,75388,15812,47073,5656,0368,9993,1966,040,69
DongNai,12-10-2016,271627,64236,62987,86659,23978,69091,51249,26721,62783,43382,74205,51250,1804,7191,0457,7537,793,36
DongNai,05-10-2016,152783,03266,33252,96108,86833,80240,48046,26090,98923,89624,20783,31862,8712,6685,2203,1569,310,72
DongNai,28-09-2016,206118,47601,76006,58021,28243,96279,11258,82665,52237,67558,71393,54510,0028,1670,9825,6509,351,89
DongNai,21-09-2016,569496,94876,40002,20884,01429,11639,08487,06487,64735,56133,95358,19908,7031,0385,9715,4292,806,08
DongNai,14-09-2016,237025,21413,65592,13851,65710,24039,49267,56370,69466,32302,29761,67765,3955,3543,6043,2147,842,88
DongNai,07-09-2016,817106,61015,17975,48233,16605,49906,10446,18888,42962,71587,75080,05223,8137,0433,1243,8972,721,72
DongNai,31-08-2016,204035,98342,70096,53239,91485,30344,43518,64956,12162,77763,92292,06773,4441,5177,4064,0315,766,12
DongNai,24-08-2016,802595,78145,73570,00757,74691,09437,58517,11536,14031,14278,89676,88615,7616,2940,5290,5661,662,17
DongNai,17-08-2016,630596,13484,40865,33646,61157,75316,88257,59166,95401,03039,63436,38405,8963,4233,2518,1359,311,35
DongNai,10-08-2016,347823,73681,04854,92420,00699,94913,52428,40114,61146,10258,73247,50794,2058,2077,5633,5680,272,24
DongNai,03-08-2016,387919,97744,09739,18944,40452,77228,31990,66630,18512,37491,95537,87567,1301,7608,5075,8540,610,64
DongNai,27-07-2016,916947,57819,58015,34047,26285,23518,49331,97800,64184,84368,24242,86595,6828,1073,3053,4162,858,68
DongNai,20-07-2016,639570,31941,86339,69717,22050,97412,73737,95507,01671,93362,59730,23441,5782,7005,5554,2471,788,31
DongNai,13-07-2016,649194,01073,86442,23066,10247,72720,44045,65224,18856,19602,59014,32494,3389,4668,6927,2997,334,17
DongNai,06-07-2016,355787,62061,23305,06778,78156,27837,66629,51751,61853,75913,45161,08215,4475,6787,3860,0044,221,00
DongNai,29-06-2016,261174,44092,36027,23269,71328,63160,95301,04408,08266,90381,48448,15442,5202,8758,2721,6596,295,76
DongNai,22-06-2016,260181,65828,74371,78594,99087,76840,28224,17191,44978,42844,67566,11964,6280,9419,0995,2601,049,12
DongNai,15-06-2016,964353,83556,33665,34184,97216,58743,89616,98469,94745,65765,12728,46717,5682,7349,3659,0717,534,38
DongNai,08-06-2016,189849,82020,15163,23006,82216,29911,26906,13468,72708,52090,56657,79054,7669,3306,2641,1902,419,53
DongNai,01-06-2016,553042,94960,40080,00601,28035,68991,63473,99970,21857,10937,84206,22995,9865,4788,1478,4200,999,18
DongNai,25-05-2016,608368,60804,18874,57797,39557,10110,73842,07338,29494,78078,20940,18167,2933,2933,4393,6254,311,50
DongNai,18-05-2016,134932,60323,10859,45466,11079,00826,31614,26041,26523,86759,00502,33664,5100,7419,3772,7552,863,46
DongNai,11-05-2016,686819,40859,78462,06626,88488,88094,64785,26935,19177,78095,83776,76342,3625,5285,0277,9610,737,93
DongNai,04-05-2016,709186,07077,67788,37473,96561,55439,24640,07790,02560,10603,39596,39448,2404,0276,3127,5111,014,07
DongNai,27-04-2016,537848,68551,87272,11461,64242,08650,73991,07358,14844,36465,18055,61334,0643,8036,2067,1025,458,02
DongNai,20-04-2016,300138,05685,87446,54861,12623,96551,72694,15460,94658,93295,50150,55821,8996,1001,8645,9878,933,17
DongNai,13-04-2016,857551,41491,10345,61792,36357,97283,09128,87140,12734,65387,26002,81939,0103,0907,0054,0705,655,23
DongNai,06-04-2016,023734,14966,20165,69535,03139,46310,64354,69613,64221,02962,01475,68752,8685,5518,6850,3436,661,79
DongNai,30-03-2016,517911,77332,05676,80992,14451,53800,44242,04363,74386,08414,93470,28491,8176,9176,2798,0557,671,65
DongNai,23-03-2016,004283,12308,04913,51301,61169,07744,76539,75818,71502,36384,72286,43025,6217,1959,7420,0382,296,54
DongNai,16-03-2016,583729,32958,64612,39747,08181,91801,43474,89450,61256,50348,71527,56654,4319,9434,4553,3684,479,05
DongNai,09-03-2016,375720,19014,97279,60970,35440,25980,25013,68113,88538,46183,13576,41089,7223,3653,3981,8545,613,29
DongNai,02-03-2016,976612,12533,71276,35692,24281,20986,48977,66635,81112,07980,37706,29444,7036,2093,0543,1943,067,47
DongNai,24-02-2016,418866,31164,66811,09310,29657,10240,11237,30731,84617,81574,04314,36629,4875,3246,1680,3723,986,55
DongNai,17-02-2016,388696,06224,11784,80436,59431,48249,67956,28641,30217,20479,55150,73796,3817,7878,7831,8452,664,73
DongNai,10-02-2016,342426,57042,87980,51451,51823,27775,03682,86028,29134,97977,94053,18731,9933,1662,9829,5491,511,87
DongNai,03-02-2016,305553,87962,75296,29998,53133,16305,16909,06807,35463,69033,72065,75880,5984,9402,0522,8986,018,47
DongNai,27-01-2016,304506,96760,51987,42040,94488,89972,46352,44952,82909,89465,94674,65768,7570,6777,7781,6119,142,42
DongNai,13-01-2016,751113,09615,85750,46934,20586,76448,79311,84417,46916,69088,28568,60590,9653,1132,3686,2188,288,79
DongNai,06-01-2016,878994,79476,78703,38831,55066,18190,44379,20050,68982,32210,18147,69746,9938,7508,9278,3100,637,65
DongNai,30-12-2015,562877,27103,07486,17329,23913,91738,74313,83643,60596,47944,36641,75116,3317,3942,3151,4165,856,78
DongNai,23-12-2015,506118,26712,92979,95079,09899,08184,98665,12515,52496,68986,81818,72900,5414,3297,2642,6956,820,18
DongNai,16-12-2015,327677,18624,76103,55017,50584,50175,58389,54091,09956,72867,88673,01287,2404,5069,9720,7108,206,82
DongNai,09-12-2015,651738,93791,75165,80616,38392,26194,86164,15459,47963,61741,18276,20024,1417,4789,0870,0566,654,51
DongNai,02-12-2015,810093,68159,90657,11349,61915,38565,70630,97364,03197,28435,89361,49016,8641,3417,4908,5556,030,15
DongNai,25-11-2015,628704,06283,95173,11441,41086,95641,79928,43355,62926,54658,28602,91727,0749,5696,4694,7024,219,66
DongNai,18-11-2015,262751,92269,35413,34492,36542,35724,69368,52148,84620,97952,58350,96396,6881,8417,2732,7032,618,21
DongNai,11-11-2015,354056,64980,30243,59490,22403,49521,76253,10914,68391,36197,41581,24121,9906,2333,1980,9787,383,40
DongNai,04-11-2015,510715,67023,16248,93387,42423,25962,34443,38415,92070,74843,73632,97934,1679,6194,1830,2642,297,77
DongNai,28-10-2015,187246,98427,50033,87955,54248,72871,03243,53038,18536,71576,03569,82097,5600,3901,9695,1180,261,86
DongNai,21-10-2015,734575,67374,69890,80064,16849,47431,62337,44030,38178,28150,12686,71720,1799,5473,6664,2713,415,09
DongNai,14-10-2015,931149,78362,86735,29430,86045,39848,50312,43962,16178,48430,76783,92434,7573,8578,2477,7342,218,47
DongNai,07-10-2015,822327,77025,88590,59005,56698,21561,32993,30084,61065,67090,34187,58107,4516,5325,9783,3857,895,89
DongNai,30-09-2015,057943,34822,37636,17677,75371,98628,49986,71239,08157,40909,60291,75877,6501,9170,2174,9738,041,87
DongNai,23-09-2015,801967,40402,58759,41450,48529,79993,72876,33806,30768,59247,65786,82030,0222,7117,3363,2374,145,59
DongNai,16-09-2015,670608,95253,93097,45971,32417,08854,04137,43922,79501,91149,21046,49026,2724,1705,1726,5585,655,64
DongNai,09-09-2015,594809,86933,85049,30843,77325,21730,91779,71242,49141,66758,95945,03936,1291,3101,6903,1463,978,75
DongNai,02-09-2015,889809,71095,13389,30516,10877,74541,86993,86160,98247,91320,52584,80134,5279,5001,9660,1770,105,03
DongNai,26-08-2015,084875,66500,55801,37374,58887,83816,69114,25748,39695,87095,27566,63532,9570,8138,9775,4989,788,95
DongNai,19-08-2015,381682,91702,00348,17100,35110,05619,94679,06972,40274,17844,42708,87318,8432,8739,0337,5520,824,48
DongNai,12-08-2015,227715,74075,23557,74792,59735,57952,00571,15723,36135,86192,86622,32534,8614,0629,7024,2541,511,16
DongNai,05-08-2015,993789,37490,74870,00030,49530,48409,51976,77113,32793,85462,83849,41389,6385,6261,9696,5486,257,34
DongNai,29-07-2015,963268,17215,21983,79255,73681,73567,40214,99553,86933,51670,81467,97668,9535,8662,5879,4330,494,58
DongNai,22-07-2015,642913,19220,63769,22670,97851,61983,30174,73570,36014,81977,05574,29657,6627,8478,7260,7739,481,37
DongNai,15-07-2015,841658,08799,57763,23636,76527,78942,44412,37261,93625,66355,81976,73241,5819,6868,6624,9082,108,47
DongNai,08-07-2015,147569,29807,16063,04555,93001,65523,43080,72026,46981,14224,01185,62322,6277,8352,5098,2724,686,40
DongNai,01-07-2015,360392,15635,32466,70633,67970,50074,71482,28615,17130,40147,23581,66429,1187,2196,8220,4879,615,89
DongNai,24-06-2015,611275,84213,21033,49591,06011,74563,47295,39203,15020,40586,05187,24527,5985,2902,6284,8905,957,54
DongNai,17-06-2015,312045,32870,03442,29878,88715,59716,80791,31608,65517,30265,91736,48297,5300,9186,3416,3465,560,85
DongNai,10-06-2015,194969,99765,05172,17710,59107,64299,03788,24289,31042,16232,37796,73137,3754,3776,7703,0399,944,78
DongNai,03-06-2015,132631,23237,48094,77808,51381,04232,63502,65432,45674,91232,54329,42504,4597,5422,4591,3339,139,80
DongNai,27-05-2015,600684,54161,98646,34933,03935,09564,67868,95173,86984,84203,26443,65379,2166,2714,9359,1201,123,28
DongNai,20-05-2015,003371,09770,84947,94073,76432,67693,56647,73532,34943,92400,07377,62766,6610,8240,9182,1077,295,72
DongNai,13-05-2015,217647,75227,81316,22302,67810,19544,00584,81232,88404,15439,42777,78586,9835,4321,3893,7850,399,63
DongNai,06-05-2015,313147,18819,45950,42278,83664,51055,53613,31637,82402,45126,06256,22477,8681,6359,6243,2973,818,93
DongNai,29-04-2015,400476,59078,38198,23685,79011,42149,37270,15372,60574,67714,45735,46371,8076,1682,2628,9411,602,02
DongNai,22-04-2015,181673,38590,89484,11654,21559,52616,06947,82724,55436,69077,53801,64485,8473,4200,0025,7479,497,58
DongNai,15-04-2015,302864,67188,34249,55350,99044,68874,22292,06374,92918,93122,50205,11982,3777,3268,7656,8390,161,71
DongNai,08-04-2015,287351,47111,66577,20537,96800,09051,63840,97034,96370,65273,87410,80727,2593,5723,7696,8498,163,28
DongNai,01-04-2015,957356,30139,21312,01876,43024,25954,73813,12662,79712,67943,59373,42641,9780,5626,6871,1241,016,61
DongNai,25-03-2015,208852,60626,60256,15909,59714,39976,42747,61212,62680,07910,61822,37086,3406,8897,9684,0477,198,95
DongNai,18-03-2015,477989,03247,77674,80427,82613,29649,25742,53625,49134,68878,60840,78770,5532,3637,5657,1226,782,41
DongNai,11-03-2015,212502,47263,05400,04568,24607,95875,93225,96135,19839,00348,85596,42158,6447,1116,3419,5675,431,01
DongNai,04-03-2015,208162,45407,23296,75079,50827,65925,98361,66334,95193,58262,80462,13698,1546,5923,0881,5830,902,80
DongNai,26-02-2015,582942,00460,22104,10733,36507,92825,68992,40614,25047,11923,48810,94456,3053,0029,2960,4776,792,75
DongNai,25-02-2015,582942,00460,22104,10733,36507,92825,68992,40614,25047,11923,48810,94456,3053,0029,2960,4776,792,75
DongNai,18-02-2015,576204,72045,37735,24680,69828,89200,33263,40921,98102,64089,06400,77861,1631,2467,7750,4333,180,53
DongNai,11-02-2015,513419,70467,52028,89833,83028,27660,23873,34190,50102,07084,15307,14814,6615,8397,4618,4472,568,26
DongNai,04-02-2015,779235,72684,34998,85654,21646,35928,89622,00515,73765,59183,82455,32595,1850,9432,2134,2643,838,42
DongNai,28-01-2015,053452,28717,67615,96754,89342,81418,08242,98406,76455,82382,62054,14318,6877,5315,8845,3868,396,76
DongNai,21-01-2015,659098,14277,57308,79686,75139,98732,37276,48629,64398,37432,31938,84051,2973,4803,9796,1338,881,23
DongNai,14-01-2015,968252,83661,87978,04955,04881,01130,53614,60419,95142,70531,03398,77663,5951,5263,7073,4030,146,94
DongNai,07-01-2015,348665,04487,23596,04403,66058,24072,57072,95548,37972,35861,10137,62420,0204,5030,5747,8133,375,84
DongNai,31-12-2014,130539,22399,14045,02906,03028,08787,56666,49756,93388,80787,84702,30372,6550,9093,6048,8123,941,79
DongNai,24-12-2014,859821,22146,24757,50282,31374,91496,81989,92536,78376,19073,39958,77805,0720,2938,0196,0488,271,51
DongNai,17-12-2014,461522,42724,51168,55302,54292,98498,27461,67880,49206,47471,82667,07507,4891,5192,6436,7658,338,24
DongNai,10-12-2014,269736,00289,31565,53463,31981,06478,70203,34555,42257,45138,05051,39677,4343,2357,2169,1208,270,68
DongNai,03-12-2014,463593,23880,12987,30740,61066,87922,77540,28235,83022,71502,55923,43820,0321,8655,1490,1598,781,62
DongNai,26-11-2014,858577,93368,01929,52862,52473,36952,25587,84440,16289,40238,09516,10406,1382,7359,5111,6523,851,06
DongNai,19-11-2014,018281,29289,24823,05752,66342,69867,32915,18640,04031,66011,81069,49119,3390,8853,2534,9596,342,77
DongNai,12-11-2014,478177,03683,80184,50501,97184,44390,35143,40838,40567,61555,54525,59425,5757,0865,0072,0506,475,75
DongNai,05-11-2014,952080,19697,22552,06419,98933,13675,42703,39936,78293,00268,38744,12190,0476,5665,7065,7691,587,33
DongNai,29-10-2014,702076,72752,49502,76225,37137,81025,92319,78270,63371,59614,09113,08165,3725,4087,4636,2093,042,46
DongNai,22-10-2014,495988,53936,19368,94734,87122,22472,91158,81232,19607,44555,92918,34311,7675,6005,8532,8817,171,44
DongNai,15-10-2014,168607,27276,29361,64915,66540,96216,91343,29986,20193,48000,47070,19643,2327,9174,6010,6748,500,36
DongNai,08-10-2014,010192,49848,20850,02707,88197,69271,49473,90181,80160,69613,95066,36371,5144,3463,9796,0066,838,30
DongNai,01-10-2014,585886,37711,19800,18993,49754,21734,46242,79827,34663,43495,03200,94272,3579,6082,8463,2651,047,67
DongNai,24-09-2014,843337,22146,38491,92913,62445,15740,19536,86791,64900,97109,69952,08089,2526,1028,3207,0938,883,52
DongNai,17-09-2014,567055,38167,08878,82380,22967,88338,54592,72956,00547,41644,87820,22858,5970,4415,6930,8632,121,44
DongNai,10-09-2014,023647,62321,18588,61467,64928,05301,28629,66169,70198,49355,23193,06644,8023,6262,1885,9034,852,71
DongNai,03-09-2014,119813,51705,11067,77018,85070,83786,74466,88168,61828,14732,02831,13963,5668,8168,8013,4616,989,88
DongNai,27-08-2014,036863,02340,02024,92005,49161,56231,59085,30574,05712,46081,90062,54014,8796,0451,6896,7697,140,91
DongNai,20-08-2014,199048,73278,92526,73844,82597,37304,56790,26061,94014,41442,55284,46554,7106,0889,7237,2828,147,71
DongNai,13-08-2014,234173,75780,40148,49756,63990,99837,47168,50269,81696,36068,82725,93695,2973,0284,4634,1833,588,67
DongNai,06-08-2014,680721,57535,33530,17852,81510,53678,39878,81354,12761,60500,00498,92561,1877,5142,2604,8916,163,13
DongNai,30-07-2014,805897,54148,99040,55750,96023,20514,33331,16805,57520,23358,37194,44883,8356,3086,8361,0097,750,59
DongNai,23-07-2014,244798,46045,99873,87533,77573,61307,75352,69237,70803,35462,40765,07356,9246,0300,7113,2068,093,77
DongNai,16-07-2014,925943,14455,12202,00099,74713,04009,48944,89351,53238,54753,72380,41152,6537,0283,3958,1214,120,59
DongNai,09-07-2014,891683,59815,68034,88093,57051,24847,13235,76550,51505,61485,03542,65070,5602,9091,0880,6252,625,05
DongNai,02-07-2014,380910,27512,63642,31504,23882,82205,56823,77734,03307,79873,92347,48483,3495,9335,5055,2305,175,29
DongNai,25-06-2014,552004,33707,56819,48659,58217,40842,18754,90089,96647,04014,23330,62353,7935,4910,2255,3784,627,72
DongNai,18-06-2014,643691,56170,83757,31188,05027,68508,88689,20381,86692,23053,77228,34146,6140,2681,3361,1448,597,92
DongNai,11-06-2014,064418,84170,06827,61624,38031,49880,44546,13823,29950,98194,32704,96524,0783,2584,0735,8974,824,43
DongNai,04-06-2014,891914,02717,55394,01619,61764,18600,39685,31709,90147,83355,98690,38519,5589,9598,9077,1429,284,59
DongNai,28-05-2014,187101,00780,32581,66270,67999,51406,38861,56994,30788,61349,34261,50451,8825,1328,0705,8664,535,99
DongNai,21-05-2014,248532,37681,15308,54458,80259,36758,52438,24104,65461,51780,65985,39086,8043,8582,8624,5328,607,92
DongNai,14-05-2014,324438,97532,26994,57874,41134,41288,89138,11861,08357,48826,57283,94992,1453,3820,5856,9675,346,20
DongNai,07-05-2014,424868,71761,00229,02491,49572,72388,15027,27702,89227,31363,82268,37075,1725,5198,0974,4993,271,86
DongNai,30-04-2014,414782,18050,62524,11686,42064,54924,74014,72646,76609,06952,25994,40370,4278,6151,8659,5233,395,18
DongNai,23-04-2014,819875,47266,48352,75369,14268,40844,21147,30763,49176,75877,07990,74852,9431,3254,0002,3032,615,19
DongNai,16-04-2014,993488,79920,88068,44413,76736,02718,07646,37154,04898,41079,59235,97230,5011,8043,9895,7075,171,25
DongNai,09-04-2014,923383,62272,49216,76467,33622,18103,44983,24979,75044,37968,61014,31564,2575,0144,4915,1461,864,80
DongNai,02-04-2014,464961,69137,04107,17849,66129,81976,74808,31714,65953,99980,23806,89816,2395,8216,7215,2625,303,15
DongNai,26-03-2014,854368,88432,36255,22881,42318,12218,49858,71466,39775,56102,98905,76139,2993,4092,3384,1403,711,68
DongNai,19-03-2014,756810,15421,95785,36493,53465,26039,79713,81719,30387,90632,44604,32632,3410,3166,3773,8717,831,44
DongNai,12-03-2014,700729,84080,30890,96280,72508,88756,48941,80814,95012,36037,79616,87748,9179,6843,6117,3339,768,46
DongNai,05-03-2014,853697,32208,85246,48881,70484,80146,85578,79688,55345,08456,14795,25755,9474,3836,3722,8542,221,19
DongNai,26-02-2014,502952,05901,41115,00910,66345,81244,07537,88857,04661,19724,60532,22439,6503,6688,5827,9535,287,96
DongNai,19-02-2014,584863,45993,78784,07093,58393,51077,34780,23687,99722,65903,17481,51396,5334,8773,4049,3128,997,82
DongNai,12-02-2014,165494,82842,75598,03889,40856,09981,97802,33896,94598,71631,87800,29710,0493,4076,1662,1357,053,97
DongNai,05-02-2014,459190,79049,83387,08616,24729,40423,59226,79407,56277,23639,74060,37146,8585,2958,5275,7309,052,96
DongNai,29-01-2014,640410,05274,71154,17059,13479,08865,71597,81532,45401,29919,10487,91864,2013,6390,0207,3736,172,10
DongNai,22-01-2014,200662,31574,19357,69327,23883,32191,20961,45888,47371,21242,99115,97100,7181,6684,7599,2715,974,02
DongNai,15-01-2014,962742,07467,00214,45551,68076,51235,02443,99604,67797,18758,36234,89583,0099,3363,0345,5437,176,53
DongNai,08-01-2014,670129,64128,21723,63430,46240,74858,90175,71223,78472,66663,17580,61672,1198,0555,0513,7656,983,73
DongNai,01-01-2014,544251,01910,06336,79941,25297,93625,06276,78717,52939,76022,12056,18797,4258,7056,8951,8850,325,50
DongNai,25-12-2013,222026,90983,74938,34909,39874,83312,98501,15187,75436,99885,96573,37920,5469,6253,9674,2649,124,27
DongNai,18-12-2013,681174,04290,03243,82028,37905,44651,55423,07183,74867,15367,61596,77901,9985,4913,3195,0515,874,89
DongNai,11-12-2013,616914,45044,55377,40279,24530,94256,32312,11435,37033,88687,31253,91697,1228,4735,4302,8766,149,28
DongNai,04-12-2013,935065,14522,86662,12273,05458,98186,90367,47077,17128,20318,27533,29425,2939,2832,8294,9768,714,98
DongNai,27-11-2013,351944,34890,33851,80448,20826,79383,17380,53071,22850,89264,79437,88213,8504,8206,1979,5623,866,13
DongNai,20-11-2013,573165,49283,65685,62195,30332,91803,94336,60961,77821,08506,43156,85810,7813,0133,9864,0062,044,34
DongNai,13-11-2013,687180,71033,09690,66663,87312,90593,42387,21280,43503,49815,03736,65272,0082,7804,0707,9733,980,82
DongNai,06-11-2013,854419,60936,36197,72994,03176,90935,30396,33846,23951,93322,62217,21640,7259,4546,4858,5348,454,65
DongNai,30-10-2013,533040,80017,41426,23911,90907,24479,37635,45564,22532,47326,40758,69959,8314,5718,3633,1317,331,35
DongNai,23-10-2013,824467,86722,58481,68191,06532,67971,41673,56437,18892,48576,05241,70372,8898,3891,3772,9347,976,29
DongNai,16-10-2013,380303,15756,14868,00846,27859,54616,34039,82741,40073,43545,77615,43891,6773,6032,7460,6144,869,47
DongNai,09-10-2013,640014,28203,25538,08734,04092,79980,32861,37154,04025,62599,48258,59177,9724,0465,6625,2393,054,96
DongNai,02-10-2013,262585,00450,51534,82349,84058,84430,21412,58927,71637,56600,12916,14600,6859,2960,3721,8625,719,66
DongNai,25-09-2013,415535,05407,42186,17132,58256,66513,30289,49524,09024,33281,62413,64038,3082,8320,1116,5881,317,51
DongNai,18-09-2013,068258,53176,97687,30514,60213,90263,64078,37107,03803,72600,48594,67201,0631,2884,2643,4205,554,41
DongNai,11-09-2013,463824,12342,02546,08419,18541,63580,79305,12482,65529,97611,74141,51233,4583,1184,4306,8337,046,65
DongNai,04-09-2013,359183,13950,07848,32931,41185,08528,90099,08962,65921,14324,71201,25243,2628,5533,3801,5392,873,85
DongNai,28-08-2013,821769,09354,93095,72874,00784,96714,37706,62336,02450,94473,84301,54687,5039,0711,0314,8269,378,04
DongNai,21-08-2013,598463,21042,24518,20238,46200,04189,32743,18512,65528,81292,22731,83971,0855,0330,9779,2954,734,90
DongNai,14-08-2013,128074,02143,36233,65022,68824,81034,65518,36447,07488,49311,11806,54966,8601,2267,6147,2399,763,04
DongNai,31-07-2013,260989,29607,43997,24761,71582,14310,60503,05433,38554,45278,81784,09745,2009,9682,0312,8580,436,24
DongNai,24-07-2013,880416,96450,41183,40720,66216,69979,54751,72926,95921,86266,24788,95022,2969,0301,4163,4369,497,80
DongNai,17-07-2013,395933,81754,65590,92418,06823,70518,33417,43438,25998,98713,56912,77298,3457,5956,9069,9141,341,17
DongNai,10-07-2013,047688,47511,92178,90403,01565,47334,50707,07113,84292,98704,43586,24833,7525,8954,8934,8928,934,73
DongNai,03-07-2013,702972,11331,69611,10498,12717,89608,12031,16427,47131,24515,84126,64778,6464,1338,6652,4519,313,75
DongNai,26-06-2013,282545,51524,29515,13067,62005,40094,22678,77367,68151,10844,90610,11616,7891,7620,2495,6265,213,06
DongNai,19-06-2013,403642,88736,21246,22969,51908,62073,31858,85635,00064,16692,28297,86496,1373,1353,1479,1562,142,06
DongNai,12-06-2013,096484,79271,70111,06880,99972,72117,39762,31965,03292,25956,75673,90210,8614,1201,2151,8806,264,25
DongNai,05-06-2013,338518,76375,13342,79069,00402,88157,98148,06029,54518,02868,98212,25639,6448,7003,8061,5463,844,76
DongNai,29-05-2013,783213,87254,95530,85271,45752,47547,52879,69584,25402,30574,71232,80997,1982,5736,0472,0540,341,80
DongNai,22-05-2013,028166,56740,03344,83501,46006,71599,35477,39354,20412,98616,90407,35903,3900,6273,1706,7111,674,86
DongNai,15-05-2013,520641,40148,33010,50795,67505,49526,31115,70629,20083,22446,77511,66581,8514,5740,0125,7218,300,48
DongNai,08-05-2013,790028,83544,96573,85538,04038,66338,73454,61832,99266,55597,15813,69946,5423,9601,1584,6511,845,77
DongNai,01-05-2013,095768,91395,33006,41485,66759,45051,38018,29120,70924,30539,65302,95286,9476,8277,1413,8077,434,80
DongNai,24-04-2013,226399,41513,20152,14193,55907,01197,89025,29682,83922,15776,80131,64661,5730,7211,2042,6005,476,44
DongNai,17-04-2013,716651,41139,02847,49095,68556,21636,61978,85757,85499,61465,70926,98634,9434,3143,1217,4196,667,48
DongNai,10-04-2013,968778,81225,77116,06536,90681,15966,60196,81908,00281,95456,41463,07296,5301,1079,6251,0724,860,40
DongNai,03-04-2013,339136,34882,07304,57076,54943,95163,89551,99648,39782,69694,09915,90402,0262,9861,3667,9921,490,27
DongNai,27-03-2013,796440,81932,51859,32227,95654,10151,11971,97518,70660,54601,75250,14866,4812,6928,6013,4938,903,28
DongNai,20-03-2013,996186,89062,96219,06028,09236,46804,12512,90792,19069,32259,29275,05524,4898,1937,7654,2329,112,22
DongNai,13-03-2013,633840,74468,31744,31975,50935,74306,80829,11193,84805,66105,99986,89384,6339,4037,2865,0070,878,71
DongNai,06-03-2013,700679,13066,40589,31708,23378,14445,85917,16595,82751,60628,30058,13113,7096,2739,7476,3210,756,27
DongNai,27-02-2013,510813,67963,72684,52379,50621,08018,70917,37259,89734,31082,92588,56787,6778,6166,2290,1113,126,75
DongNai,20-02-2013,452507,24027,79595,37023,12187,21707,52928,98698,81519,12874,25518,10679,2640,8386,2646,4813,810,43
DongNai,13-02-2013,202319,39798,45441,98597,03643,78626,39856,15114,74388,91094,71976,19351,1838,9050,6141,9426,723,21
DongNai,06-02-2013,815555,29381,54444,35293,48171,38947,40921,29772,62235,77747,12604,98741,0833,9358,0586,8324,348,64
DongNai,30-01-2013,293366,43106,68462,02524,43097,49522,58759,21240,74401,00613,09565,07136,2715,7076,0490,9327,550,37
DongNai,23-01-2013,738661,29246,32191,89480,08019,86986,87082,21251,32776,93151,49005,26410,9799,7029,6244,3690,572,28
DongNai,16-01-2013,316856,61499,81100,82538,52610,18671,54475,44631,07191,02072,86977,00453,2453,6708,7211,5379,935,86
DongNai,09-01-2013,811516,31896,42945,39672,74997,79837,83803,18701,66405,43612,02089,00617,0367,0087,5178,2308,154,80
DongNai,02-01-2013,336737,08114,16946,26505,96860,74846,34313,13248,00606,72801,86800,33420,1126,0008,5204,5203,219,22
DongNai,26-12-2012,806238,82223,15057,81123,08900,83246,28066,76036,16114,60629,83898,00957,8787,8019,0805,1366,985,89
DongNai,19-12-2012,597149,07420,84997,24312,01041,04800,53424,19656,58167,93044,53419,88403,1893,7529,8063,4051,568,57
DongNai,12-12-2012,755347,09102,75276,93501,47997,65592,80343,69957,46468,15317,31421,73101,9724,6494,3612,0221,746,12
DongNai,05-12-2012,953991,19772,63000,53542,13860,44512,65414,50824,50130,67357,92268,01342,0035,0978,4996,5616,840,88
DongNai,28-11-2012,449508,81808,72878,29639,54380,64210,16420,79044,37114,28916,91584,15595,7464,2967,7782,2518,376,43
DongNai,21-11-2012,745111,62111,16907,34863,91880,34892,47312,18407,78839,46336,10087,57471,7480,0760,1473,9067,542,08
DongNai,14-11-2012,468716,30178,22698,86779,46564,91275,80835,57275,85810,37153,74574,50346,2335,3202,0103,8016,028,25
DongNai,07-11-2012,000022,23724,66130,92476,99950,30654,33226,97927,22327,38025,38162,30862,3219,7849,9391,3177,501,01
DongNai,31-10-2012,579132,77937,31655,30507,75151,91095,24965,18332,14883,37663,00748,80188,1465,7446,8552,0518,143,62
DongNai,24-10-2012,765939,38603,82414,81543,48157,22303,33875,72052,73095,05496,35683,59049,9605,3960,0889,4701,775,49
DongNai,17-10-2012,871361,81666,94111,55002,56548,10170,38355,47707,96526,34880,59821,95085,1657,2005,9623,4481,194,46
DongNai,10-10-2012,177269,21122,39380,33348,47141,05648,64405,24630,57368,08491,75472,52278,5824,8263,6876,0102,169,10
DongNai,03-10-2012,398927,47942,28306,06723,08852,37574,77067,69307,45246,14580,41901,35151,5084,5127,5456,7058,731,41
DongNai,26-09-2012,762090,18572,84390,18052,62449,11530,31572,07202,88168,10429,93255,65509,0149,5014,0827,6344,199,50
DongNai,19-09-2012,164376,20032,99127,64627,45843,05588,58828,85125,14131,11153,64608,44602,9219,7254,6763,8743,678,21
DongNai,12-09-2012,926173,24683,15104,87227,85538,27539,73305,89065,44795,34192,77044,09230,7394,7476,0348,1544,962,81
DongNai,05-09-2012,749541,64844,53455,81018,33365,63678,92822,11507,25734,33632,53422,65709,2224,0462,8780,8157,557,30
DongNai,29-08-2012,911613,84371,90451,54124,67894,23264,00391,59628,37741,85782,00053,76317,8838,0221,1630,4132,747,50
DongNai,22-08-2012,949614,06200,78462,62335,27798,03928,56134,08100,36032,76316,09289,85127,7173,3691,6543,9026,835,91
DongNai,15-08-2012,972793,35043,14490,93207,95499,53534,50719,98960,51480,40611,65843,77831,0111,9262,7664,3495,676,77
DongNai,08-08-2012,706304,03466,15802,27567,80236,85249,88287,36960,58383,48935,48348,07676,7116,1750,7222,4477,932,64
DongNai,01-08-2012,409858,06293,15676,78877,17776,63815,26324,13304,33368,80623,51483,52135,5072,2645,4105,0835,061,69
DongNai,25-07-2012,148055,26058,52276,40060,86323,43976,99520,23039,22734,80252,75936,62368,6979,0389,1714,3253,268,71
DongNai,18-07-2012,152380,93002,26019,17826,71313,39844,48139,97254,23739,50563,90175,55141,0725,5025,8901,8198,324,64
DongNai,11-07-2012,782586,84102,18788,17302,72959,22537,58170,09743,23034,16071,26375,14016,8118,7398,7966,8725,467,01
DongNai,04-07-2012,556380,42683,13687,60894,66914,93529,71806,29116,19195,57584,44563,73177,9152,3246,8330,0952,054,06
DongNai,27-06-2012,785876,16147,24685,69053,90788,65056,49057,57502,59652,07851,20336,80354,4519,5928,6615,3540,322,63
DongNai,20-06-2012,638692,53873,95460,37721,35343,31021,14668,91367,92152,96261,10096,63713,0508,1433,5519,3148,236,10
DongNai,13-06-2012,633521,38253,82512,79805,68423,42750,41848,95241,42311,18057,00221,10992,4315,2407,4503,9336,425,40
DongNai,06-06-2012,292243,96647,35524,95824,07920,85477,14460,80446,35254,15400,54473,38036,9670,4651,3903,1161,480,05
DongNai,30-05-2012,843672,38280,63912,96645,47853,52990,70848,60887,74604,05291,49457,32057,8856,8532,3374,5130,821,38
DongNai,23-05-2012,254331,57964,88685,06858,21994,39735,86143,78830,75529,70661,87213,90207,7951,8418,7368,5929,457,63
DongNai,16-05-2012,333521,12470,27521,07787,82269,30504,53253,00681,75094,17105,07647,58618,4982,7291,8359,1181,461,06
DongNai,09-05-2012,443818,71186,96597,93237,09444,72293,52117,51848,26852,34672,56000,44963,9526,0959,1894,6506,043,12
DongNai,02-05-2012,264184,39155,04082,07039,45786,89069,12143,99614,34523,10461,02416,92826,3276,8560,2346,6163,252,51
DongNai,25-04-2012,565273,65911,33979,12915,97730,15645,41354,55256,88722,33765,77028,26098,1554,1732,5592,0218,471,12
DongNai,18-04-2012,608164,81527,80222,88077,32268,06194,59747,37959,94001,72443,42450,30125,7515,0722,3916,8808,057,18
DongNai,11-04-2012,872151,50555,92339,26348,75120,99428,88649,73237,00900,21538,61383,56692,5261,9616,6437,7041,304,28
DongNai,04-04-2012,446869,46636,16817,66509,61346,44267,39322,69470,40519,21966,60045,25107,7071,0566,9108,4574,547,62
DongNai,28-03-2012,690932,64278,86398,31020,92915,24275,85365,65598,25615,21533,90043,35007,0681,5136,2966,3018,765,29
DongNai,21-03-2012,144137,43667,42294,84808,38162,22058,86271,14203,94744,95408,14127,34593,9623,7916,6220,5518,928,14
DongNai,14-03-2012,646626,74697,24813,25935,02673,28274,23004,27540,33055,72939,36858,58645,9804,1292,3627,4960,970,79
DongNai,07-03-2012,338680,96058,14810,26460,30824,34690,36754,90551,57713,12958,64096,62871,9547,8070,2363,5925,242,29
DongNai,29-02-2012,223772,49770,45446,72326,38207,77536,91290,05482,89715,27216,97026,55260,7129,3393,6180,5197,907,13
DongNai,22-02-2012,031406,56502,23654,34138,12643,64433,48726,70515,71000,83525,62525,79836,0554,6806,0338,4633,187,18
DongNai,15-02-2012,565599,11195,32209,26919,66415,73197,37753,91491,02013,57010,78917,72021,7554,7924,0201,7588,561,86
DongNai,08-02-2012,443608,06869,56374,84796,10091,38531,25670,12207,06854,28953,52841,77174,8038,6689,9746,7539,478,72
DongNai,01-02-2012,394089,10615,97799,83644,82174,04535,53476,84798,64813,11415,91460,30309,8291,9739,8750,1479,393,12
DongNai,25-01-2012,564660,53186,54032,75406,48647,83170,42508,93095,38421,54944,77024,53149,0697,6257,4415,2398,457,59
DongNai,18-01-2012,201011,36695,68706,04811,92274,96939,97931,44125,48664,88982,45975,48965,8994,7196,2482,3944,681,88
DongNai,11-01-2012,324585,63786,32224,73216,48357,51500,60385,09483,54852,15884,38984,51638,6561,9752,7374,4110,508,27
DongNai,04-01-2012,099548,73915,80548,07498,69879,61106,56171,10511,99801,27917,28447,75345,4512,2244,2251,5586,667,27
DongNai,28-12-2011,315989,38164,78519,87712,76975,28896,53570,94928,99330,59309,86275,94790,8569,3272,2752,3713,878,18
DongNai,21-12-2011,540683,85402,76717,33338,33820,05316,69961,55002,22596,05287,21625,78084,9122,1066,3290,3571,848,94
DongNai,14-12-2011,867338,16902,03140,00275,43457,12188,73877,54316,29188,05667,30605,30660,8416,7750,3318,0130,529,72
DongNai,07-12-2011,095507,39913,61469,46120,30867,78178,46438,32916,00937,29118,17053,97100,8249,3412,8336,7463,916,31
DongNai,30-11-2011,060560,00055,78687,50827,40304,12994,51326,26237,88578,35962,34437,12804,9271,5680,4766,7389,158,83
DongNai,23-11-2011,064107,78641,86733,70544,73623,29396,73452,52369,05142,07535,58766,05422,4277,9666,1819,5380,778,20
DongNai,16-11-2011,211414,36923,76831,07832,00444,65413,39819,47395,92511,69786,07286,07727,9226,2797,2860,6541,499,59
DongNai,09-11-2011,725316,59822,36812,85434,91480,75255,37642,14061,23379,60042,51478,65103,9330,0584,3839,2420,264,02
DongNai,02-11-2011,395094,83742,16301,28994,43865,87487,01121,03341,42526,29798,88388,42408,8194,7652,8864,9166,260,66
DongNai,26-10-2011,415981,20635,54219,55591,65016,17715,98368,91408,68317,61827,09721,23323,5183,0514,2960,9792,930,15
DongNai,19-10-2011,440980,14978,58883,49095,13536,77389,92529,14667,75753,95853,11545,15492,5150,6458,8756,7597,669,56
DongNai,12-10-2011,696621,41155,08436,68369,04793,89619,71108,07772,74369,63564,09333,20522,1730,3238,8267,5485,454,30
DongNai,05-10-2011,298602,31006,72262,92939,72155,98136,10242,36397,85728,03085,36974,15433,0023,5256,5751,4561,436,33
DongNai,28-09-2011,714906,64197,45747,04859,91778,90349,08902,38993,98260,81948,19051,75554,0134,1068,2355,3955,261,52
DongNai,21-09-2011,358503,71196,21821,38134,24416,13159,66127,61610,05640,34914,42931,55538,5774,6823,0128,4009,263,62
DongNai,14-09-2011,555748,66273,48060,97889,01116,71695,05845,76725,07628,38008,11158,60383,2987,3441,3688,8217,944,08
DongNai,07-09-2011,792073,56539,66666,30564,67688,46606,52408,00329,85021,89033,31333,71218,1919,9672,3700,7781,260,29
DongNai,31-08-2011,107679,14162,05968,18259,68269,03629,06252,73161,67604,01208,30910,85750,0778,8056,3793,2290,603,09
DongNai,24-08-2011,971916,58289,88437,18491,09160,33546,23915,39152,46979,97591,79922,31608,1414,3109,4029,7641,410,06
DongNai,17-08-2011,132175,66684,69570,59516,63486,74281,99021,83382,37113,04938,59746,46911,8269,4318,1297,8773,199,68
DongNai,10-08-2011,319613,65213,65201,37442,71593,25028,84135,87941,16537,21225,39113,65044,1838,6449,8510,0653,141,82
DongNai,03-08-2011,444877,06105,83831,27240,64041,25275,74882,73043,86192,52792,32503,37424,3907,0572,1403,2901,539,89
DongNai,27-07-2011,924298,53627,12526,68342,64249,81354,29520,64055,58054,35643,05978,24189,4650,3142,3144,9585,988,61
DongNai,20-07-2011,732292,50218,66880,14497,61773,31752,20218,76359,00445,78215,30957,58810,1617,3788,2935,6662,907,91
DongNai,14-07-2011,617401,66891,02965,81112,34457,40961,31791,31415,43098,78151,33531,20754,0594,5118,6791,5273,388,31
DongNai,13-07-2011,617401,66891,02965,81112,34457,40961,31791,31415,43098,78151,33531,20754,0594,5118,6791,5273,388,31
DongNai,06-07-2011,830366,88255,83956,00810,86983,35622,26115,00110,85710,46697,37705,11949,7194,8420,8791,7943,558,40
DongNai,29-06-2011,911645,38763,04953,49400,49584,87321,35023,72951,22867,47908,83872,18862,5111,4804,0782,0098,637,91
DongNai,22-06-2011,171135,11886,31615,39153,72773,76160,41651,02267,57389,18966,33125,98311,5928,0880,0175,7626,396,05
DongNai,15-06-2011,780219,70735,47663,14162,39376,66092,51813,56525,26024,94574,26372,95117,7962,8524,7181,5138,486,37
DongNai,08-06-2011,812377,54779,63850,29530,35453,76810,63157,87942,28782,71537,01212,81777,0859,2521,8422,7910,473,25
DongNai,01-06-2011,397837,02852,32218,97780,07190,37562,13938,57981,93926,83939,69211,23699,7412,5891,9688,7372,228,33
DongNai,25-05-2011,435288,36254,28715,49000,82728,88158,75471,79492,76572,02833,94575,80327,6677,4800,4980,3663,013,66
DongNai,18-05-2011,980722,30112,17694,25973,45262,33565,31419,02868,77541,88324,35133,42278,6841,4511,6415,5774,174,35
DongNai,11-05-2011,752332,66095,20420,74570,92988,49729,33962,74956,82334,52965,55420,34111,4324,0533,5742,2827,150,00
DongNai,04-05-2011,035630,25338,66206,83265,47164,91525,86624,46857,62913,50967,45572,87241,1684,6415,9641,7484,578,94
DongNai,27-04-2011,776863,14519,41615,39395,55632,51781,37732,89691,00090,12679,90583,78407,6934,1304,8729,7472,644,55
DongNai,20-04-2011,557169,30663,62558,79123,74616,43351,08251,29450,74070,42878,37774,65277,4128,8460,6083,8642,921,61
DongNai,13-04-2011,145478,11655,47352,69210,22556,69409,96108,56477,27544,32779,72244,37949,9302,2730,0567,5193,320,22
DongNai,06-04-2011,792846,93581,54602,50656,08771,52848,25581,38415,53913,01220,26604,77156,3954,3665,8403,8242,352,99
DongNai,30-03-2011,241661,99053,83093,96764,03566,45653,85030,50385,66809,29913,85803,46394,7206,9915,4586,2267,093,87
DongNai,23-03-2011,659744,05375,39894,92171,85704,73017,32838,08132,16309,86718,28418,38995,2635,1633,7417,9075,745,16
DongNai,16-03-2011,875825,96514,68166,74831,52457,58196,85262,38391,15352,88031,88690,85728,5276,6467,0982,5007,911,84
DongNai,09-03-2011,288665,76680,53727,07859,41417,21206,04926,16289,65658,30653,65688,01747,9830,7981,5957,2876,531,92
DongNai,02-03-2011,940234,94066,62961,86039,50657,79593,37238,79886,73476,31844,81083,45261,3996,1899,7765,7675,209,67
DongNai,23-02-2011,913828,91436,51352,83769,18381,84760,31236,22932,42080,24639,45245,02743,0791,4529,0922,9012,116,60
DongNai,16-02-2011,918423,72318,14464,03500,63974,02230,31134,75495,59502,52313,00355,43134,3550,2496,6978,1923,963,16
DongNai,09-02-2011,303482,91349,70380,79434,11727,66521,64458,20678,03706,01178,85143,59432,9575,9807,8013,8748,453,83
DongNai,02-02-2011,941526,99516,94620,05755,14923,18804,69554,61976,77884,34427,90538,36829,6380,3113,5825,3378,160,22
DongNai,26-01-2011,819067,34856,42402,62567,93999,93214,66144,91293,73702,97073,21387,42598,6703,9563,1697,9621,887,38
DongNai,19-01-2011,241978,09888,46279,60465,02899,50202,86179,98140,50344,64116,02120,44176,6150,2222,5532,1726,499,43
DongNai,12-01-2011,164065,97824,26330,54326,36114,72625,20714,97348,30426,52884,63755,90676,7854,2402,9941,1752,883,66
DongNai,05-01-2011,912014,36875,39310,90632,55596,43919,25674,40588,93778,78441,88810,44778,0375,7280,0973,0488,508,08
DongNai,29-12-2010,713530,61733,17331,54858,18481,42031,98072,48634,25294,42991,45156,39145,8840,9061,1098,1778,485,11
DongNai,22-12-2010,318845,80948,66956,56279,00460,21101,94537,54262,18756,26283,07548,16415,0929,4282,2110,5432,281,29
DongNai,15-12-2010,456063,68457,10469,30084,20132,24139,97076,60565,62605,43852,93156,70703,4271,8429,4169,8899,907,41
DongNai,08-12-2010,267615,19880,39070,64463,27444,56846,66848,32244,79640,11814,60961,73524,6802,5200,0344,8856,630,44
DongNai,01-12-2010,106921,52002,45951,85561,88922,51069,70738,49196,54729,98851,66500,26183,0186,5463,9457,1367,523,96
DongNai,24-11-2010,162001,72986,73035,70638,75155,93157,76182,57133,58657,15834,06747,89830,5087,5918,5482,2707,699,22
DongNai,17-11-2010,443694,19976,55283,90301,00662,09673,35220,83152,84395,96189,43413,91101,6245,1178,8908,2447,978,13
DongNai,10-11-2010,015676,12917,39934,70865,90210,57298,56530,42770,14809,70073,22349,51445,8076,9632,8566,6949,213,68
DongNai,03-11-2010,137931,48498,71504,88411,91822,82862,76826,99127,33705,76612,82843,12973,3336,7944,1889,5743,671,40
DongNai,27-10-2010,968909,60583,07886,78906,69179,47584,43941,92902,07828,29406,00197,68850,3269,6995,8908,3036,013,31
DongNai,20-10-2010,799677,82301,43858,62826,00856,34607,02869,21468,36785,56236,95950,90640,8655,3418,1816,3714,585,14
DongNai,13-10-2010,732631,38857,68330,30731,07782,45782,70478,96553,37380,25827,14637,27379,0929,1909,4740,4798,255,00
DongNai,06-10-2010,756055,84255,69237,08629,83913,77316,70551,72513,19128,62816,59689,13126,1712,6828,7390,4422,207,03
DongNai,29-09-2010,962889,29411,08654,18592,34929,65594,19036,68671,42145,96996,31319,86010,9056,1010,9373,5790,691,05
DongNai,22-09-2010,068775,44872,96180,17606,71474,99543,59164,74826,76091,25721,02072,94090,2924,6269,0875,2020,370,68
DongNai,15-09-2010,401243,45794,61070,36214,40997,40252,63970,90296,62271,27902,54235,37817,9354,9986,0072,1122,659,77
DongNai,08-09-2010,116422,68476,96420,99500,71356,69154,59445,25224,49237,81333,90692,58678,5996,2114,2551,2631,712,75
DongNai,01-09-2010,416969,55185,73854,18888,98674,05832,78680,18526,58929,55502,01669,17947,0571,0153,7598,2358,569,66
DongNai,25-08-2010,918852,46202,67460,68649,47883,66530,07333,62617,84775,33923,57280,46382,1188,8228,7081,0939,973,34
DongNai,18-08-2010,107539,82873,16406,87729,24764,92603,49779,60499,47504,80075,68858,13737,3781,6975,9562,4037,351,66
DongNai,11-08-2010,467869,69391,88288,48463,31276,43859,99781,01783,28752,90510,88666,43555,0632,8747,7773,2219,666,21
DongNai,04-08-2010,883296,70401,22159,01228,17885,68805,74229,02119,10706,62177,74177,90215,2067,4079,6094,2020,121,49
DongNai,28-07-2010,820144,60071,10606,14564,68902,83559,55828,96946,58450,35851,90115,43003,5855,9039,2837,4116,461,89
DongNai,21-07-2010,967206,62496,76763,93685,17241,32614,89026,69990,84694,31186,83359,72017,0873,8112,6317,1177,464,43
DongNai,14-07-2010,753722,74373,18045,58701,64164,05482,01952,29486,70379,29168,74285,00547,0516,2241,9100,8091,322,76
DongNai,07-07-2010,187867,97175,76180,51951,52010,20743,49438,49739,35444,22328,20959,71147,8825,5198,5250,8404,538,62
DongNai,30-06-2010,032188,51557,25449,44459,79026,38624,49235,39967,08440,79059,04125,76564,3476,3942,0053,1652,326,59
DongNai,23-06-2010,743162,47744,49257,84911,03187,90763,32861,81345,31476,27391,57953,84189,8574,7752,8426,0307,333,82
DongNai,16-06-2010,872888,22668,40914,82262,76663,02472,22625,94887,17839,73224,26155,85728,5942,8611,6333,3395,457,83
DongNai,09-06-2010,282277,22583,17136,30970,24168,89241,85503,75990,71251,11500,54428,11716,2924,6748,5449,8297,751,07
DongNai,02-06-2010,909261,10613,50398,47097,37841,12322,04065,72692,92998,30665,48808,63570,1222,0623,8528,9334,700,41
DongNai,26-05-2010,489581,05779,39400,44770,59732,78055,53495,63158,94576,22894,74608,22662,7948,7601,7077,1747,929,47
DongNai,19-05-2010,530324,36975,48433,91071,11378,54705,03272,62239,06722,24516,95843,78082,7132,4455,7385,5226,125,86
DongNai,12-05-2010,886909,03425,81951,36400,04737,97623,91850,79064,30725,35219,10225,35232,6496,0295,2935,3036,416,97
DongNai,05-05-2010,414914,92709,99719,30534,43961,94590,45293,80519,35282,46095,57171,76532,5190,7145,4996,7851,056,51
DongNai,28-04-2010,885061,88467,76465,48364,01350,54709,48027,82826,98477,28767,25121,28425,7576,2864,8375,1437,325,91
DongNai,21-04-2010,466769,00072,90318,63589,96334,34171,90239,74408,61286,08589,17512,74725,7360,4590,3939,0362,270,55
DongNai,14-04-2010,713364,93129,04648,89209,98826,70717,74847,27198,40061,98183,50039,56183,7624,6099,9553,0700,263,62
DongNai,07-04-2010,274068,11549,13385,24029,80890,07978,73185,97761,76651,26808,92134,34754,4732,6424,4667,5311,187,54
DongNai,31-03-2010,108698,59532,07934,25863,23493,29119,12120,92104,45217,26556,98123,53465,4063,1945,6567,1141,479,32
DongNai,24-03-2010,624068,26563,65630,82936,17711,37744,39938,03886,80587,01271,16178,59307,9361,3768,4617,9288,807,11
DongNai,17-03-2010,974495,78240,13938,30979,48435,34514,03161,86729,28469,55750,14949,58747,6087,1408,2489,5345,520,19
DongNai,10-03-2010,702608,94092,52732,74270,07383,72960,05035,45703,02930,92550,36000,96805,4326,4358,7706,5106,907,09
DongNai,03-03-2010,805416,96141,05252,56523,03015,88310,06902,06524,33818,91762,73887,76221,1024,6656,8518,5473,427,92
DongNai,24-02-2010,188006,08590,49365,24910,28132,87198,13538,49406,89205,76475,74229,91962,2804,7492,5904,3501,728,47
DongNai,17-02-2010,724722,08510,30035,95652,48127,19063,30507,88277,99770,53037,35476,55624,2215,5144,5998,5571,741,84
DongNai,10-02-2010,763346,85845,72116,83618,24367,98814,80550,78878,44744,26833,02927,09920,2356,4426,6933,5759,960,38
DongNai,03-02-2010,907442,69051,91621,48635,55104,54514,78615,39923,69130,23947,63486,69208,6817,8357,2619,1998,515,78
DongNai,27-01-2010,797207,11618,00615,55712,55529,21000,25160,63818,96354,94995,68322,78504,9405,9780,6335,3371,532,12
DongNai,20-01-2010,751735,63984,71537,19272,84449,84715,40756,40269,68070,20899,12328,31336,2514,3658,6500,7683,058,76
DongNai,13-01-2010,839141,92021,58222,31502,96847,04310,42920,97373,28841,47652,08737,19006,8897,6033,7594,9331,918,19
DongNai,06-01-2010,500125,52825,71206,44071,81103,56363,17863,64525,03369,06603,85383,54736,4628,3303,8359,1055,484,93
DongNai,30-12-2009,074340,50342,94134,82981,87652,67015,02628,63119,80966,58950,33721,36604,7225,0419,2656,1539,977,07
DongNai,23-12-2009,416476,47594,61017,93498,52606,28814,21586,05536,83629,02031,85058,09778,2605,6280,6063,2396,965,60
DongNai,16-12-2009,744652,41641,85445,63648,03955,81179,68383,70220,25280,51437,52244,70975,8457,3948,6281,5389,296,03
DongNai,09-12-2009,781840,34302,04691,46764,07106,72573,69435,92353,67015,35540,47228,35325,3635,3752,4631,0711,750,77
DongNai,02-12-2009,464009,40540,89648,95798,63625,05734,07068,97757,86537,09461,40308,30626,5735,4437,9743,8087,373,24
DongNai,25-11-2009,995687,91901,57573,17787,94652,79065,28701,54436,62653,27105,21808,72938,9810,2938,9208,7866,974,16
DongNai,18-11-2009,750892,87173,84030,30287,31962,04784,66273,22628,02467,33210,36896,58544,6450,0231,4134,1904,353,74
DongNai,11-11-2009,183337,76946,63222,24193,66883,56869,49165,02611,63653,84799,34799,03193,2767,8998,3453,5356,777,93
DongNai,04-11-2009,625721,29679,61278,33319,09213,33175,50741,68475,70206,86054,89735,57667,9683,5885,6743,3823,902,54
DongNai,28-10-2009,692466,49758,56129,80182,27517,84009,95841,05908,63406,80007,75333,32052,1844,9977,6251,6977,928,75
DongNai,21-10-2009,120848,83142,51667,55707,57662,46340,46818,80599,43509,36259,67608,29934,5062,4907,1057,4906,112,55
DongNai,14-10-2009,273820,55469,17200,23950,22713,31720,81644,02844,91981,96324,61537,40442,2439,0398,5037,1613,881,05
DongNai,07-10-2009,670856,79766,16964,65559,74540,25271,51939,48008,80530,33391,70431,85454,8312,2316,1660,6835,350,41
DongNai,30-09-2009,60197,08425,09775,48932,16753,43268,73859,30178,09074,98757,43182,06463,4455,9568,3348,4276,798,07,00
DongNai,23-09-2009,27144,62723,99452,64080,81016,31610,59296,20067,42735,16619,18588,04628,3942,5335,2711,5235,839,43,00
DongNai,16-09-2009,35545,03242,28366,71766,53965,58495,94035,33705,41321,26437,08549,39686,3590,4588,6300,4315,922,26,00
DongNai,09-09-2009,12188,53392,47973,51613,61390,13702,05047,20823,86858,28634,29852,84550,2133,3316,0593,6547,662,34,00
DongNai,02-09-2009,55184,53508,12110,82112,19966,41723,32562,52519,98821,03148,16218,41399,6267,0624,3933,7783,477,52,00
DongNai,26-08-2009,93938,85801,46718,98293,03432,74469,54025,09422,92872,77514,72736,24883,8791,0343,2754,8807,133,67,00
DongNai,19-08-2009,19378,78081,48918,07573,09133,62103,42174,86726,89840,11057,02908,68748,5244,3211,9196,3379,742,99,00
DongNai,12-08-2009,85982,95178,40890,47985,77615,26466,63327,99106,99221,86949,47799,64211,6070,4297,6304,1074,590,11,00
DongNai,05-08-2009,42436,14501,94933,89476,94969,86584,64489,66166,49744,47666,22958,78364,4642,4906,8962,9157,474,89,00
DongNai,29-07-2009,73086,38822,53982,32037,57959,28159,14605,75995,22167,50129,64069,17851,9332,7530,9468,4700,172,95,00
DongNai,22-07-2009,60249,28967,27885,82765,25634,59871,21486,08188,21492,99293,56338,62652,3421,7612,1722,4676,798,76,00
DongNai,15-07-2009,83599,08793,36858,01529,27961,46862,32073,06185,64562,90054,39403,65393,9075,6323,1203,2900,603,06,00
DongNai,08-07-2009,82474,12761,00842,25056,51769,75770,88322,43447,04540,44800,83026,11004,6954,9494,9954,9683,913,51,00
DongNai,01-07-2009,60264,99938,81019,84982,47377,03661,33704,25982,81003,35319,87182,52840,6105,2407,6087,9326,142,76,00
DongNai,24-06-2009,25096,09188,10052,94805,97075,75262,08687,27840,12801,12287,09475,78364,1587,7534,1396,2374,680,98,00
DongNai,17-06-2009,99256,10480,49820,27333,44047,83392,23010,47927,91230,18908,99404,90247,9855,7835,2998,5645,181,91,00
DongNai,10-06-2009,93387,41448,25825,49559,28743,17501,17195,69148,29993,47412,45992,24573,1923,7294,0171,9167,803,12,00
DongNai,03-06-2009,16885,67532,90877,85042,69058,49008,63243,87913,27843,27853,72448,35365,1621,3633,0270,7734,453,66,00
DongNai,27-05-2009,46850,12793,07975,42902,37486,17572,05064,01917,82855,60715,10825,33918,8288,2131,6261,9571,137,02,00
DongNai,20-05-2009,95282,07478,37345,57107,99952,02736,88200,79799,65478,08604,42880,44628,0937,4899,0180,0941,541,46,00
DongNai,13-05-2009,95288,47548,09740,18097,07467,91744,41551,15554,76404,18104,72732,86027,6196,5665,7342,4026,587,63,00
DongNai,06-05-2009,20507,25953,60440,87913,37841,89929,17996,75536,73599,80696,60262,42442,7135,3865,6649,7115,201,32,00
DongNai,29-04-2009,03933,52343,03259,72508,31743,57393,89009,64134,36996,59388,80452,99126,1310,4530,2660,8678,573,08,00
DongNai,22-04-2009,32261,92749,35276,73110,24279,69550,31234,71250,65405,99902,85033,93848,2174,4100,3854,0126,134,30,00
DongNai,15-04-2009,14882,17580,95998,38596,14760,38290,12945,59113,64656,57020,48319,44746,9494,2422,3211,9771,639,89,00
DongNai,08-04-2009,95235,57324,44908,40335,09343,83986,27993,79774,03131,48528,24747,66054,1577,3487,6538,1584,503,61,00
DongNai,01-04-2009,94627,85124,34381,14282,89804,66472,76526,51410,14492,96867,42059,09347,7104,3762,7926,7866,149,49,00
DongNai,25-03-2009,72941,03285,50309,37141,74716,97296,92201,98374,75197,24615,52078,39009,5624,1138,6274,6393,468,64,00
DongNai,18-03-2009,11540,72841,79134,85140,17611,48503,11201,93429,35899,92817,02833,29683,0118,6845,8804,9078,538,15,00
DongNai,11-03-2009,09741,02089,60074,03806,61784,73524,57397,86066,27336,00077,74450,16385,0913,2012,2061,7351,419,90,00
DongNai,04-03-2009,88391,74149,91417,10800,88029,49430,78399,51675,47770,22833,96112,65688,6862,4981,7652,8828,705,52,00
DongNai,25-02-2009,82852,74678,85025,52373,65391,80825,81276,42724,08755,63927,10202,40877,0876,6944,4827,5964,197,06,00
DongNai,18-02-2009,06433,34770,85684,09377,59408,88543,18020,96562,87256,05413,47247,78552,7809,7571,3509,3291,878,37,00
DongNai,11-02-2009,57480,28566,67101,56868,46753,91471,88339,90597,81345,10081,69967,93231,5066,3862,7039,6016,969,68,00
DongNai,04-02-2009,04959,63685,26147,14307,27464,84501,76856,16916,20561,25726,12130,75501,9475,2688,0713,1373,194,32,00
DongNai,28-01-2009,05341,98439,09331,47211,31354,45145,51598,10300,05519,78332,07824,13896,5821,7508,1916,4358,262,75,00
DongNai,21-01-2009,27287,17175,85943,09159,88631,15732,07144,79292,25206,43949,08998,46458,1424,4255,3480,3116,053,60,00
DongNai,14-01-2009,44852,74779,91118,12243,75895,85134,43301,02287,39371,82667,35931,64952,1139,9932,3795,7830,286,57,00
DongNai,07-01-2009,10084,61693,30985,44619,09760,46534,47791,23532,18123,29490,70578,40826,2330,7190,3975,4702,534,74,00
DongNai,31-12-2008,06403,88262,20838,62306,77159,50853,32558,87596,13990,15197,35381,05953,9646,8462,4197,2584,849,74,00
DongNai,24-12-2008,88168,99370,30384,26967,74311,86841,52047,45634,03530,08229,35532,72014,6412,6572,9017,6389,182,16,00
DongNai,17-12-2008,28416,80947,46121,98243,00289,15967,64043,90614,62393,01131,65949,57803,2007,2892,2060,3850,009,69,00
DongNai,10-12-2008,95191,16007,68950,51341,98374,03315,62703,85882,50726,03048,28965,67093,7323,4988,7203,1442,563,73,00
DongNai,03-12-2008,73417,42272,82773,58658,69796,79127,01553,54084,74010,59029,09083,76104,0797,1993,0815,7974,638,49,00
DongNai,26-11-2008,64303,94500,09532,73401,08715,51199,18935,30414,66191,80192,01077,29158,1045,6317,6921,6425,079,78,00
DongNai,19-11-2008,97057,60323,59031,92317,42717,74383,45167,81806,18416,89548,44619,85058,3373,2035,6324,9036,265,98,00
DongNai,12-11-2008,60390,84926,23285,97097,53911,91396,40468,82098,95468,36872,55738,11600,6460,1120,6627,2613,213,28,00
DongNai,05-11-2008,12182,92822,70643,74069,49085,90137,67309,00066,57695,53250,43197,37924,5236,3357,6939,2040,165,23,00
DongNai,29-10-2008,82687,56923,43165,10870,99431,22478,59195,90584,20921,10034,73181,64680,4498,5439,0884,1337,872,44,00
DongNai,22-10-2008,47956,92742,05932,43066,50015,89561,37753,27107,84692,46029,80234,49919,3034,1681,0292,6167,843,54,00
DongNai,15-10-2008,27082,86577,78921,56326,49857,18874,70441,68404,99250,54694,44026,56182,2443,6532,6820,8554,319,11,00
DongNai,08-10-2008,07613,42420,05249,07209,32802,45492,99191,16118,29658,31683,23312,81264,9873,6810,4438,6666,271,35,00
DongNai,01-10-2008,58840,83751,15586,02354,16141,21269,40723,42129,38667,11157,16196,49290,0436,3682,5512,7860,210,49,00
DongNai,24-09-2008,07929,86448,63896,39280,11386,12320,23174,95826,63241,29314,60978,36862,9867,3718,6147,0582,906,87,00
DongNai,17-09-2008,06037,64110,49341,94329,96809,13417,41167,90228,37508,58469,38301,90458,0442,6986,6864,6029,712,75,00
DongNai,10-09-2008,16301,06080,58938,43864,01858,81582,60916,08688,03893,43202,45056,36209,7992,1988,3975,7734,013,40,00
DongNai,03-09-2008,01993,00954,35171,29256,31383,34751,66638,51587,84600,23660,73540,47888,5283,6199,5596,6111,651,87,00
DongNai,27-08-2008,81499,56883,20417,48739,77196,11971,54511,90485,02422,74473,76744,77799,0377,1204,2473,3488,138,50,00
DongNai,20-08-2008,30678,68408,63427,59023,56093,10598,68490,41967,11585,20420,48839,19145,7556,1610,2375,4831,592,34,00
DongNai,13-08-2008,14320,42034,73632,30192,72676,05789,19509,57644,83327,68574,82358,48687,6687,8875,1177,5701,670,35,00
DongNai,06-08-2008,69531,37179,18871,82883,22572,17874,88056,30133,06932,76259,60654,53281,2162,3547,7201,1545,997,57,00
DongNai,30-07-2008,10812,99837,06192,35143,02077,88953,88700,36793,56611,16320,29465,14071,1588,8099,7588,4275,878,13,00
DongNai,23-07-2008,43590,65952,59021,32246,31045,53849,51176,02610,52908,87285,59222,74999,4329,0900,0371,5243,656,04,00
DongNai,16-07-2008,37663,20382,24806,95572,26453,68515,65435,93006,24760,08109,70641,67660,8630,3316,3606,3499,081,14,00
DongNai,09-07-2008,32717,26368,13457,78042,59479,59044,20222,76639,22477,26468,22956,55001,2704,8534,9974,6178,296,16,00
DongNai,02-07-2008,59271,18596,69064,30246,72959,74427,25787,82765,62802,20265,45642,77634,2594,3977,1337,1496,454,47,00
DongNai,25-06-2008,25654,69148,00464,93656,66961,75827,85787,39862,84024,17690,75584,48039,7364,7983,6961,0131,918,80,00
DongNai,11-06-2008,90397,64972,60622,43659,00435,26989,61251,18535,83285,51383,10751,19775,6397,1949,2213,6384,179,81,00
DongNai,04-06-2008,48955,35302,76315,91035,49918,97310,88741,63915,99524,90001,54751,04608,7929,7488,6080,4243,493,65,00
DongNai,28-05-2008,24462,36278,17734,53222,07205,77565,34926,96530,62430,73200,31781,88292,5330,1005,9959,2643,242,28,00
DongNai,21-05-2008,11608,36952,66948,66253,28806,81641,93894,56760,52325,60508,98333,00656,1919,4166,5771,2759,964,18,00
DongNai,14-05-2008,56454,75845,53449,95130,50263,77664,53661,75134,63167,27032,39837,34993,4882,6708,3904,5668,187,46,00
DongNai,07-05-2008,33183,86473,18857,90110,54766,51440,80508,30913,63552,46934,58335,69959,0746,7272,7973,3076,687,91,00
DongNai,30-04-2008,91881,55425,95479,09060,38670,19441,42051,08918,00717,17061,84779,9707,3609,6101,8804,9818,810,44,00
DongNai,16-04-2008,21956,01012,17844,96153,21717,19695,59506,97225,49101,22716,59994,8320,7123,2365,3741,8254,562,20,00
DongNai,09-04-2008,58848,98412,30407,51670,96954,95439,77085,68852,90086,33434,17895,3079,4687,7870,9813,4381,851,26,00
DongNai,02-04-2008,41604,27805,01073,35789,91560,68241,02704,37000,38694,76221,36707,2842,2517,4809,3152,1520,184,24,00
DongNai,26-03-2008,65733,80845,19300,23833,77894,91958,19016,95680,62757,23444,38726,7544,1539,4536,7387,2172,586,26,00
DongNai,19-03-2008,37699,90133,32422,56421,03723,18972,03679,38947,30948,73172,45281,7644,8005,3951,4970,0151,860,86,00
DongNai,12-03-2008,27582,28875,59737,44706,51801,12875,89517,18032,58995,29910,98111,2395,4975,4071,5807,1612,912,85,00
DongNai,05-03-2008,86544,74062,00921,24966,33076,98397,00191,08525,84476,02454,05157,4364,2805,2439,2746,0860,839,84,00
DongNai,27-02-2008,25521,59215,63544,32467,13270,28169,08151,98384,73479,98274,97397,00901,5564,6185,2212,8857,917,94,00
DongNai,20-02-2008,74328,97679,98877,30309,82794,64929,03740,39571,30032,97034,81236,88762,5026,5998,5093,2636,408,98,00
DongNai,13-02-2008,35970,78243,22979,98367,76435,87671,30637,21346,44468,04276,59270,79583,7778,7397,1788,2448,559,83,00
DongNai,30-01-2008,26347,28644,32976,46342,68311,64254,75164,93422,57290,92677,45462,44153,1766,2345,8881,6478,477,96,00
DongNai,23-01-2008,52697,77735,83212,32041,95979,96310,05645,01392,76456,54703,47720,60463,1536,6980,0382,9799,834,21,00
DongNai,16-01-2008,89232,18974,99246,88006,97520,25341,57158,06777,42400,01930,02206,68323,3261,9233,5846,3394,717,51,00
DongNai,09-01-2008,21538,41693,70348,86248,53983,10029,74459,27775,67086,82791,08053,80687,8989,0615,6363,8128,439,85,00
DongNai,26-12-2007,73303,31182,72491,57441,82426,46882,15861,36889,42944,08249,95743,94199,0098,1915,0173,9435,662,97,00
DongNai,19-12-2007,91879,86008,66152,14718,24477,02683,72343,67558,79614,93963,05810,49943,2885,7808,2347,7394,369,84,00
DongNai,12-12-2007,70352,65045,21794,97975,50764,05278,24900,58359,63395,90652,46499,54010,7456,6101,9533,2630,153,03,00
DongNai,05-12-2007,56860,05549,57002,70263,72754,28793,31078,65577,34086,86708,20447,79328,7136,9094,4676,6817,308,29,00
DongNai,28-11-2007,21908,15458,19259,43196,10395,64891,08970,42004,93443,88896,13865,97984,2134,8503,2783,4367,526,18,00
DongNai,21-11-2007,63580,35187,81423,67484,27808,12698,58554,46635,19865,79187,46373,03672,1100,8916,0984,3544,621,38,00
DongNai,14-11-2007,23867,69103,08681,42155,67156,50493,38507,58698,50234,97187,03850,22460,6818,7509,2148,0986,160,03,00
DongNai,07-11-2007,27341,01848,58119,90925,43031,60595,68477,82461,52920,70341,15737,80965,3201,8358,6880,5756,522,68,00
DongNai,31-10-2007,78596,80562,79641,51805,93079,33491,95595,41196,47504,20312,25937,78802,2068,6060,0037,4452,214,99,00
DongNai,24-10-2007,19072,83120,78903,57068,80442,77804,76561,98569,51836,46054,74664,07740,1376,2193,1503,5037,047,58,00
DongNai,17-10-2007,32237,15056,64505,50162,85363,67308,41091,59590,42795,75401,56379,17498,3676,0401,5552,0482,336,47,00
DongNai,10-10-2007,99595,78613,44361,24881,44497,25505,69185,75914,48442,14760,78517,17765,6226,0092,7600,6476,112,60,00
DongNai,03-10-2007,12827,81338,34241,89527,76350,34439,95048,06047,44137,66602,64379,19075,4335,9287,8707,1521,957,09,00
DongNai,26-09-2007,55921,02118,06727,27907,78188,89036,99340,54672,15678,44102,96864,34627,6852,2683,4373,7861,654,37,00
DongNai,19-09-2007,52675,32234,27848,38071,72710,51611,73660,57680,99301,40181,87736,09939,8332,5892,8141,7436,460,11,00
DongNai,12-09-2007,21883,92277,80944,79906,40155,48930,16763,38198,13838,55043,29451,66584,4155,8096,2426,9874,371,16,00
DongNai,05-09-2007,88580,77585,11967,77273,15595,81559,05230,74111,43645,47893,25409,24856,8127,4003,2985,9453,008,02,00
DongNai,29-08-2007,66759,42085,58615,81252,03705,83968,30744,38698,84860,83914,88034,61309,7632,0248,1136,1722,342,21,00
DongNai,22-08-2007,38815,53535,28833,32119,43131,82634,66021,38498,56196,52195,69757,94075,1179,1724,0016,4551,695,51,00
DongNai,15-08-2007,11412,93071,59413,16465,42983,26374,57900,78820,60985,60941,63896,78424,8888,7174,1836,4170,336,53,00
DongNai,08-08-2007,53086,78757,25912,95411,39188,20951,94323,74007,88080,22887,35014,10796,8521,9766,9183,1493,117,20,00
DongNai,01-08-2007,12493,15495,48986,70864,04083,56584,55425,65375,39296,53094,70020,73324,1184,0791,6243,5461,089,38,00
DongNai,25-07-2007,31053,42615,56136,09930,36325,76659,38883,63552,26607,02491,86281,20860,6819,6415,2350,2832,191,52,00
DongNai,18-07-2007,44003,49357,32100,01029,92441,42514,88955,90118,10219,64900,12173,27951,1891,8545,1006,3569,102,35,00
DongNai,11-07-2007,08813,57650,74990,81622,55053,04341,71203,64037,41055,13547,12937,08205,4313,6111,6754,3160,047,72,00
DongNai,04-07-2007,96489,61764,04194,35746,88624,80892,51640,30187,00856,48651,29761,47814,5549,7299,7774,2437,921,74,00
DongNai,27-06-2007,55370,52623,90635,80166,50467,17305,53582,98719,96454,36750,14548,03635,5793,6164,5185,6812,427,01,00
DongNai,20-06-2007,28144,19198,38442,10759,40731,82180,79421,93803,81996,03105,42287,49804,2510,0111,4739,8225,943,26,00
DongNai,13-06-2007,60180,33790,70504,69853,68866,42899,46904,30780,18202,18235,18438,59394,8099,5747,2686,9702,678,05,00
DongNai,06-06-2007,03174,93480,07932,68219,02286,30333,83698,66492,00265,36035,99668,80641,2259,8057,6827,9115,062,16,00
DongNai,30-05-2007,81316,59442,89884,90596,27165,08233,29685,10893,33835,40048,00116,06549,0412,3789,0553,3704,639,04,00
DongNai,23-05-2007,38871,46396,98601,81996,73733,45935,25448,54473,93814,37580,72328,54455,0108,0107,5465,6289,785,03,00
DongNai,16-05-2007,75282,19511,84527,48734,07026,23178,32577,70936,79689,55500,82661,69737,5408,2757,6678,8118,446,37,00
DongNai,09-05-2007,77074,41678,73866,42550,69935,35195,64165,36374,43533,33994,88130,43562,1891,6623,4345,9085,109,16,00
DongNai,02-05-2007,29431,43124,56662,06058,51103,45838,95768,10184,83506,66614,54865,97587,3301,3359,1879,5276,472,12,00
DongNai,25-04-2007,80476,31300,44580,78602,17266,64956,56280,51076,39163,66170,56710,38430,0217,7561,2879,9676,462,97,00
DongNai,18-04-2007,96550,67423,63585,22119,18412,60040,36527,54359,80022,24961,05765,49068,4785,1760,9086,7861,201,83,00
DongNai,11-04-2007,98072,31329,21472,65421,47186,67515,49809,50340,22159,55208,92291,61573,6381,3677,9207,3767,783,52,00
DongNai,04-04-2007,89047,92615,99204,68668,61928,20253,50291,11838,32142,06717,25336,57456,2457,2411,0682,7603,030,69,00
DongNai,28-03-2007,60736,33662,17728,49317,33881,10840,64609,13173,83835,93982,82242,80621,8032,5775,3077,1283,768,23,00
DongNai,21-03-2007,03629,04806,27249,95836,53570,17010,32314,62611,78366,00408,60865,20223,8835,5508,6441,2308,359,44,00
DongNai,14-03-2007,26589,79338,61339,12995,79470,24535,27774,54615,31551,59769,30479,77588,3188,0671,7600,4589,786,90,00
DongNai,07-03-2007,40852,84323,01400,21270,92847,46447,99180,22008,92402,49857,54829,18417,3543,3001,0847,4767,354,51,00
DongNai,28-02-2007,06481,28485,39639,06146,11120,76100,36997,34243,49094,73640,57063,82439,0661,9313,5931,5061,561,38,00
DongNai,21-02-2007,97168,71006,21056,58724,01040,50005,01875,65791,47305,05870,66287,59922,0734,2673,3297,5263,636,38,00
DongNai,14-02-2007,79721,46486,53067,67952,15495,74617,59335,87708,88082,72929,79956,78536,6619,8730,1528,7373,858,44,00
DongNai,07-02-2007,81735,04775,57437,46579,31713,70351,25680,10985,07520,41154,47697,44383,6240,6194,3353,7649,480,36,00
DongNai,06-02-2007,76949,24027,09067,52365,39680,92074,34963,70734,95760,92689,17006,47601,0682,5802,9032,5231,965,46,00
DongNai,31-01-2007,07815,22363,25449,69477,00875,05513,20788,32229,75855,08210,29116,49980,1535,3436,7430,4789,127,74,00
DongNai,24-01-2007,02842,50257,81002,23634,30533,29440,79706,98225,39003,41762,33190,53375,4618,7972,0491,7147,975,60,00
DongNai,17-01-2007,55577,87090,61851,73927,22060,07081,49943,40376,25231,74036,25663,91429,4277,3124,0305,4430,819,27,00
DongNai,10-01-2007,23062,10781,95168,31794,39253,67995,93709,65039,63293,40899,98378,15733,4655,8116,9251,8247,508,04,00
DongNai,03-01-2007,38286,93135,81738,25621,28557,02559,24682,92907,03661,86665,47867,13288,2747,4391,6189,4712,156,88,00
DongNai,02-01-2007,56306,71388,28593,61726,10029,71321,49943,57543,43903,11117,95748,55317,0810,2477,2973,0511,859,93,00