HauGiang,17-11-2018,368908,57366,82081,61189,18082,60785,62382,93086,85856,35049,82352,51128,0094,4459,3924,5303,191,13
HauGiang,10-11-2018,866587,19130,44074,73091,19667,21432,72943,56595,70478,16228,98205,62802,1599,8314,9382,3365,467,55
HauGiang,03-11-2018,995214,73910,01936,36985,18622,52665,87666,66505,93070,72891,23222,98848,1554,2853,2527,3641,115,21
HauGiang,27-10-2018,214037,63040,86027,06009,26133,19050,01439,09967,97264,61160,68440,10431,3508,0927,2029,8115,824,36
HauGiang,20-10-2018,644117,10753,44515,75504,08962,03485,98414,90926,95155,21562,75009,21967,9588,2616,8116,2986,937,70
HauGiang,13-10-2018,980921,95003,34305,40046,45756,31815,30505,00876,87991,65775,85923,68579,2027,6113,2882,8163,598,85
HauGiang,06-10-2018,610090,35282,39357,33967,78519,13161,37846,27529,83310,96670,45215,81144,1882,2371,7941,0614,670,39
HauGiang,29-09-2018,287788,57680,94987,70669,75983,57147,18076,21308,42301,45405,50609,64816,6334,3464,5540,6559,186,64
HauGiang,22-09-2018,861942,30047,04245,24814,72117,62620,27877,72664,53428,04004,46712,09436,1759,9847,9995,1871,796,64
HauGiang,15-09-2018,670398,19028,59373,69007,67639,44689,03422,71637,83332,42305,86347,79604,9511,8450,2870,7887,633,34
HauGiang,08-09-2018,018012,74070,53150,27820,76794,74962,53190,36382,68403,58678,76700,55936,2106,0862,4681,7447,371,84
HauGiang,01-09-2018,358272,84868,83236,90904,04798,28463,07410,81305,14320,17951,98257,02456,7949,0327,2803,9219,287,26
HauGiang,25-08-2018,382684,26037,50334,41542,07046,20676,02152,69125,38721,14062,47925,25720,6852,2767,3963,4387,489,75
HauGiang,18-08-2018,352041,90903,00268,32758,69567,40204,76493,54490,09390,51953,65373,04381,9100,6327,5678,2636,402,53
HauGiang,11-08-2018,488001,27913,65141,07491,09845,01502,71882,14995,98167,10332,12316,40783,1560,3093,1269,3554,316,84
HauGiang,04-08-2018,661333,93534,12379,86992,73612,32561,53239,69931,42355,49246,40303,44136,5792,8291,3625,2645,259,65
HauGiang,28-07-2018,028075,90767,83897,47687,90021,99597,43008,11641,11783,34644,47961,81311,2920,6998,7324,8025,539,70
HauGiang,21-07-2018,500275,98621,81657,93284,23184,86708,52757,11772,47454,77366,97048,21655,3079,5392,1605,6162,246,18
HauGiang,14-07-2018,646130,08128,09179,26303,56398,72281,09410,39230,67650,39814,66024,84553,3494,5243,3463,8072,625,68
HauGiang,07-07-2018,665624,28286,31430,36670,15051,60918,18377,06168,94547,53082,23763,61928,9000,4720,9492,0508,787,90
HauGiang,30-06-2018,546675,13407,14863,68853,33139,58349,80630,61111,74159,62547,90214,31282,8982,4574,8032,3174,545,33
HauGiang,23-06-2018,823416,27205,41872,61432,69249,53795,59844,84098,63038,97536,35140,34748,3117,6783,8077,7017,789,50
HauGiang,16-06-2018,605964,09831,23397,39601,46397,04942,03087,01546,64135,12774,41580,85420,5997,0091,1215,6323,962,05
HauGiang,09-06-2018,555710,38841,68549,96282,12420,79836,66221,81241,40469,11712,77305,42965,8055,4816,0071,8315,409,11
HauGiang,02-06-2018,327362,89359,21432,18706,85197,43629,61751,36560,36194,55609,25423,46571,2834,6338,2472,0683,827,04
HauGiang,26-05-2018,820456,69743,15734,49068,23065,76528,64769,44012,77147,28947,65805,18806,9753,1923,1621,3319,792,20
HauGiang,19-05-2018,806861,65749,95601,14303,14958,23027,41434,18215,30378,15191,17212,80807,4476,1624,0900,0505,048,66
HauGiang,12-05-2018,377118,30506,95155,90875,65820,08006,64012,96163,31589,02607,83270,86758,9673,6513,1728,3611,149,51
HauGiang,05-05-2018,275874,41359,91377,57508,95761,59187,71216,38613,75620,40299,89214,63035,6240,9982,3416,4420,088,33
HauGiang,28-04-2018,551175,59989,63191,23804,04563,61456,13808,42748,56489,17226,72163,98486,0223,9615,1381,4329,335,84
HauGiang,21-04-2018,127297,41088,29316,22062,65247,27731,50319,11446,22179,51489,05049,21237,3174,4120,8116,1400,049,24
HauGiang,14-04-2018,761317,34133,18908,43177,47950,03815,62561,72528,21476,46258,33037,80125,0464,0495,5403,1384,313,63
HauGiang,31-03-2018,647683,15162,60442,36377,32506,22257,50619,48970,59802,56094,32248,25441,2722,4990,6739,4094,705,01
HauGiang,24-03-2018,128612,15517,73037,27465,52086,05595,60419,75620,32126,47218,81953,50870,1829,2881,1197,6579,226,18
HauGiang,17-03-2018,066068,56608,73409,94981,93547,80364,67220,35675,63963,43896,33166,58036,3757,8698,6889,9986,868,48
HauGiang,10-03-2018,435467,44906,30418,61735,79460,91780,03101,43975,87146,40818,46226,71585,4147,4238,3117,8019,906,91
HauGiang,03-03-2018,538468,58619,33943,44518,59530,40463,09294,45540,93139,19938,53133,04015,8686,8680,0393,4042,843,76
HauGiang,24-02-2018,800565,79346,85148,90515,95539,19213,84447,94092,01746,27259,51797,39315,1190,4112,6414,0083,791,51
HauGiang,17-02-2018,879038,12817,20938,90109,71084,23353,59042,63583,23530,23028,16917,77501,8742,8420,5400,4900,839,31
HauGiang,10-02-2018,086719,73410,90875,50157,64922,04590,99150,76554,45474,79467,37524,49534,2169,4340,4636,4194,070,76
HauGiang,03-02-2018,737084,47065,92312,74133,14399,10959,89396,52241,42543,60989,04194,50009,7248,3902,4299,7751,582,06
HauGiang,27-01-2018,178363,38109,60501,36188,83834,37118,20340,41753,04740,58490,77372,81401,8426,0366,6154,3297,593,97
HauGiang,20-01-2018,122741,20389,72283,37343,55750,09336,18467,75971,97572,66091,00414,03183,6445,5911,6202,0031,287,96
HauGiang,13-01-2018,452573,73199,74410,10004,99713,39223,89410,70564,26623,02890,81651,97341,5520,2911,1879,0673,921,80
HauGiang,06-01-2018,613081,71322,54612,32468,22340,27343,63776,55558,37195,30802,17137,80087,2316,8873,4961,3855,589,80
HauGiang,30-12-2017,817602,01467,79656,19888,61550,00065,49277,57708,45930,38508,45004,74480,4636,5103,2605,3604,072,02
HauGiang,23-12-2017,402449,68005,04786,03850,95959,25313,75808,93070,59184,84269,50675,97180,9670,3030,3326,3829,808,59
HauGiang,16-12-2017,664187,33281,14461,69741,72102,59414,24827,67481,78891,77215,08480,00382,3740,3372,8277,3550,259,64
HauGiang,09-12-2017,760731,14832,25316,54142,01769,18964,85264,48976,51104,38367,04305,64240,4073,9673,7879,2864,575,57
HauGiang,02-12-2017,456820,54207,42074,82258,41843,81935,34539,23232,50929,80063,09095,84273,7483,2851,0220,8634,004,35
HauGiang,25-11-2017,657228,13616,11654,48754,00056,12620,16774,88470,94405,60330,11014,74011,8014,5752,2805,3874,001,66
HauGiang,18-11-2017,284799,49279,02832,28797,92100,36066,68883,59616,04692,16735,43288,39018,4101,1803,0440,4244,999,71
HauGiang,11-11-2017,712585,00617,77321,22249,72215,27330,85200,22590,38411,40497,28123,83527,1200,6405,3476,9484,785,70
HauGiang,04-11-2017,102962,08379,71368,44500,17892,63585,81153,23198,11764,27004,08165,22211,8703,5943,4090,5912,658,86
HauGiang,28-10-2017,561412,66620,47562,32586,66433,98811,60417,26878,35159,49739,30157,84650,9407,3721,5888,3903,818,63
HauGiang,21-10-2017,473714,92327,41856,71158,05175,48597,60345,27353,58452,67432,53450,05843,8709,4748,0840,3683,324,30
HauGiang,14-10-2017,959133,01295,87489,52752,66588,81743,04547,24236,62306,90283,56003,24949,1093,0672,0697,7083,667,17
HauGiang,07-10-2017,036080,14191,48223,45782,97593,85886,44089,88105,30022,66481,08550,69419,6863,0477,4035,9846,212,04
HauGiang,30-09-2017,404785,88135,74675,24075,05135,08576,74077,45816,12421,73271,89877,13379,9742,9347,1937,4456,327,02
HauGiang,23-09-2017,293934,43832,10608,54738,49103,21292,19481,73162,35425,84409,15997,61009,4156,6821,1198,2977,645,06
HauGiang,16-09-2017,128447,53027,73808,35747,80842,36898,61689,59367,34659,20255,38949,60855,4063,6114,8282,3442,202,82
HauGiang,09-09-2017,531323,01148,20260,32326,87342,28188,14209,60660,31696,35248,66856,96863,8664,6623,4183,3593,047,96
HauGiang,02-09-2017,667472,88845,51881,70767,86953,73552,67342,12249,82076,43181,24572,48073,1496,0154,1450,0373,108,85
HauGiang,26-08-2017,158941,17340,12121,62428,48863,24791,05769,04481,03854,82782,45211,99879,8787,5314,6939,2776,770,45
HauGiang,19-08-2017,941027,89674,46773,46901,70882,27836,26701,89725,10861,75017,61594,71287,1095,3010,8537,4031,756,35
HauGiang,12-08-2017,739607,45989,29056,90304,62199,78494,98237,15684,17598,19463,02248,22404,9591,9201,4206,2670,034,84
HauGiang,29-07-2017,039704,07626,40595,44475,33133,57152,15723,12091,92969,59682,52109,41520,6128,5259,3952,9678,519,55
HauGiang,22-07-2017,165183,24117,33017,16477,28246,49417,66199,78737,38620,17072,11814,32170,4588,1232,9871,1890,832,70
HauGiang,15-07-2017,382446,83353,87144,17360,04420,18666,96776,03767,26295,61956,78277,01417,8679,2953,8596,3383,794,96
HauGiang,08-07-2017,205597,27432,01099,34013,86342,89638,34403,28322,29686,12795,26800,52479,8977,3794,4228,8985,151,63
HauGiang,01-07-2017,385344,25519,15887,92531,10644,23298,07460,59604,04512,11952,90852,62353,5459,4989,0794,6279,514,42
HauGiang,24-06-2017,212130,80315,51426,97166,58308,54405,11980,04830,49948,95347,71090,71215,8370,4864,7436,0120,812,41
HauGiang,17-06-2017,500509,89758,04961,21120,72205,70027,59126,70846,47280,68345,98191,97412,7926,5217,2872,3050,424,52
HauGiang,10-06-2017,477611,05244,65615,16654,04656,67255,03484,61002,94241,95496,82902,06345,0996,8401,8493,6501,585,61
HauGiang,03-06-2017,358442,65948,16398,71164,66767,98618,84226,26629,73879,25309,31442,61451,9549,5798,6462,1939,493,79
HauGiang,27-05-2017,575776,66818,61379,95238,99549,90517,36348,46118,17734,83730,45138,13267,4147,1603,3810,4893,432,54
HauGiang,20-05-2017,398981,49163,04956,81406,51949,58149,23214,84797,82843,97634,49768,84051,6523,7511,8274,4248,424,42
HauGiang,06-05-2017,543776,30089,94408,42859,34698,50481,03934,05104,16250,63375,88647,60820,0889,6677,3665,8695,366,82
HauGiang,29-04-2017,307812,76402,30098,03605,81156,44700,46195,85403,92631,87022,32660,65374,9130,7458,8861,0992,211,70
HauGiang,22-04-2017,072447,45456,25479,95407,02426,54767,00217,69448,88961,73664,75542,05103,0673,6381,5598,3656,265,60
HauGiang,15-04-2017,404682,81249,08233,50974,17426,13685,54853,72871,84638,48177,93528,04703,0859,8679,6312,7518,508,70
HauGiang,08-04-2017,433954,88368,25092,54892,03040,63187,32128,91756,68733,99114,02688,13097,6010,1714,7734,5599,270,72
HauGiang,01-04-2017,273520,12284,01718,09377,70232,44476,65375,77046,36325,94694,14815,60198,4337,6187,1067,9463,213,04
HauGiang,25-03-2017,088088,59852,83579,38115,49282,57387,24570,36784,86097,51290,16748,28998,6058,3939,6927,1138,238,54
HauGiang,18-03-2017,775470,14341,14808,90005,25503,52864,90509,27669,27381,77281,00219,46180,6362,7745,5748,0133,878,25
HauGiang,11-03-2017,061013,57734,97393,13373,94522,53981,65189,32722,07836,73296,11918,35723,2586,0079,1738,9682,629,49
HauGiang,04-03-2017,597797,50935,60119,16182,05201,26424,16348,41414,61400,05429,29043,80437,4972,1916,9639,7413,171,41
HauGiang,25-02-2017,071787,62292,34224,72133,39575,58330,56783,32043,12701,65769,57895,19147,3581,1012,2465,3349,427,96
HauGiang,18-02-2017,981108,31695,49609,90111,41484,94932,50667,91808,06048,10420,79256,11066,4378,6743,1966,0489,795,18
HauGiang,11-02-2017,176200,82302,82036,68818,09455,12565,38030,72207,77516,05649,20522,39212,4809,4792,7208,3101,996,80
HauGiang,04-02-2017,960014,87827,57455,39910,64160,24745,70804,26754,53218,28970,44044,86552,4505,6350,2183,9865,182,62
HauGiang,28-01-2017,730052,62162,12636,72818,62085,55953,05374,37383,35456,85533,61730,00725,7760,7869,4995,9392,113,81
HauGiang,21-01-2017,460232,68453,56077,51224,97451,29271,89768,97432,22918,40770,29570,66795,9875,7609,9282,1101,149,98
HauGiang,14-01-2017,691128,18985,01864,72788,28821,13635,96391,16606,32631,68118,32801,76408,0240,5841,7580,7032,303,17
HauGiang,31-12-2016,331378,97177,29345,21823,25084,17859,02285,53053,26226,82749,87984,30033,7631,8228,3991,8432,069,15
HauGiang,24-12-2016,451110,61703,68697,44073,00429,03968,35390,93954,49866,99360,83656,77723,3509,0812,0949,6094,609,42
HauGiang,17-12-2016,744496,60713,04952,23132,91751,40719,80337,91454,57641,06866,83201,73707,8190,3223,6099,6580,094,36
HauGiang,10-12-2016,937740,04946,58059,51285,64586,60928,53305,22448,35484,25018,90796,39742,9345,0041,8859,0804,935,40
HauGiang,03-12-2016,985142,87713,98372,62104,03712,24164,82370,12855,99399,94552,26785,28998,7761,9837,5653,5492,146,31
HauGiang,26-11-2016,748755,10309,38485,88618,13538,02029,77201,32773,53329,48871,42770,25501,3271,3925,2288,2209,397,72
HauGiang,19-11-2016,782139,54383,34095,49271,50172,70703,13976,55608,54968,72207,20408,44464,4906,2905,3649,2039,606,70
HauGiang,12-11-2016,661692,33961,38196,62363,15576,34620,99031,21609,35851,42527,94010,98150,5379,6523,7496,1022,261,71
HauGiang,05-11-2016,080521,06573,91707,95707,50324,29390,12951,91200,57249,08450,66099,88402,2787,1454,4975,2470,291,04
HauGiang,29-10-2016,247762,94053,97327,84208,57994,18350,77569,19979,84526,34804,12204,97986,1214,5902,7324,6109,178,94
HauGiang,22-10-2016,243910,34176,26766,04963,56120,32241,29960,52972,43246,91732,83380,71601,7176,7750,9543,3130,979,46
HauGiang,15-10-2016,511665,18428,14442,65845,02946,29580,46666,21060,63599,87715,15710,80413,6940,6843,7351,8012,437,85
HauGiang,08-10-2016,263561,82765,68606,90885,96613,77678,94102,97945,80811,70066,12661,39177,1773,2619,3088,5819,653,21
HauGiang,01-10-2016,182797,56899,39367,41917,16421,31991,91287,75307,53061,99053,81375,85208,1112,5256,9643,9930,708,26
HauGiang,24-09-2016,636753,07856,60684,30431,13621,66037,79520,16876,47216,31274,14562,76737,0786,6716,3877,2257,029,33
HauGiang,17-09-2016,142483,41431,31585,33355,61477,94391,44988,39390,57658,45619,31186,81917,1881,8210,5716,7314,639,65
HauGiang,10-09-2016,345237,26835,02629,63821,25291,08700,61414,93448,78658,17539,39752,33977,2882,7670,5527,9785,824,72
HauGiang,27-08-2016,833727,75002,51875,18150,42404,34922,85735,41269,25132,73313,47179,76069,5561,1921,2081,1386,053,54
HauGiang,20-08-2016,475896,39909,81259,21662,52035,94311,39890,77800,77810,69517,92729,55962,3692,0144,5118,5066,152,48
HauGiang,13-08-2016,306362,05021,71409,18406,88203,77372,56394,72903,89362,48528,85143,70366,6553,8163,2062,4130,416,45
HauGiang,06-08-2016,181556,29386,79005,33997,05152,51851,39694,18023,97977,60417,10154,98480,9424,8371,0076,4610,393,80
HauGiang,30-07-2016,436215,35091,43595,52025,85472,84277,66187,53450,89958,40374,00756,61292,5739,5250,3322,8353,290,58
HauGiang,23-07-2016,048901,76611,31308,21289,94386,52539,21393,12379,94933,89458,33814,75350,8823,1070,0301,5205,951,05
HauGiang,16-07-2016,269314,58360,06191,30988,20122,22827,17230,11974,17440,06112,15247,33574,3534,2071,3469,3933,039,52
HauGiang,09-07-2016,664197,44228,86054,29993,09264,12358,36926,53338,97212,98565,09762,27625,8067,3653,0086,9538,588,64
HauGiang,02-07-2016,477009,64736,01994,54386,59040,65313,51535,17355,76218,32554,74710,33043,7938,6370,0863,8391,039,11
HauGiang,18-06-2016,578003,05476,83657,80732,89729,61154,46079,16733,45221,32118,42048,79437,0006,1189,5834,4621,846,19
HauGiang,11-06-2016,108469,10135,15565,89163,58425,99450,59775,57266,77046,46858,00095,89993,3930,4197,5113,1093,327,96
HauGiang,04-06-2016,699352,55759,18961,91500,08691,88043,10167,47327,43363,96065,14940,89604,4286,9163,5375,7618,098,34
HauGiang,28-05-2016,954505,70851,09605,02223,12894,70520,16998,27783,14477,43047,24627,22292,5626,9966,7657,1644,539,81
HauGiang,21-05-2016,794332,20172,70188,13882,31916,18107,74377,81502,15702,18600,41503,36889,0081,5984,5480,2883,498,28
HauGiang,14-05-2016,410600,54246,59324,93633,75315,69258,94038,20623,55902,30653,90128,37527,1517,9960,8324,1293,602,45
HauGiang,07-05-2016,389755,58802,70281,36361,06719,16525,94675,92230,02343,84193,67867,38912,4032,2146,5935,7417,599,15
HauGiang,30-04-2016,174367,73510,69074,94748,61328,15724,89624,76495,32284,54759,84063,43152,5903,1446,7076,0547,500,77
HauGiang,23-04-2016,793648,19916,05814,96176,49611,64220,84840,92692,17443,69048,20976,86363,5313,5427,1488,4522,087,76
HauGiang,16-04-2016,266978,78834,38569,94163,26822,88131,32433,29675,18553,91130,30844,03743,4302,0007,4997,0211,415,18
HauGiang,09-04-2016,637902,57001,56484,98271,55339,55260,30990,29129,15081,32997,77197,97497,3155,3677,4791,8525,866,59
HauGiang,02-04-2016,512968,85319,08200,79725,20435,22120,37453,18221,81412,86127,61233,99573,7815,4212,8700,9648,745,45
HauGiang,26-03-2016,271305,72071,63961,65463,72610,71138,17993,34226,70589,57120,27002,81297,0550,9768,8612,8037,776,72
HauGiang,19-03-2016,125944,75976,14253,21915,93889,34035,45196,05697,27348,53242,76621,87504,3037,0402,5835,7870,410,66
HauGiang,12-03-2016,780597,52547,41226,80438,51277,16760,50436,96853,11729,64388,58572,47951,1334,4328,6722,8228,969,70
HauGiang,05-03-2016,235277,20946,47383,98879,77176,04441,26533,67955,75860,72310,69559,36409,0223,0626,4845,6765,410,28
HauGiang,27-02-2016,636310,60988,88775,95993,01613,49712,34473,99567,08794,83946,45609,88830,7841,2086,8763,0215,539,06
HauGiang,20-02-2016,692867,04233,80791,98576,75497,85138,62526,41719,19778,53381,69356,61780,8007,8276,0607,0095,602,51
HauGiang,13-02-2016,313005,03953,61773,05495,71146,98157,06267,18188,63310,89870,27489,04728,5007,6939,4293,6070,214,60
HauGiang,06-02-2016,659308,94031,53175,48113,98005,84025,63369,11251,80709,40174,36012,99552,2812,8222,6098,9984,559,67
HauGiang,30-01-2016,141377,64934,39514,07182,96532,09519,01476,89602,70593,57160,66403,15545,2487,5289,1497,7657,462,40
HauGiang,23-01-2016,214473,69980,98225,43963,68343,79695,95040,33943,29904,09183,14581,06998,4210,0228,0231,0777,647,78
HauGiang,16-01-2016,652579,70828,54269,42381,14872,48485,11408,05899,74507,50573,95993,78962,5515,2471,1239,1791,918,74
HauGiang,09-01-2016,798824,67774,35950,25191,82056,28851,84319,12255,08415,43783,80327,69271,0843,9722,9935,6189,989,48
HauGiang,02-01-2016,183887,06775,12858,83650,18882,14408,48066,35615,64322,94564,86767,91696,3892,7863,9825,6987,569,85
HauGiang,26-12-2015,717798,78156,48482,93283,80529,02710,03004,61964,45002,31179,04467,73944,6049,8454,7621,9063,353,00
HauGiang,19-12-2015,447193,45863,91545,17459,78753,52461,82585,29400,10377,93028,54267,60337,8266,2830,6273,0656,513,49
HauGiang,12-12-2015,235442,74159,43645,27995,96834,44544,95071,68378,32758,15966,89526,21341,8745,5978,0696,4935,260,18
HauGiang,05-12-2015,405309,53638,64671,54475,64957,71645,36224,21286,16764,19103,36018,02113,3919,2693,5587,9310,851,24
HauGiang,28-11-2015,036186,12933,24667,15421,11502,94757,06877,36124,52760,75919,70158,38702,5438,3816,3023,8159,114,67
HauGiang,21-11-2015,289150,49451,81020,24787,60439,68474,86107,89888,68138,76913,28682,73424,9059,9457,0841,0249,007,83
HauGiang,14-11-2015,972990,93749,63215,50120,33435,65226,86454,59754,76775,44869,86845,41418,8436,9726,0170,8430,641,67
HauGiang,07-11-2015,100116,80867,06085,66384,19230,91398,09173,15974,76893,07414,82135,84255,4029,4436,9907,7932,037,29
HauGiang,31-10-2015,161762,29250,36947,11966,96184,48460,41942,16097,42134,06010,39819,85964,8872,3518,4386,1110,186,42
HauGiang,24-10-2015,030933,84344,07356,14644,81185,10965,27472,00587,26973,47803,71475,95871,0634,3942,6995,3056,953,03
HauGiang,17-10-2015,004536,78704,09539,16617,86127,68281,03745,81664,56649,60879,52050,52828,2316,9608,4791,2111,950,87
HauGiang,10-10-2015,226781,79424,36043,28730,93291,17288,92030,67929,76940,28239,21466,44398,5399,1192,9487,2398,116,97
HauGiang,03-10-2015,044313,42656,40312,36500,02135,82959,41552,21321,45455,82270,53617,73739,0226,2939,9196,4981,664,03
HauGiang,26-09-2015,090234,74039,32048,32390,15035,83766,56777,31649,04935,35552,06903,12777,3522,7425,2455,4084,377,97
HauGiang,19-09-2015,828432,40629,04190,50920,13418,99920,71343,87905,99453,46358,74304,98914,7825,5434,9131,2158,467,58
HauGiang,12-09-2015,611064,36947,90926,63140,76774,76291,71294,22674,76585,95128,79590,11386,4871,7327,9898,6659,354,66
HauGiang,05-09-2015,550948,28225,55485,85731,52124,15265,87707,07271,40495,21865,70305,08136,0480,3112,8847,9961,692,58
HauGiang,29-08-2015,432809,96098,96961,34006,71874,44619,73725,89401,61802,97378,31616,95728,5414,9457,7636,6968,195,21
HauGiang,22-08-2015,587393,52419,68199,00256,01267,54670,24981,57941,54113,78372,35731,94196,2723,3008,3876,4963,490,77
HauGiang,15-08-2015,712600,21075,97292,09906,26299,28045,44127,31861,31871,68930,37945,35140,3962,2437,6730,1665,598,61
HauGiang,08-08-2015,821316,46550,66876,57994,16924,91231,32451,68691,83046,62650,65258,13341,3093,5123,4442,5730,546,53
HauGiang,01-08-2015,690280,75962,15835,15156,92606,42529,88685,38320,11024,14816,46357,96538,4827,6553,4758,9968,735,34
HauGiang,25-07-2015,724520,79116,31776,18398,00513,68408,90521,05029,39508,59262,41562,86720,1551,1062,9152,3806,322,85
HauGiang,18-07-2015,537713,32130,95550,36690,39425,47933,06727,12139,11012,27946,27061,83270,7875,5514,6235,1375,838,12
HauGiang,11-07-2015,063480,29742,17158,47160,54724,14357,60089,49107,79494,17478,92580,66565,7410,4157,4971,7295,134,07
HauGiang,04-07-2015,329912,18066,40453,79697,77363,82463,18490,22713,10128,85549,47921,55364,3215,2452,1136,6086,061,39
HauGiang,27-06-2015,875408,81212,67742,78409,63576,90981,68047,70285,96463,45745,75482,72750,7101,3101,5843,1130,030,33
HauGiang,20-06-2015,025628,45176,37031,68699,76225,88446,32373,19792,71705,69874,45479,46656,0560,7345,5025,0498,819,69
HauGiang,13-06-2015,994136,15976,43636,99531,08118,96625,12709,85086,71088,76812,10759,12055,6143,9076,6551,5399,739,52
HauGiang,06-06-2015,737033,08856,38842,36845,29912,20191,12815,71560,50400,55881,99883,14632,5095,3314,0108,7744,960,57
HauGiang,30-05-2015,336132,78568,35227,94447,86648,58511,46602,98996,84642,89200,39071,89364,2598,9646,3374,7710,683,79
HauGiang,23-05-2015,838110,85000,43787,76115,64456,95109,91441,01711,11850,84765,81905,35856,7593,5093,2467,2786,239,09
HauGiang,16-05-2015,811582,76075,08301,41434,56858,70386,82156,75627,45534,25586,02126,72843,5275,0852,1672,5414,657,96
HauGiang,09-05-2015,832472,98659,62350,06359,30113,91824,26649,17986,85572,27622,81530,28986,3441,6768,6305,7890,064,14
HauGiang,02-05-2015,580124,23306,61220,01501,09559,61824,58862,24582,29947,95130,14700,85445,0054,6903,8667,7853,107,95
HauGiang,25-04-2015,343057,95989,92486,06239,46340,07083,94163,79036,50166,16891,81795,91982,1988,6586,2506,4534,113,26
HauGiang,18-04-2015,245778,71962,14044,67883,56664,66829,91703,29932,39275,85098,02083,43916,4622,4695,7297,6205,195,91
HauGiang,11-04-2015,991513,29964,16940,48824,32630,59287,33619,18410,16705,63536,22936,06560,8382,7716,6401,3580,262,77
HauGiang,04-04-2015,464554,81649,61980,15916,66239,03230,81565,12520,84360,67629,07444,09692,0052,6141,0294,2278,793,53
HauGiang,28-03-2015,643162,87989,02042,54601,55522,07773,51153,95432,83910,20032,45578,66798,4995,4932,8117,1101,461,69
HauGiang,21-03-2015,991756,05482,47804,80823,94998,80479,30558,92006,81351,53219,37517,96057,8492,4534,6391,2643,238,38
HauGiang,14-03-2015,419998,01390,32647,35853,26983,28635,77745,46570,54463,72518,52884,95478,9345,7372,1588,4855,941,23
HauGiang,07-03-2015,980371,69058,01500,58712,45641,98330,36111,51069,36840,46191,77492,28091,6285,5047,9698,7098,843,82
HauGiang,28-02-2015,838550,76289,29556,47678,72091,77860,38865,26080,03602,73710,21378,96663,8461,2459,0597,7829,497,73
HauGiang,21-02-2015,836516,72440,38783,05031,36646,12497,36487,63691,63746,36735,19736,33819,7505,4800,9788,1458,776,80
HauGiang,14-02-2015,157929,24179,77151,13886,09166,92864,95386,80057,65981,32573,95527,62095,6303,2732,8758,3607,742,06
HauGiang,07-02-2015,113076,40260,00874,51658,72304,79138,10385,73455,18818,96129,94607,40276,0569,3650,9070,9772,941,63
HauGiang,31-01-2015,685639,27949,44613,57555,74008,84531,40560,84315,30106,52768,01900,69472,7825,8910,9923,9051,851,10
HauGiang,24-01-2015,800029,36394,35607,47723,42040,19795,12653,63793,94665,84705,33497,07233,3632,0122,9820,0762,681,33
HauGiang,17-01-2015,797203,24427,17986,02376,74695,27624,78798,19661,93723,11620,48150,46818,9382,4073,2611,0958,856,66
HauGiang,10-01-2015,042161,80508,06833,44987,23987,07343,11696,01274,82285,03136,01551,27013,0623,4450,3663,5614,145,67
HauGiang,03-01-2015,300942,63023,30667,09862,91758,15786,96493,64609,36205,24004,33845,04042,6045,4470,9807,7461,948,27
HauGiang,27-12-2014,692591,17216,92593,01181,84387,14199,55648,79110,20912,49482,13822,56446,1744,9257,6471,1863,674,59
HauGiang,20-12-2014,289945,41569,17433,75398,70583,38341,40436,11863,81868,31036,89202,50285,1340,1306,6225,7954,208,60
HauGiang,13-12-2014,809537,63661,51581,14181,06627,14130,44853,68395,29623,10438,01283,45369,8790,7435,4622,8595,777,94
HauGiang,06-12-2014,857005,41228,97061,65928,61198,64197,80680,74961,10114,09423,87802,67671,7868,8553,2742,8719,584,58
HauGiang,29-11-2014,991756,93653,46318,74215,61233,23961,17132,66792,09937,28363,04954,33315,4895,8923,1826,7471,336,36
HauGiang,22-11-2014,333234,61594,14041,27359,45511,35646,64653,94309,70620,86005,04665,53669,3604,6850,1449,9396,147,00
HauGiang,15-11-2014,899750,50410,98563,74878,69738,50480,02524,86414,82195,82863,16014,61661,2977,0948,6765,6602,909,18
HauGiang,08-11-2014,524639,96174,28696,42590,96956,18782,27600,39094,01048,46400,88473,37363,6609,6222,4108,9646,684,32
HauGiang,01-11-2014,012420,24448,28662,17972,79827,16447,17668,26875,44883,18931,62587,31756,6134,1821,0542,2818,733,19
HauGiang,25-10-2014,324955,54388,53635,44933,39338,04895,83935,64712,23428,60055,69719,50520,6339,5459,6285,5040,241,59
HauGiang,18-10-2014,175665,91836,64617,63421,25816,74727,37729,78945,51623,74467,26389,82219,9616,1273,0105,3622,161,97
HauGiang,11-10-2014,934115,88328,25356,71390,98442,92072,25647,05179,39988,06706,70262,13790,9554,6485,9831,1665,227,03
HauGiang,04-10-2014,769474,22956,02484,95587,14736,32854,41785,05598,55678,77975,91402,95110,1172,2060,9896,2226,228,66
HauGiang,27-09-2014,489943,06570,36419,25265,64767,52889,30537,49940,39909,22208,62519,03487,5403,0773,4510,0280,510,79
HauGiang,20-09-2014,165486,79788,24812,54647,09830,16467,08296,22149,97895,74796,89443,52918,9779,0760,1461,6407,994,33
HauGiang,13-09-2014,134620,22140,90189,04535,99441,00369,48480,22456,91257,08158,15726,71055,4703,6076,5162,6975,356,55
HauGiang,06-09-2014,903829,41742,81045,76241,29822,59707,81636,62498,71482,50199,90791,38511,1742,9714,8221,5111,388,82
HauGiang,30-08-2014,385162,44259,43173,65819,56531,93989,97687,55919,45198,79534,57327,77608,8478,9053,5034,3493,544,77
HauGiang,23-08-2014,902196,79071,46792,85880,27949,47292,03092,45834,35368,65534,40313,33550,7139,3149,1809,4790,866,01
HauGiang,16-08-2014,204019,29230,34753,72525,49036,05000,46249,19317,27067,92793,86345,34303,3419,8946,9974,1745,768,87
HauGiang,09-08-2014,809126,95316,56093,94749,32990,61575,46753,87790,97428,61391,40326,81450,9057,8374,2323,8865,294,99
HauGiang,02-08-2014,680210,24993,78800,67949,46008,01861,02347,43045,01409,36175,60887,55767,0447,7890,2408,5094,281,92
HauGiang,26-07-2014,415229,71613,88977,75636,71641,13186,99298,86637,62306,12741,80282,93079,3811,1709,8757,3140,087,79
HauGiang,19-07-2014,580896,21194,53838,55083,91595,81344,00798,94461,84837,33809,06522,14174,9874,5452,2327,0889,862,78
HauGiang,12-07-2014,283934,33444,61217,02017,48889,90980,22504,81634,54283,90715,70040,07035,2867,0605,2525,7143,584,23
HauGiang,05-07-2014,656018,01312,81542,29661,13878,15051,27424,46492,06943,24415,41158,85411,2386,9490,4485,9855,672,44
HauGiang,28-06-2014,698191,66062,17234,87193,82334,34777,89630,59041,99224,98432,85975,39982,1163,6805,7134,3611,062,48
HauGiang,21-06-2014,433281,64888,08459,91613,10232,91676,60216,17693,67156,71938,96609,94379,6354,5503,0318,1603,164,98
HauGiang,14-06-2014,495403,55792,56763,28158,51404,33569,15846,86547,90453,96163,92773,57842,9675,4372,7147,9245,060,83
HauGiang,07-06-2014,604857,12993,84608,18626,26792,11847,91947,93886,11899,89329,07468,76803,6777,2251,3607,5703,015,51
HauGiang,31-05-2014,433016,13025,70580,64614,72042,49272,52989,72198,31427,98227,77119,18502,5178,7247,5464,2982,920,37
HauGiang,24-05-2014,314453,59960,89584,69193,52218,27060,62004,61209,14249,61870,60727,41630,4495,0661,4925,6728,945,06
HauGiang,17-05-2014,453121,04051,39447,79127,96755,05804,84177,84908,14453,81167,28149,33839,6838,4585,2843,6351,394,05
HauGiang,10-05-2014,113883,75200,22367,54438,38957,51231,35311,62674,50095,16379,76973,04130,7876,6242,3466,1408,943,61
HauGiang,03-05-2014,968200,88279,91592,27436,57449,66920,79708,26505,12826,26873,73096,56419,0583,0555,7795,9025,588,34
HauGiang,26-04-2014,241126,89945,80956,31541,27213,36223,46848,35692,02313,19467,01628,39243,5552,0443,5692,8199,215,48
HauGiang,19-04-2014,769489,22522,77243,24187,20571,74391,44453,38829,42280,22568,58443,02228,0834,6237,3985,8105,707,81
HauGiang,12-04-2014,642917,23588,66619,47927,24494,22790,06446,88250,90412,35118,86562,67999,6937,4337,1522,3271,737,92
HauGiang,05-04-2014,394949,39266,39807,45700,53236,72782,77811,16793,81301,23058,08888,47444,0636,9223,0141,8712,952,50
HauGiang,29-03-2014,269444,03732,45107,73079,94217,61623,14349,57234,81358,62843,65036,84358,9130,9918,0359,8026,936,43
HauGiang,22-03-2014,054812,97814,77057,96391,27716,25584,67004,21413,39439,47248,17080,66893,7382,8352,2422,0475,661,15
HauGiang,15-03-2014,416224,02275,00390,50040,80713,24626,70425,90853,52964,27559,99921,53832,8458,8282,4565,1872,575,37
HauGiang,08-03-2014,311844,56268,46292,99696,65265,76663,88784,90405,23771,37466,66742,07574,0792,5316,5814,8593,056,13
HauGiang,01-03-2014,864358,63819,37440,41350,44055,44137,95414,13725,52747,03167,21901,79962,1364,2232,4175,0288,117,33
HauGiang,22-02-2014,245709,29341,24201,73995,50701,69437,41498,95640,38016,62847,51046,13227,7099,7540,0281,3384,577,67
HauGiang,15-02-2014,731592,28422,00968,22458,05832,13069,93836,56108,11064,37584,70372,15568,9259,9006,2181,1267,699,02
HauGiang,08-02-2014,320653,62175,01750,45936,13530,48711,84160,06570,88656,59263,91880,29775,7375,6609,0373,7777,649,50
HauGiang,01-02-2014,021079,22532,72939,59589,82488,50635,31580,31732,54428,28486,58614,32576,6375,6100,7703,3017,339,16
HauGiang,25-01-2014,869836,06290,41238,19767,23947,91853,39089,91205,15748,84499,11969,74254,6940,5675,6678,1386,529,89
HauGiang,18-01-2014,393813,25957,40329,59158,60887,44231,09955,61348,57317,23727,79454,00770,7194,1951,1954,8778,043,07
HauGiang,11-01-2014,909017,16999,97610,24466,63226,36965,32115,58108,53939,25133,94987,77147,6747,1188,4169,6337,796,74
HauGiang,04-01-2014,086428,63291,10524,92900,23098,00823,14588,71723,33060,57202,06003,91999,5435,2028,9829,2345,721,19
HauGiang,28-12-2013,805514,98474,48228,40720,24365,89694,84627,83555,11952,38200,15827,86234,6211,8847,1436,1467,607,59
HauGiang,21-12-2013,577727,57754,57213,85379,61267,53920,58193,02705,31380,55314,46374,60430,8858,6258,0849,4089,914,18
HauGiang,14-12-2013,343286,97084,73843,10727,12944,98921,02925,69192,40690,83789,76850,29666,3450,4656,1734,5420,182,20
HauGiang,07-12-2013,274284,90385,72603,47425,95432,67601,66397,15212,26749,51186,17822,82397,2804,9601,5257,1123,457,46
HauGiang,30-11-2013,142280,38503,66090,60974,94946,48880,89585,76366,43238,48748,94511,16217,3126,3141,2278,1509,088,06
HauGiang,23-11-2013,124335,90046,42409,79108,41586,08999,40628,02739,90528,85263,51266,57687,5703,5843,2842,9654,784,11
HauGiang,16-11-2013,399777,52779,44981,85862,50378,56065,66702,31547,37347,31582,05073,10173,6878,6228,6129,7502,328,57
HauGiang,09-11-2013,072449,59166,79681,34403,68730,24849,85102,17300,17655,72295,28141,85540,7453,3115,8495,5693,168,17
HauGiang,02-11-2013,221612,74414,85971,54430,26513,31227,91542,45597,40294,71248,95213,31881,6050,7345,0739,3908,448,23
HauGiang,26-10-2013,887614,53652,26131,36924,27988,88692,81462,90664,59466,09198,60975,41710,1649,1115,2873,4100,287,60
HauGiang,19-10-2013,187489,94470,50204,42845,27614,48257,79426,29688,69320,41069,85454,29926,6526,6055,3331,0868,356,05
HauGiang,12-10-2013,161406,73993,25582,34587,19341,46526,48144,79920,77978,50339,53138,63679,4970,6923,5138,0625,838,53
HauGiang,05-10-2013,679442,61254,78152,46996,76606,28077,24299,36079,96514,22670,03484,75078,8689,1959,0479,4147,308,30
HauGiang,28-09-2013,104610,76983,60214,93300,39901,40865,38183,15535,85357,13264,38469,09077,1573,3993,1713,2324,471,56
HauGiang,21-09-2013,828373,81216,15777,69304,18652,15303,22398,71310,72740,91188,80763,14530,5225,5562,5197,8291,898,88
HauGiang,14-09-2013,722253,36028,02995,14032,36321,81845,85155,64103,60742,74045,72871,00027,5872,4736,2060,9554,989,65
HauGiang,07-09-2013,320869,63946,84782,45403,22842,94318,92939,12777,10506,83713,95356,56500,5783,7956,0892,4899,192,98
HauGiang,31-08-2013,227576,25353,52516,77941,83252,15613,27751,16660,91056,73212,19571,18985,0532,4881,1535,6380,537,67
HauGiang,24-08-2013,153335,81995,87154,57020,19285,02485,54208,51694,15902,93503,79308,49141,4506,2031,2007,9503,575,47
HauGiang,17-08-2013,938297,88032,65168,02218,12884,75587,54716,39592,94670,50801,47245,42024,9579,0159,0978,1771,237,21
HauGiang,10-08-2013,068942,82590,43079,32859,09438,09731,00384,02710,61322,00372,25336,34585,3349,5398,0977,4640,561,02
HauGiang,03-08-2013,724091,86354,01542,74790,54641,63678,58300,28364,65887,72089,87471,87017,3964,9199,1438,4180,550,46
HauGiang,27-07-2013,881278,03285,59937,59828,07325,53525,36758,43206,70721,64899,01921,77418,6709,8058,1046,4312,856,01
HauGiang,20-07-2013,416416,51788,36931,69446,16133,71168,31456,29207,29693,96190,99176,13341,0277,4278,8233,7441,007,55
HauGiang,13-07-2013,453065,52380,85785,70824,77414,31990,31631,03392,29450,91892,80176,98320,5889,8330,0705,2095,066,01
HauGiang,06-07-2013,713425,89345,89130,52297,51813,59828,37287,28497,07895,83780,34624,38296,0013,8968,4506,9268,763,77
HauGiang,29-06-2013,130311,11178,85052,04677,09773,85774,36677,18145,15853,89082,91617,07314,5403,2759,9992,9023,951,45
HauGiang,22-06-2013,675471,85322,87554,26125,12546,54956,30346,44678,96678,84799,78866,10709,0793,6890,9703,4088,428,66
HauGiang,15-06-2013,440741,78775,00926,76367,47506,97944,24605,73994,61948,47765,88620,01781,0952,1389,3288,3270,824,65
HauGiang,08-06-2013,070485,37968,39338,92385,85681,23780,65465,00345,12611,89175,08067,59847,9834,5897,1982,1721,260,62
HauGiang,01-06-2013,002985,91249,19767,36876,55001,29996,28350,49128,38950,06828,55422,82284,0155,2989,6486,6003,724,45
HauGiang,25-05-2013,394792,13127,48477,35988,37312,95241,14991,56548,71989,76093,00620,28136,0248,2340,4928,4563,608,77
HauGiang,18-05-2013,371574,22097,74405,64252,18923,85605,05520,42590,95620,96606,91266,18596,1664,7389,7743,5176,915,85
HauGiang,11-05-2013,076706,08022,43405,29599,67006,93174,79232,59007,58870,31285,81235,46200,8148,8233,6526,8984,941,30
HauGiang,04-05-2013,704734,19908,57436,48897,21398,20474,74562,61721,65807,85201,63134,09940,4237,4032,9861,1809,703,18
HauGiang,27-04-2013,381550,87468,81459,45062,92670,33183,84866,58042,60278,61143,31128,60898,2279,6145,8692,8110,598,49
HauGiang,20-04-2013,390966,45838,60502,27264,86990,03302,14849,67567,48398,43694,82314,57481,3621,4559,7245,3598,205,73
HauGiang,13-04-2013,832076,34733,72526,82087,05290,69162,92717,11879,79664,36622,04048,46903,7815,5733,5600,5796,078,09
HauGiang,06-04-2013,274969,02293,07451,67688,40255,92850,44836,16670,20512,59977,52343,43237,2913,2351,7571,3138,346,88
HauGiang,30-03-2013,879588,05233,22588,72651,52923,55403,39050,88327,62022,95824,08067,49048,6194,7898,5396,0507,113,66
HauGiang,23-03-2013,618570,11222,02705,26272,50131,68443,79807,57853,77415,46472,08294,74061,4775,6266,1820,6353,111,21
HauGiang,16-03-2013,794447,26563,20913,82374,98628,77426,21579,03177,43078,75909,90585,38251,6894,2189,7810,2301,473,41
HauGiang,09-03-2013,453132,71224,39325,81721,13627,81894,20746,70866,88200,35611,33877,23400,3706,7811,1229,2391,818,56
HauGiang,02-03-2013,550944,82390,57346,98947,78134,40454,56082,51047,54129,87094,02026,21744,2275,0746,5304,6326,031,74
HauGiang,23-02-2013,493699,49500,70302,40347,64452,24424,03015,04728,31671,29533,14298,03005,3653,4390,2990,6180,273,71
HauGiang,16-02-2013,863264,94585,98978,70555,93587,93457,01860,85169,52640,57193,54761,09843,0181,4071,8607,3528,839,03
HauGiang,09-02-2013,599322,14403,17626,06196,30115,19487,06904,48676,78832,10134,12526,28322,7311,7066,2374,2197,942,42
HauGiang,02-02-2013,336609,84501,08186,28348,58948,59191,22297,06935,13347,97530,89669,12132,0443,9660,9741,0370,625,29
HauGiang,26-01-2013,868635,80372,12745,08517,57556,07871,00877,59743,82753,87200,72655,63665,2120,0414,5522,0891,227,74
HauGiang,19-01-2013,570051,86737,74531,64937,12144,73331,88399,06768,90415,57697,52006,66395,4267,1353,6238,5379,249,03
HauGiang,12-01-2013,819531,25769,32979,76628,19943,31678,36250,10006,49778,88539,67747,46176,1115,9647,1299,8813,715,57
HauGiang,05-01-2013,833787,44433,12227,24654,09361,93344,12454,92102,64004,18769,36670,09921,9579,0655,4686,6606,506,49
HauGiang,29-12-2012,754658,76153,96929,08519,49140,78407,58931,21941,68650,82077,87366,90209,8181,2045,1572,3516,769,03
HauGiang,22-12-2012,586988,52659,58120,80089,55304,46239,61513,63934,23687,80787,81127,88453,5538,2830,8897,8236,404,50
HauGiang,15-12-2012,443242,50413,63585,66821,71005,19703,89203,39008,80002,59222,88733,12046,3497,1799,4509,0169,255,42
HauGiang,08-12-2012,045856,11652,14315,59502,89104,84129,02777,10633,48916,52851,01438,83918,8408,8500,1550,0713,195,27
HauGiang,01-12-2012,572272,57491,92822,30460,69838,85674,53354,23024,38458,09981,09120,47832,2341,9591,1534,2921,729,35
HauGiang,24-11-2012,954888,87408,50392,73758,54609,53578,76410,61454,67525,37512,54394,05594,0370,2125,2592,0792,506,05
HauGiang,17-11-2012,384356,42061,73078,23227,94356,26740,94925,11033,71264,11692,56840,26347,2819,9099,8248,1734,272,77
HauGiang,10-11-2012,293758,67947,57360,18359,24157,06841,04107,82253,36274,77115,84056,89943,1186,3678,1094,2636,130,81
HauGiang,03-11-2012,212408,63847,94554,14279,79615,25811,42372,90219,23910,52515,65119,38912,6325,4945,7782,0194,380,18
HauGiang,27-10-2012,707125,34010,98625,13881,04518,64171,70692,71143,50720,65585,95881,33377,9279,1618,0457,2116,081,18
HauGiang,20-10-2012,700374,01088,10624,70506,12497,36417,89148,13051,07927,54256,89776,45028,1804,4049,2969,3432,176,52
HauGiang,13-10-2012,340390,97429,55974,73365,59225,95755,03046,53934,43563,20143,32484,68180,5107,0560,9528,9002,656,98
HauGiang,06-10-2012,957395,76362,80404,44139,52814,59708,33793,98284,80121,62775,40251,26110,4448,0777,4333,8997,742,68
HauGiang,29-09-2012,071938,74625,03150,71337,30338,50701,87350,77006,36886,59156,45389,29070,0712,4970,7979,4819,895,25
HauGiang,22-09-2012,397597,11904,70554,48174,13619,88884,53203,93461,91808,74576,00021,71600,1114,7834,7076,7394,864,14
HauGiang,15-09-2012,877730,44292,06487,50989,11962,51002,45466,85751,25209,99711,14895,28074,2631,0900,1560,4761,015,94
HauGiang,08-09-2012,250864,00695,84476,52868,80110,16733,89052,75281,32705,07323,84059,70777,3222,9384,5963,6174,195,18
HauGiang,01-09-2012,768269,08271,12139,76003,87311,57233,21720,21802,44388,33445,90614,42384,3061,7521,7031,6158,637,26
HauGiang,25-08-2012,010361,36716,53867,04572,69144,92261,38520,20841,07417,65292,35604,62893,8423,2190,2043,0587,391,64
HauGiang,18-08-2012,966104,34760,64714,23285,74427,28748,03471,66064,16012,81249,25096,91238,8540,1311,4974,9190,326,80
HauGiang,11-08-2012,032106,53895,81389,71866,97798,26666,00888,75707,42245,75423,25704,34820,3197,6832,8080,1452,094,17
HauGiang,04-08-2012,389615,34014,03767,04662,01787,01366,72241,71616,19461,98105,68698,90331,6647,3757,5863,8205,985,95
HauGiang,28-07-2012,973692,37424,49226,18798,24553,19091,53273,83659,39618,41287,28234,43822,6636,5553,2635,6835,156,37
HauGiang,21-07-2012,917322,24752,12427,68993,04473,76472,93625,25677,83965,81441,03144,28441,0027,5352,2128,7315,686,01
HauGiang,14-07-2012,781831,68946,50453,32034,91069,53979,25564,83269,37755,42161,34487,85788,1628,0920,5397,3861,280,61
HauGiang,07-07-2012,067420,48585,27956,86577,70255,56743,63895,60751,89224,59285,88246,64681,3902,4847,9286,2601,068,11
HauGiang,30-06-2012,880414,40033,02417,96768,33181,08340,24924,12014,62521,49216,89484,31674,8239,7773,1180,7225,798,02
HauGiang,23-06-2012,222401,65051,85799,44930,56870,43213,61810,35294,57934,00014,57277,47358,3303,4492,0651,2502,769,34
HauGiang,16-06-2012,802459,97931,53114,35269,75107,92300,08077,29692,71326,02374,11955,56993,2611,8481,5092,3637,828,90
HauGiang,09-06-2012,170282,42144,85176,01905,42229,92039,62533,03301,33332,54595,88872,43684,2040,0978,6491,1535,646,35
HauGiang,02-06-2012,689412,81021,12795,01818,71422,70466,63027,35626,39901,06430,20346,96420,7803,0144,2271,0266,437,47
HauGiang,26-05-2012,816612,73423,85866,10636,81627,06212,37146,55216,56498,91620,77447,64696,4002,6057,1864,1251,908,96
HauGiang,19-05-2012,523042,02515,14527,78378,20181,98868,63940,72307,43915,73886,89550,17326,3301,1877,9151,6388,688,39
HauGiang,12-05-2012,252555,29384,31702,18694,53942,36017,90151,58622,20675,98251,51195,10456,4788,9646,3827,2320,633,80
HauGiang,05-05-2012,419245,85479,35433,18189,95628,09416,20981,45732,72131,15668,26595,86294,4464,6039,0680,8869,226,45
HauGiang,28-04-2012,388284,25704,93316,30916,15574,66995,47205,17060,61846,20901,71493,70241,6480,3203,2031,9815,363,25
HauGiang,21-04-2012,463687,05778,91389,91595,52142,78349,42057,15882,08048,12302,48912,78516,8221,6489,9079,0107,800,56
HauGiang,14-04-2012,180269,06546,11284,93609,64484,89386,29160,69119,52467,36086,41486,52883,5766,8461,4810,4893,606,61
HauGiang,07-04-2012,974717,75411,99990,23058,97531,81338,26508,95532,85671,88437,38722,24935,3471,9657,7836,5753,116,38
HauGiang,31-03-2012,300231,18574,51343,65116,19564,13454,26677,18742,06164,45282,63776,57792,2232,7872,6329,0860,303,38
HauGiang,24-03-2012,426567,35628,21210,78504,44205,89547,53411,86355,81321,39113,26557,64081,2461,5580,8431,3504,995,25
HauGiang,17-03-2012,156124,66976,75551,82096,76221,94867,29997,31007,57445,78646,26569,08234,0867,7125,4447,2520,249,21
HauGiang,10-03-2012,133596,52492,28393,55326,02231,91543,64410,54879,52059,36485,84603,50341,9604,1616,4536,5088,886,94
HauGiang,03-03-2012,401562,02779,02139,93910,68196,70403,04869,14583,67749,37301,69281,06211,8520,8630,4852,2110,273,50
HauGiang,25-02-2012,889900,07911,53539,78639,16321,07841,79871,40651,98864,14456,87563,44291,5073,5519,2503,4118,277,05
HauGiang,21-02-2012,329129,06980,32610,85624,94580,24452,42772,77501,28269,21832,37522,74337,3839,6311,6372,4975,270,63
HauGiang,18-02-2012,329129,06980,32610,85624,94580,24452,42772,77501,28269,21832,37522,74337,3839,6311,6372,4975,270,63
HauGiang,11-02-2012,814807,49261,36611,15602,25136,56128,16641,24756,60110,53391,95240,13943,3352,6329,4571,9308,729,03
HauGiang,04-02-2012,967938,75828,30301,61032,79426,70289,82519,05843,99263,86217,63320,79479,8388,9161,8332,3984,956,05
HauGiang,28-01-2012,977534,88267,20273,86344,96275,55416,78724,70552,20360,27979,60949,57868,7531,9012,5733,8997,385,00
HauGiang,21-01-2012,420159,67560,63022,36610,38123,60532,18627,15871,94526,36324,39846,27184,7352,6971,1734,9242,380,09
HauGiang,14-01-2012,489406,46912,82417,19169,89728,49802,79616,67855,57074,51420,19852,67809,3856,7535,5104,0003,587,26
HauGiang,07-01-2012,704860,62135,22780,95355,00126,00358,83798,67860,18751,73006,03149,16504,8382,2177,2348,9061,584,08
HauGiang,31-12-2011,178768,35942,21992,23785,55572,07544,79661,14153,84037,60891,29698,92389,3410,3667,6322,6773,066,40
HauGiang,24-12-2011,927434,12408,01761,34776,57818,92044,52877,99861,17087,49282,68050,55992,8865,4200,8191,6267,030,43
HauGiang,17-12-2011,872183,30554,37501,25257,23377,95633,49720,66499,48940,08118,66463,14607,7584,4987,5365,2412,200,42
HauGiang,10-12-2011,807487,64067,80972,97469,95894,51229,35837,73502,74552,03289,53716,21638,4305,8242,2751,2945,323,96
HauGiang,03-12-2011,001811,52936,13639,19559,83986,16619,21813,19317,34389,52652,69703,65330,1500,9973,3704,8377,142,42
HauGiang,26-11-2011,381174,74000,44154,89490,68019,89489,25492,52174,53016,08561,69069,06762,3700,8209,5027,7152,984,07
HauGiang,19-11-2011,230971,17848,98318,44112,15971,66639,43448,52320,01145,34407,39895,62792,6229,2872,3706,9186,431,65
HauGiang,12-11-2011,970141,73437,88822,40567,20364,16171,76046,58362,62487,26297,40282,21538,9370,6117,8424,5281,865,64
HauGiang,05-11-2011,877629,15693,38203,88995,41941,95282,93357,68004,10122,04028,99341,56836,6304,5131,4883,0026,554,77
HauGiang,29-10-2011,351979,20450,80436,49555,48629,79314,67485,21689,94437,07215,79919,96688,4677,6796,8606,5799,366,68
HauGiang,22-10-2011,093051,54616,94923,84575,69721,12255,67410,78931,41549,14723,99866,14118,8581,0788,8436,8514,560,36
HauGiang,15-10-2011,066448,01629,53950,11217,17495,66178,83915,78302,56820,83278,96898,70987,6090,2445,3621,7691,677,85
HauGiang,08-10-2011,145187,00219,11073,66059,49512,01514,15328,79568,54033,26776,02209,48204,1039,9827,0263,8093,847,01
HauGiang,01-10-2011,686208,59042,97467,43514,53721,01596,05518,17208,89984,11771,17803,00408,6350,1904,9728,3964,443,80
HauGiang,24-09-2011,692649,56096,23215,82843,88577,18557,54698,12156,56634,66591,07940,57245,2303,0442,3231,5427,328,59
HauGiang,17-09-2011,862996,11290,33333,43980,00289,20469,72683,38644,44383,82890,36471,24314,9272,5195,5813,3138,231,69
HauGiang,10-09-2011,120406,36670,96096,72236,76718,35147,66766,63442,47630,93889,54999,53729,1363,6069,6525,4377,690,95
HauGiang,03-09-2011,905003,41914,99099,92034,85501,43267,05075,41058,46688,73834,28926,45659,6825,0385,6795,8130,395,35
HauGiang,27-08-2011,681891,61591,76686,00405,39004,84948,52576,68718,28848,88653,94781,75290,9256,5172,6618,6417,153,76
HauGiang,20-08-2011,939145,13054,60139,08768,55876,03705,00574,63461,75902,37871,39107,33604,6678,2744,1583,7884,511,22
HauGiang,13-08-2011,987602,43396,14907,61803,75012,88708,12149,86127,70947,79794,00265,90877,5217,0388,5809,3995,185,03
HauGiang,06-08-2011,877749,64498,55145,76566,84439,45811,51673,42997,10263,02946,70711,54364,0507,2642,3960,2903,498,76
HauGiang,30-07-2011,954100,68114,35176,66425,86038,84917,67486,13185,10066,60423,28924,72670,4548,7174,0584,4291,569,23
HauGiang,23-07-2011,497901,71163,27941,34083,20557,79241,45215,72638,61731,12295,01528,47222,2162,3985,1793,0159,304,36
HauGiang,16-07-2011,748186,53612,35582,21603,82296,21354,84461,51227,52984,05200,21289,37733,0049,6631,5656,6381,079,35
HauGiang,09-07-2011,288495,68581,30179,28343,01895,03352,51164,92354,81139,46804,12418,53494,3301,8190,4167,5350,678,63
HauGiang,02-07-2011,263477,38333,07065,13230,81267,40785,88787,39997,78034,57250,42271,38978,2812,7962,8454,9576,215,58
HauGiang,25-06-2011,919760,11657,54279,76243,86245,81147,23674,82073,92145,69571,44089,74993,0463,1642,2748,9579,249,33
HauGiang,18-06-2011,763360,76545,81691,46502,64355,54511,69308,82470,71585,23917,23890,27150,5950,5230,4782,6903,932,22
HauGiang,11-06-2011,052257,58952,95158,64684,49492,28015,79404,78441,18385,46306,19552,27913,5357,9644,7097,0159,570,08
HauGiang,04-06-2011,130836,70426,44679,69066,04280,02381,33416,64625,18237,80256,17764,46476,4817,1604,8407,3268,817,48
HauGiang,28-05-2011,021619,01111,36895,63014,65596,30551,36405,42698,75257,57006,86885,49124,6017,2459,9804,7890,328,94
HauGiang,21-05-2011,769214,78972,45914,75364,39711,38088,50243,47209,28110,16173,86477,67916,4010,5795,5736,3289,324,32
HauGiang,14-05-2011,158056,22963,93557,07492,89689,81571,89003,02908,80377,26799,36797,89820,9098,7731,3963,9380,269,56
HauGiang,07-05-2011,536185,59808,75530,06882,99578,97602,82055,32887,98846,97960,48660,07856,3453,2028,7367,1720,386,17
HauGiang,30-04-2011,183430,36508,00231,61365,49555,19236,94335,80042,80600,78990,41533,29166,6394,0073,9126,9157,178,41
HauGiang,23-04-2011,002345,21343,98617,15180,45637,32421,79053,27613,32779,41241,58420,97183,4600,8477,3440,3616,956,84
HauGiang,16-04-2011,624681,14276,95535,87880,16824,55425,73391,58881,59904,92763,87564,87876,7075,3793,5058,1138,123,67
HauGiang,09-04-2011,452809,40103,87054,30371,26759,07775,91054,35308,69755,26170,95272,42173,5133,2382,6476,6567,410,26
HauGiang,02-04-2011,161547,33149,00424,63174,62329,04530,17557,71133,60400,50391,66301,13806,2505,3643,8026,1995,245,84
HauGiang,26-03-2011,021416,73932,64482,08685,20161,70994,66235,46664,50196,33244,53162,30299,7484,9036,4428,0498,504,99
HauGiang,19-03-2011,941398,11754,48510,40549,50870,45907,09599,66310,44251,90791,68993,74696,4130,2696,7422,5073,324,28
HauGiang,12-03-2011,677356,73225,44951,69567,22951,14404,06851,70135,46078,95194,97482,10485,6240,6057,1948,4179,586,10
HauGiang,05-03-2011,069448,64504,25536,80349,68564,61926,99697,10526,72216,37188,06715,22526,8875,3937,7265,6910,110,55
HauGiang,26-02-2011,669175,65778,46521,43091,46854,49921,82580,24379,68137,79926,18881,37649,6227,5689,8376,9765,019,95
HauGiang,19-02-2011,611195,31535,47945,92650,04339,43316,69075,92574,74447,50457,71263,53893,6205,3475,5749,3879,129,75
HauGiang,12-02-2011,225042,75155,02773,47359,17480,40238,48030,27242,89129,98642,73713,03020,7430,8271,3359,2614,717,32
HauGiang,05-02-2011,212669,74194,60117,47706,90058,19198,14660,24722,39027,08046,03541,78172,1422,7463,1695,3958,812,54
HauGiang,29-01-2011,750242,08709,26199,66194,75866,75772,27275,56740,51215,48852,29554,67560,2580,9209,0572,3004,143,78
HauGiang,22-01-2011,694532,00020,59921,91054,01700,58714,13663,38234,11173,75765,32545,28471,7715,3468,1687,4657,249,81
HauGiang,15-01-2011,141405,91474,34545,36274,92013,74192,90605,54941,28940,03192,33735,26649,2409,4457,7694,0803,946,37
HauGiang,08-01-2011,318531,84612,62314,84740,95873,78655,09757,55739,81577,02651,80076,39569,4588,6991,4157,2141,921,42
HauGiang,01-01-2011,749485,60610,13025,33043,67187,81948,00281,85271,95461,29179,59472,01207,7506,7516,0458,5786,360,70
HauGiang,25-12-2010,557209,13789,88817,11618,79939,09562,30360,24334,46396,74924,95550,58075,0599,8517,2065,3562,074,01
HauGiang,18-12-2010,711490,46743,00498,09243,02656,10799,72310,74043,06663,79278,53467,52779,8643,6629,8589,8368,987,48
HauGiang,11-12-2010,513912,70552,37996,15024,91353,45036,02034,58771,65045,23280,66503,01401,7157,1082,6506,5915,201,80
HauGiang,04-12-2010,273608,63936,01222,00197,49680,72305,58513,09354,29033,02367,79911,92641,7701,5889,8169,4837,200,48
HauGiang,27-11-2010,043594,49315,15151,83313,91287,10265,15797,36545,22866,21191,15676,66210,6154,9390,7524,7984,634,31
HauGiang,20-11-2010,305508,21554,33878,43321,01961,90238,45268,47309,34784,47244,35892,79401,6807,3458,0100,8333,288,49
HauGiang,13-11-2010,894512,47551,11526,56813,41964,63652,30570,74697,47651,41285,08631,14063,6366,5410,2028,3563,920,47
HauGiang,06-11-2010,176716,07856,62107,22479,74037,18698,84948,15666,84736,48947,27797,64374,4847,6437,3749,2077,482,01
HauGiang,30-10-2010,334338,33338,82099,57923,43677,35863,15526,20453,19515,99356,99361,15372,0704,3406,4405,7735,003,32
HauGiang,23-10-2010,891987,45151,47466,09930,60278,77662,30809,43773,10757,96109,37210,02095,9362,3931,8699,1966,937,02
HauGiang,16-10-2010,041839,28878,54996,26756,72308,05726,16333,61123,63947,16753,68523,20615,9135,0710,2672,8723,398,79
HauGiang,09-10-2010,830935,52562,91240,15672,47101,00399,77533,18730,25861,84387,52440,52281,5391,8994,1892,7604,720,87
HauGiang,02-10-2010,700920,50006,57677,94676,74758,60568,79460,56788,71671,06466,56488,01137,8703,2992,2816,6904,465,88
HauGiang,25-09-2010,070363,33724,07428,50497,88966,48284,76078,92221,51764,52505,57321,88843,8282,8820,3028,6156,396,42
HauGiang,18-09-2010,595894,41992,43145,37204,12808,31862,93774,27900,70089,11423,11167,40608,6470,6122,9696,5378,770,58
HauGiang,11-09-2010,518613,27123,38591,19508,25180,47302,42073,09655,33197,66439,86001,73947,3550,9905,3150,9729,827,43
HauGiang,04-09-2010,426810,25233,51066,26022,38471,20314,02664,60563,39389,94363,49316,83206,8882,6904,7266,6159,590,88
HauGiang,28-08-2010,365622,22161,59532,49984,58181,77100,45228,88749,84089,45602,83968,95776,2724,3251,9058,3767,149,84
HauGiang,21-08-2010,630193,36453,35651,79720,95241,99711,49897,04216,09378,28263,10603,19478,4172,0036,4117,5464,992,55
HauGiang,14-08-2010,525072,13126,98205,61150,19773,87445,54356,82265,46828,80939,22440,87486,4174,3765,4696,7603,692,36
HauGiang,07-08-2010,781332,29828,17977,22694,76843,27771,28671,05472,73924,54909,46924,96534,1680,9926,6655,4704,628,39
HauGiang,31-07-2010,989269,93907,94314,12355,00075,65421,15201,29400,32357,32984,79370,39735,2276,0005,8410,6069,117,84
HauGiang,24-07-2010,694490,34403,15873,55458,09370,67578,74150,81181,38808,67977,92181,63395,9392,5279,5700,6556,368,13
HauGiang,17-07-2010,301924,74320,10497,67643,14106,05412,76465,02176,54428,07818,55256,68117,3799,7183,4405,7804,820,17
HauGiang,10-07-2010,711197,88287,34220,67018,27988,13305,80678,50843,44805,21851,92464,22466,6616,3474,4869,5486,889,73
HauGiang,03-07-2010,413170,65049,64624,58130,46157,07454,53352,29244,39841,50898,29663,38020,5483,0161,2497,5645,753,69
HauGiang,26-06-2010,511002,10438,81779,17632,22107,02042,34822,57073,23534,95595,47209,28390,3930,8763,8506,9375,659,54
HauGiang,19-06-2010,015450,42491,27802,53867,19787,03373,54929,97793,15384,30666,93205,86476,6409,9124,6332,8665,482,10
HauGiang,12-06-2010,362665,97729,32071,82693,47058,00047,58667,22076,93205,03387,34865,18252,0049,8056,7991,7492,545,68
HauGiang,05-06-2010,792561,17967,73622,21633,05503,34676,77302,58688,37450,25092,98412,30210,3169,9155,3064,8876,226,22
HauGiang,29-05-2010,781216,44282,55007,49159,58186,14099,54012,82475,48468,81383,79203,20330,0298,6691,1163,0030,246,19
HauGiang,22-05-2010,448403,84093,15977,94762,83781,94758,68075,08524,67891,23527,39592,26486,5293,7721,5524,3809,650,88
HauGiang,15-05-2010,522834,70322,27138,61449,13961,19642,69131,20107,83401,40919,55406,65999,0875,8798,8008,7661,694,93
HauGiang,08-05-2010,522891,00249,71602,08490,81442,75664,83032,94353,36318,60939,54849,05984,5425,7905,0673,8400,342,67
HauGiang,01-05-2010,314594,17529,78071,55920,93045,75344,30828,60140,59836,87844,88509,37994,0395,5816,8021,3521,649,25
HauGiang,24-04-2010,077729,44603,33435,92355,78249,98390,03263,90938,71814,62407,91042,43189,6678,6652,1181,8462,266,79
HauGiang,17-04-2010,230746,81691,76381,06276,74838,89482,99035,66939,84658,58572,63839,33229,0419,7974,1404,0243,872,10
HauGiang,10-04-2010,026363,60978,05498,34392,64196,04638,42218,93535,13707,60212,60630,53640,5486,7835,0364,1847,959,61
HauGiang,03-04-2010,773758,17501,07390,14644,48551,57974,80199,08263,11696,12491,86387,76169,6050,3857,1464,2689,294,01
HauGiang,27-03-2010,793377,86500,41389,95138,97727,97239,88333,07141,35815,57422,10210,95008,5415,1899,3431,2959,574,28
HauGiang,20-03-2010,727955,57601,34036,44266,17781,33045,98588,97416,06495,61154,88596,31401,7141,0394,1094,3280,494,12
HauGiang,13-03-2010,507317,66306,86277,57888,86808,86034,70429,75986,77071,28790,99996,65806,2056,9181,3269,8416,995,02
HauGiang,06-03-2010,972431,18243,83545,32471,66976,90381,43427,35849,05273,41707,48928,62008,2407,8015,3090,4101,611,45
HauGiang,27-02-2010,113657,00173,45338,25143,56580,71028,59865,99611,92151,80549,48204,60875,1786,5682,4272,5714,979,78
HauGiang,20-02-2010,355637,64972,71133,74138,13440,46272,86601,71663,02652,74429,03529,15647,9452,2050,8319,6790,185,68
HauGiang,13-02-2010,916780,30633,36359,81305,80014,20471,27002,39954,02925,05253,32194,39863,2285,7316,0464,6663,415,87
HauGiang,06-02-2010,820892,04181,10269,15615,42471,26549,22087,80859,70714,45670,32856,33704,7929,2198,1179,0879,707,38
HauGiang,30-01-2010,462761,88095,74452,14635,74145,72294,88340,36031,97104,83938,32054,24769,8611,7711,8692,0998,868,01
HauGiang,23-01-2010,709505,85108,35686,42740,87587,44786,96975,20678,07235,38233,92039,21777,8969,1013,5838,6830,841,80
HauGiang,16-01-2010,177079,31047,71469,22572,12028,96462,83125,55947,93853,55842,18863,83821,6446,5038,7865,9287,295,65
HauGiang,09-01-2010,746141,28698,98077,32057,79605,21651,88869,32837,79937,70250,37488,62842,0746,9850,0383,5567,456,38
HauGiang,02-01-2010,202570,81937,41971,24915,49297,47802,53550,05545,79747,82353,58672,62925,8478,0771,3870,3692,907,35
HauGiang,26-12-2009,731461,58421,79961,72837,75508,69360,99541,29687,06605,11165,29687,60825,8756,7734,7587,7489,238,87
HauGiang,19-12-2009,276545,38742,92630,94298,50446,07505,50994,74994,00750,01939,74438,99374,5489,9160,9748,3138,545,76
HauGiang,12-12-2009,796221,66033,80695,91650,10228,82030,28181,81426,38401,22396,43837,80087,7730,5336,1476,5230,934,68
HauGiang,05-12-2009,693150,65155,16208,00272,16958,64504,92787,82420,30993,45353,44630,41611,5686,8249,2965,9702,392,86
HauGiang,28-11-2009,698501,00847,55565,36918,04506,34814,67456,00383,00849,18816,23810,00572,9702,5893,7147,6226,156,38
HauGiang,21-11-2009,351037,03265,45507,60149,67275,62066,43717,33057,56209,64600,79059,43957,3001,4886,3911,0040,791,79
HauGiang,14-11-2009,759864,49052,74882,96958,21190,78075,10443,32190,16225,91483,88689,52667,9785,3139,2233,3003,849,58
HauGiang,07-11-2009,602802,97508,48010,60186,43298,19491,46929,99184,40622,35331,30168,47998,9582,1432,7317,5555,362,29
HauGiang,31-10-2009,048373,70056,87373,92182,76607,90449,95797,80916,86258,94596,13523,57862,8803,7458,1995,6850,448,37
HauGiang,24-10-2009,308570,19837,74637,84628,06551,87577,08969,08395,34384,88900,22171,85029,1338,8341,6262,7667,424,46
HauGiang,17-10-2009,206924,48499,33070,31260,40346,94620,05763,24201,91737,51384,81083,65501,5538,4364,0536,1104,499,26
HauGiang,10-10-2009,153603,64626,42090,53711,25695,73377,69413,76767,24932,31022,40352,31569,8407,6750,3595,6609,906,78
HauGiang,03-10-2009,550809,00320,44985,96574,45783,81226,11167,94278,03670,38309,27013,75598,3839,3803,4594,6901,357,17
HauGiang,26-09-2009,84806,88811,88165,14554,83365,03012,39615,10853,13485,14677,95295,84138,8234,7864,0391,5858,270,79,00
HauGiang,19-09-2009,26705,14965,91243,18648,88857,07241,22359,13650,86026,82834,06784,25400,8165,9154,6260,3273,337,42,00
HauGiang,12-09-2009,92831,74427,96018,81153,28688,76183,50788,83846,18189,76412,17059,85469,9760,1993,4239,3390,979,25,00
HauGiang,05-09-2009,91026,17315,03424,28174,68024,79616,70158,29209,33709,04270,06199,90795,2535,3586,2701,4069,180,06,00
HauGiang,29-08-2009,13199,82928,69928,05201,03961,92034,64891,99629,20262,40903,54564,67270,8247,1198,0532,4502,085,08,00
HauGiang,22-08-2009,45994,69623,56824,86624,07184,87337,39181,39027,64796,90620,94798,12798,9512,4324,6820,0937,449,39,00
HauGiang,15-08-2009,08804,45905,55298,26641,55977,04530,75307,56097,86787,47006,67434,91432,0484,2208,3413,5193,667,00
HauGiang,08-08-2009,96066,89218,83950,02808,28779,56618,33605,42547,16969,81698,45639,03546,4614,9326,5925,4665,477,18,00
HauGiang,01-08-2009,70914,69429,05384,81358,57195,55232,82287,61554,12006,58609,75300,37505,0375,1422,9334,2566,054,17,00
HauGiang,25-07-2009,42405,88066,76149,50843,92596,75526,80700,70796,91002,85906,85573,97262,5894,6653,9372,1028,814,55,00
HauGiang,18-07-2009,89176,97236,54698,42830,03375,44083,80683,81656,48294,91522,34632,60581,8644,5371,0200,2299,492,45,00
HauGiang,11-07-2009,12123,71015,61694,74057,81644,85352,24609,16613,95511,08298,10445,20953,8027,9402,8074,0476,150,98,00
HauGiang,04-07-2009,96243,49313,07368,23515,37512,06800,37022,75981,83046,67191,07631,52882,3797,2209,1521,8405,646,59,00
HauGiang,27-06-2009,34621,26833,12224,50493,47118,54450,40555,86991,58441,72994,38849,50567,3771,1251,6227,5728,759,46,00
HauGiang,20-06-2009,48026,78252,09896,83241,09218,53730,66372,09964,34569,47140,09598,07381,6944,0504,9910,0074,465,98,00
HauGiang,13-06-2009,30516,15106,44808,57466,97960,38602,52521,07415,86070,94735,28305,74276,3237,6792,0216,4938,826,44,00
HauGiang,06-06-2009,94305,77276,47251,16402,24781,75917,46025,38540,44857,23562,03267,48457,7713,0309,9244,4198,359,29,00
HauGiang,30-05-2009,94516,77288,37504,01130,92755,18472,85439,45560,58734,16841,88232,43286,4136,5088,4339,7848,397,86,00
HauGiang,23-05-2009,22778,30782,46934,97279,80325,34486,86009,57475,20936,82143,98091,54398,1603,5599,2670,9821,342,90,00
HauGiang,16-05-2009,72736,48870,59809,67234,09273,58682,11888,42327,99487,20294,46857,57358,2390,6635,7025,4977,766,34,00
HauGiang,09-05-2009,78761,29065,30001,81126,96598,62430,04905,94821,70140,97855,11839,96741,0205,3242,6907,6944,843,03,00
HauGiang,02-05-2009,87821,59462,48339,33288,60520,87020,85255,20469,45887,37039,96990,08104,9597,9477,7127,6700,338,63,00
HauGiang,25-04-2009,55151,41228,03582,81065,21305,03480,08597,31602,25525,45306,32972,09295,4727,7891,9210,5894,421,43,00
HauGiang,18-04-2009,27413,53116,96496,54831,67723,65767,57461,36646,13981,05616,41193,95227,8459,9207,5620,0520,300,78,00
HauGiang,11-04-2009,14384,23558,08170,18445,62410,12539,93696,18238,91825,48818,12892,76274,4511,7628,7864,8019,608,19,00
HauGiang,04-04-2009,14446,36308,40920,80040,18320,46529,76275,24160,79601,35994,05379,59135,5492,1489,2949,8455,689,57,00
HauGiang,28-03-2009,25797,01338,14944,60250,01759,64280,40364,02422,48122,16882,63686,97236,1947,7301,7080,4801,492,75,00
HauGiang,21-03-2009,84950,84298,58173,31103,54744,07569,20489,48529,81499,92236,56855,18373,3397,1236,8787,0845,584,80,00
HauGiang,14-03-2009,06257,83656,25425,01001,76214,71416,70888,66930,76770,12352,82897,26329,1692,2936,6365,4244,069,53,00
HauGiang,07-03-2009,04125,85532,65174,21684,49057,03514,39867,45566,26920,79324,26459,48227,0076,9767,8640,780,187,18,00
HauGiang,28-02-2009,71751,42612,93238,44404,96024,32622,87478,52530,87511,41535,77373,33967,5815,7890,9771,3180,137,79,00
HauGiang,21-02-2009,79508,91495,69756,42441,76513,75647,50088,21059,99333,53155,41967,10617,4891,2691,7673,7538,501,47,00
HauGiang,14-02-2009,58142,31405,64533,47015,36986,95634,62174,15100,88660,95915,89451,78842,3406,0871,4495,2036,077,78,00
HauGiang,07-02-2009,90328,55821,97250,70507,66964,08234,94905,34854,26010,64867,77877,71574,7938,6647,7677,5586,301,63,00
HauGiang,31-01-2009,67009,46910,39834,77548,92353,34250,18461,42921,67105,95994,17616,54167,6127,1024,5041,1235,908,10,00
HauGiang,24-01-2009,66441,85457,64030,10148,51204,61046,60787,84425,05799,59740,82552,79503,6323,9949,4128,9708,490,17,00
HauGiang,17-01-2009,69027,90704,60008,19861,58870,11431,36917,70440,05677,62327,08481,51256,8246,6647,5390,5065,411,68,00
HauGiang,10-01-2009,15055,79713,99783,26818,47618,25226,87613,10592,04498,53809,11721,96181,6362,4969,5017,4017,594,86,00
HauGiang,03-01-2009,78699,88789,38342,53514,01818,86310,99868,47969,19697,72951,35983,30023,4232,3012,5020,3440,241,08,00
HauGiang,27-12-2008,85083,83955,58129,42910,77111,80866,64695,21496,31410,29214,00723,85050,9408,4163,1365,2130,657,44,00
HauGiang,20-12-2008,81668,65500,32367,32754,23832,32920,44194,66124,31025,01916,17168,44255,3226,8133,7378,3533,406,87,00
HauGiang,13-12-2008,65508,21432,92365,75031,16873,30249,15203,23407,94883,90644,97865,81559,5034,3710,7503,0235,877,10,00
HauGiang,06-12-2008,78939,21506,69007,78655,94250,93108,27589,11241,31391,80258,68704,44635,8914,7625,6712,0301,655,66,00
HauGiang,29-11-2008,40141,65336,76158,35355,07793,02348,29404,72029,47708,36027,22500,52599,8077,2687,2793,9752,925,92,00
HauGiang,22-11-2008,17034,42175,88466,10068,95086,32865,77424,06094,24730,41977,98240,97846,2219,0930,1723,5038,545,23,00
HauGiang,15-11-2008,11470,69839,26418,38027,36533,65642,99562,13210,21862,71347,37858,10507,9944,6084,5887,3694,007,75,00
HauGiang,08-11-2008,82961,44867,51319,89260,13115,36458,95898,51134,37215,11253,98813,44488,5199,3921,0843,0349,947,16,00
HauGiang,01-11-2008,86117,69391,84979,18542,95262,85104,86257,95988,46901,98661,36725,78350,7198,7568,1024,2625,991,03,00
HauGiang,25-10-2008,25189,07935,59218,42429,48765,48141,39530,52105,35654,40378,14708,58057,9106,1220,8193,9997,852,27,00
HauGiang,18-10-2008,76722,71284,91246,46686,73250,28953,02393,45857,57419,03997,25014,97350,5303,1353,7015,5140,098,50,00
HauGiang,11-10-2008,72444,69990,49661,79633,74571,79833,52599,51980,70771,85381,45609,82101,3781,7685,3194,7157,057,59,00
HauGiang,04-10-2008,61585,82807,87621,44820,81813,55770,63169,98806,75725,97847,44600,34569,4800,7926,5370,3617,523,94,00
HauGiang,27-09-2008,77415,88130,40090,16339,60956,71065,30696,89879,70386,15375,55880,07770,6107,5287,2840,6018,009,75,00
HauGiang,20-09-2008,13074,25879,57289,04519,69855,95465,15793,39595,81639,70645,09129,45176,3295,8751,5706,0561,735,78,00
HauGiang,13-09-2008,37562,78351,18467,31764,22522,27401,59919,48769,51873,09210,26708,04546,1589,5177,9048,3667,833,45,00
HauGiang,06-09-2008,95155,16824,49421,72382,39118,29352,27406,18311,88947,44624,74799,95132,4950,3944,5981,6865,368,77,00
HauGiang,30-08-2008,18491,14762,54282,64770,42727,40419,10617,57223,88746,13033,81435,13056,8911,9463,2154,1976,034,20,00
HauGiang,23-08-2008,99360,74843,71749,95649,06734,71504,57516,15330,20571,34772,86894,90746,3302,4003,9557,0444,766,87,00
HauGiang,16-08-2008,02250,66669,56639,71771,35199,66762,96728,41827,25989,75659,29235,40523,8406,3880,0533,2008,750,97,00
HauGiang,09-08-2008,33303,98864,50338,03512,99049,56449,74901,60282,34019,66146,21634,05495,1374,1358,1797,2110,616,07,00
HauGiang,02-08-2008,37874,04928,43233,43593,97012,80487,36273,76015,34648,12622,42355,30208,7221,1677,9973,0494,015,48,00
HauGiang,26-07-2008,84656,29264,93088,92690,12789,89696,39949,38894,67040,35865,38875,48761,9372,5785,8827,1933,435,13,00
HauGiang,19-07-2008,38166,59996,22519,96218,39582,14130,00751,74575,87026,38771,29610,09325,4495,0177,7835,7722,653,29,00
HauGiang,12-07-2008,20765,28322,36479,07279,23790,29539,38906,06028,74564,83573,95925,61249,8787,3666,9859,8693,530,29,00
HauGiang,05-07-2008,72392,13729,05577,84548,86297,06376,37636,63507,89261,09193,49258,38568,0779,0734,9051,9552,228,55,00
HauGiang,21-06-2008,86674,36972,09340,05848,32126,12895,06873,82638,79539,66421,08370,32762,8912,9919,0360,1609,885,40,00
HauGiang,14-06-2008,85518,20952,09896,06890,42232,17924,62222,58437,44558,14839,34235,09884,7018,3867,3378,0667,679,96,00
HauGiang,07-06-2008,31404,82683,30022,81859,94886,51282,01635,89381,88123,56694,42378,59112,2177,3661,5391,6639,193,25,00
HauGiang,31-05-2008,34795,49011,50160,60009,43730,97721,48673,90083,26298,28795,17473,62686,4675,9240,8569,4601,861,19,00
HauGiang,24-05-2008,36702,40185,52631,29139,05252,24914,60317,72634,58768,96333,66739,15549,8639,9654,0728,4988,560,88,00
HauGiang,17-05-2008,96618,35157,72137,83278,24318,05389,05196,85922,85352,22850,29792,24875,9997,0009,4097,9182,363,49,00
HauGiang,10-05-2008,32919,01094,17444,11674,28793,47845,52382,85304,40524,24715,88152,12509,4462,3507,0481,8018,858,10,00
HauGiang,03-05-2008,13502,83112,48368,22548,68466,55218,62961,54045,58338,82352,65078,41262,3267,0186,1521,0977,344,69,00
HauGiang,26-04-2008,27459,77219,03172,94502,72906,49153,72694,26861,27223,54324,10984,1910,9120,9172,0193,1992,001,03,00
HauGiang,19-04-2008,55554,82240,93216,34579,25172,20520,43860,40369,10850,41584,22810,1227,6071,0123,0665,9990,506,42,00
HauGiang,12-04-2008,27505,43375,21831,38899,97443,85210,40562,88461,60643,27869,74452,9120,2903,8500,0659,5666,116,83,00
HauGiang,05-04-2008,18781,46108,82478,60822,07069,59674,64272,88540,30209,32906,02272,4590,1527,0930,6670,2337,581,02,00
HauGiang,29-03-2008,47478,68178,69580,45920,61370,78467,11216,11820,36577,08551,01315,1168,0198,3566,2358,5863,418,53,00
HauGiang,22-03-2008,58086,92614,41311,10759,26316,91969,84957,15865,32441,60285,77215,9322,2604,1458,0448,1102,497,73,00
HauGiang,15-03-2008,07086,70223,61758,41988,00393,03863,33593,04868,11988,48862,96250,4712,7630,2939,3651,8817,312,78,00
HauGiang,08-03-2008,96808,85470,37082,14624,42202,82917,30374,33482,98148,62905,62366,7479,7670,8828,5557,7923,875,18,00
HauGiang,01-03-2008,37830,64815,63237,37288,95623,99369,39273,94107,40877,67549,35966,8661,2882,1673,6543,0791,334,94,00
HauGiang,23-02-2008,89426,60193,56090,91664,57316,05619,08644,34006,11822,71878,99256,79422,6678,3543,9687,5148,546,16,00
HauGiang,16-02-2008,22977,86735,80717,25106,95511,77022,21024,53984,25969,11509,66146,02380,7132,7741,5261,0427,948,01,00
HauGiang,09-02-2008,40990,24513,14105,91840,73446,58646,47760,00368,55686,68911,46232,50173,0132,3774,6091,8215,285,90,00
HauGiang,02-02-2008,24472,90445,23170,66795,49345,11398,09684,49819,98300,94531,98086,62833,2922,2138,6118,9769,261,92,00
HauGiang,26-01-2008,07962,99165,29679,98659,38707,07690,82596,04424,45963,54341,91006,02336,8522,6155,5125,8260,728,74,00
HauGiang,19-01-2008,75838,50848,65662,11662,17504,72341,25796,50991,64901,69463,36308,90833,6305,4490,7378,0225,839,44,00
HauGiang,05-01-2008,35467,80370,42793,15513,92943,91905,70754,23284,32450,11963,24058,25135,7310,9965,6909,0806,612,85,00
HauGiang,29-12-2007,09839,17296,16155,21810,75676,72871,33424,40694,48114,56837,41234,14669,3383,7778,2864,1531,418,55,00
HauGiang,22-12-2007,44465,33853,67296,78599,38895,76140,80945,61296,19953,08290,97906,55232,4768,3545,7570,1090,580,18,00
HauGiang,15-12-2007,46630,89940,32253,46885,37101,12986,98074,51288,42366,74429,28953,15328,6296,0566,0992,7162,116,57,00
HauGiang,08-12-2007,77538,28244,52652,26399,56046,56988,54993,29283,14600,04602,29301,01896,5490,5838,1783,4497,094,01,00
HauGiang,01-12-2007,43520,00036,28122,42732,44413,30170,27609,69115,28378,78361,45187,75589,9785,8351,2931,7643,630,28,00
HauGiang,24-11-2007,08350,28813,75088,18247,13697,38657,72035,48412,06862,47207,89656,61089,5532,8653,9627,2638,324,43,00
HauGiang,17-11-2007,61489,10462,76856,72059,22615,76147,52318,25353,92716,43441,64163,30536,6363,0087,2112,5341,514,09,00
HauGiang,10-11-2007,76622,14673,11921,39308,39537,25295,31381,62179,85037,38625,84751,41990,1847,8194,1483,4563,753,26,00
HauGiang,03-11-2007,63522,00768,80261,71853,56178,00092,16097,25986,98405,53122,25842,84772,9810,4406,6658,5400,324,97,00
HauGiang,27-10-2007,87638,46736,18224,51905,47110,41158,67775,80638,94577,09789,61843,88006,4617,0125,2853,0969,120,15,00
HauGiang,20-10-2007,29103,73335,04650,08379,74322,11870,27564,05859,12223,37385,72003,29162,9358,9131,1802,8049,538,54,00
HauGiang,13-10-2007,87561,53826,34593,12295,11595,01668,91786,64869,99387,86546,96626,30708,6139,2573,4792,5800,775,80,00
HauGiang,06-10-2007,60234,93926,46264,86018,43911,98835,68140,92007,98143,88156,68147,93733,8741,3010,6747,3608,318,56,00
HauGiang,29-09-2007,12829,39450,57834,72172,94001,92124,46587,47157,18458,53684,73492,61852,7336,5024,9782,4947,735,78,00
HauGiang,22-09-2007,23266,45679,53764,98174,04677,82747,34225,93258,32294,67834,78404,44122,8933,9386,7554,4206,447,77,00
HauGiang,15-09-2007,10447,84750,05643,33760,87908,96394,37765,32462,27339,14863,93978,54737,1587,2915,7212,0288,097,68,00
HauGiang,08-09-2007,51598,38641,25344,63828,29708,61943,61436,22755,83543,02084,85776,05921,7562,4331,1819,5590,769,30,00
HauGiang,01-09-2007,79580,96574,20783,63828,29708,82935,90515,44950,72548,36151,66345,95150,3987,2408,1618,3260,352,46,00
HauGiang,25-08-2007,32639,68460,50310,37899,29868,87585,36615,59012,31050,01133,16488,47470,4318,4251,1020,9594,984,87,00
HauGiang,18-08-2007,10424,25781,53822,79798,38420,66170,07723,16430,45024,02121,72786,65615,6352,4363,1051,5860,698,49,00
HauGiang,11-08-2007,11812,08470,08538,10516,42520,50496,36402,40383,01286,45598,10794,20123,4874,1480,0297,6458,728,84,00
HauGiang,04-08-2007,22193,11130,43201,06121,53327,05561,45746,40290,91837,36697,99073,07180,8565,8643,5465,9265,899,69,00
HauGiang,28-07-2007,16486,28390,83239,81335,16812,33283,81483,25849,68028,33867,07186,49561,6869,4129,1811,8707,660,45,00
HauGiang,21-07-2007,17745,44025,47212,80173,96438,00600,04084,50498,97566,19471,53767,56277,1414,5605,8146,2357,544,78,00
HauGiang,14-07-2007,72245,70440,69656,75576,88770,26490,38186,65475,24762,20800,90662,84612,1197,1331,1017,4433,915,22,00
HauGiang,07-07-2007,46322,59649,63689,62984,59856,53296,52052,69384,64847,26207,74075,83284,4199,6206,0416,9573,413,11,00
HauGiang,30-06-2007,10639,59712,69086,91223,88597,04280,70919,02059,22030,78147,85793,07397,9306,2222,0307,0105,445,10,00
HauGiang,23-06-2007,80360,46438,44379,06500,66034,16130,01140,95463,05693,61548,45284,81934,6683,0527,8025,4082,454,20,00
HauGiang,16-06-2007,83281,79521,37063,66326,28672,17489,83592,06630,27392,57622,68036,10231,4686,8918,7654,6095,747,47,00
HauGiang,09-06-2007,54665,32573,09641,62053,27669,98264,86208,87607,21537,37234,28549,36049,2089,2971,6189,3399,908,54,00
HauGiang,02-06-2007,37447,98197,32014,41046,87132,82853,80633,57923,21825,66894,17561,28799,7421,6286,4977,9377,724,72,00
HauGiang,26-05-2007,99356,05989,51680,48988,99698,75171,39960,96511,96746,04753,73012,91414,9208,9187,9024,2141,526,19,00
HauGiang,19-05-2007,31763,83446,95192,69070,21290,99881,70289,43570,55894,63358,12560,30116,8837,6575,7944,1881,233,15,00
HauGiang,12-05-2007,59949,39547,67467,39514,90089,97253,52788,28563,07366,92257,47627,78612,4314,9075,5887,6713,337,19,00
HauGiang,05-05-2007,88991,79429,89956,57869,79152,47422,00879,58226,60387,30673,61046,14659,1927,4874,8260,5538,784,45,00
HauGiang,28-04-2007,10711,81436,12888,11164,91796,48500,63649,07736,64124,05624,98907,70237,9178,4340,3719,0834,745,10,00
HauGiang,21-04-2007,76836,37083,86260,06208,53982,85920,30082,81331,85594,03806,24513,98190,2194,9056,7986,6723,338,77,00
HauGiang,14-04-2007,46001,58108,55550,12352,43551,40589,89248,74032,27834,23058,73228,99745,2136,3888,2527,8271,884,60,00
HauGiang,07-04-2007,83555,63605,94381,73643,71505,41826,32560,06723,39213,44592,75721,09633,0664,1021,7568,7294,233,48,00
HauGiang,31-03-2007,67345,95119,32178,50282,29825,25910,87712,56774,68940,80755,68008,78839,1095,4947,1345,8605,030,61,00
HauGiang,24-03-2007,12857,74028,54395,62899,55385,99091,37646,98768,19577,09765,64966,14031,3361,2039,3714,8333,925,21,00
HauGiang,17-03-2007,74500,71562,63290,78579,79800,05645,18354,94686,55175,00305,45858,85329,7334,4202,9553,3519,576,11,00
HauGiang,10-03-2007,47106,89339,02276,54722,72450,38266,50075,84892,76599,05984,24253,64343,2149,5932,8131,2781,803,31,00
HauGiang,03-03-2007,70099,39436,73678,69528,63217,49180,12226,63792,88439,24338,01150,85686,8482,1529,8146,4677,692,46,00
HauGiang,24-02-2007,61285,96939,87729,97192,46684,54714,91296,96552,21085,75750,57909,20098,0107,5430,5744,2485,307,51,00
HauGiang,17-02-2007,63724,27155,97294,22433,49813,80412,70657,36627,40850,60090,29282,91245,7940,9626,2386,1208,242,12,00
HauGiang,10-02-2007,62993,73770,10967,00202,27807,40976,75527,97264,69697,83187,03575,39978,4428,1952,6919,6680,521,73,00
HauGiang,03-02-2007,23793,14334,44049,43368,68953,64307,92376,85211,37752,49591,02213,90286,5716,5120,6152,2966,032,22,00
HauGiang,27-01-2007,42024,13177,96652,49697,17073,91781,74727,04550,99139,22807,04437,89143,1432,5657,4659,5321,491,94,00
HauGiang,20-01-2007,47920,46836,07266,59967,22144,03487,23703,46112,18718,37680,60794,57361,0175,3315,6833,9072,248,76,00
HauGiang,13-01-2007,77282,08770,30469,29736,28838,53588,73858,91792,62500,62767,07873,61414,9124,1357,7319,5478,243,50,00
HauGiang,06-01-2007,89044,68172,89905,80038,14705,37873,30619,64344,24929,22678,15691,88260,6681,5334,2948,8048,716,09,00