LamDong,18-11-2018,015949,97903,29267,95065,79693,73287,66958,50656,67873,53462,41713,47996,5536,3607,3824,5128,116,92
LamDong,11-11-2018,292771,93089,11312,92990,13783,53961,94717,29596,71714,37489,48340,73334,1394,2889,7829,0517,635,63
LamDong,04-11-2018,987644,53846,72446,95807,22925,93608,50160,45329,97364,07871,29594,24113,0017,6706,7154,6396,220,87
LamDong,28-10-2018,289436,99173,35392,67714,99433,13626,03747,22093,35719,51432,56050,69999,8889,0538,8278,1949,004,05
LamDong,21-10-2018,135378,26367,89678,96604,97772,15939,43663,31393,44288,28492,56031,09328,3840,3558,3289,6317,805,91
LamDong,14-10-2018,391179,89139,38781,75005,82341,56858,89830,93068,26826,72516,20355,70240,0493,8062,8684,9360,292,50
LamDong,07-10-2018,718562,13734,31776,41670,09959,32516,60164,41263,14005,67783,84955,89647,5702,3452,6132,7668,493,79
LamDong,30-09-2018,579140,71113,28720,27535,89627,33856,58510,42791,87442,51317,37500,50035,3840,8684,8661,1437,299,08
LamDong,23-09-2018,889840,84440,29635,39355,86016,51226,09650,84329,90307,56403,42004,81144,6471,3629,0395,2302,917,78
LamDong,16-09-2018,884507,25229,55256,74012,43106,12553,41713,77131,79723,60216,16368,53240,3302,3312,6556,4694,058,38
LamDong,09-09-2018,629836,53907,57941,98686,84424,67960,93816,99390,46591,09374,11467,83810,9959,2513,1938,6713,647,88
LamDong,02-09-2018,105249,21479,72930,65390,72881,91776,85729,59296,99716,48104,26295,20016,4045,9251,4913,3370,237,99
LamDong,26-08-2018,224963,84714,61352,07198,64514,22363,25762,78429,07045,32718,92387,97065,5792,5685,5404,3716,136,72
LamDong,19-08-2018,328412,98011,28216,87474,21391,01696,02127,18296,64250,13065,36484,90955,4381,2324,9280,4426,200,44
LamDong,12-08-2018,319549,26113,16764,26299,00285,43028,20235,60508,06689,21384,06381,63938,7950,7601,0531,6525,830,24
LamDong,05-08-2018,124760,09147,85469,13092,70775,24263,48972,09022,86137,12311,90767,26093,9227,6989,2283,3410,915,88
LamDong,29-07-2018,553971,74459,62612,65441,01761,69527,80145,83445,30038,01149,78952,13799,6472,6952,9847,1490,552,92
LamDong,22-07-2018,366607,38744,63654,59666,20723,56441,20213,36883,97961,71345,70989,47910,8588,8245,7717,3470,224,75
LamDong,15-07-2018,459083,17987,17484,92434,01611,49878,62921,08384,87048,29475,49752,95218,9092,9951,1617,8803,750,92
LamDong,08-07-2018,439388,40165,54378,90699,88324,85927,46864,17011,66690,91983,25705,46009,2580,4480,9212,5789,761,02
LamDong,01-07-2018,458717,50051,77057,46128,68727,73232,71526,04836,36652,91449,55958,53217,4984,0881,4238,0009,081,37
LamDong,24-06-2018,133610,95796,01125,03226,92868,83951,00775,33637,10145,85585,73551,20293,5583,3923,0993,4659,702,96
LamDong,17-06-2018,230518,48206,19004,08764,23033,34142,19008,02276,61550,83171,28484,00359,0754,9406,6714,7771,779,95
LamDong,10-06-2018,518355,84951,90513,90446,85389,05599,21871,92088,84628,12897,13058,09035,2371,5498,6793,1631,982,90
LamDong,03-06-2018,463285,99781,24757,14789,25337,75157,37230,41376,65380,09362,77454,29579,9214,4941,5618,5887,306,64
LamDong,27-05-2018,014287,46406,16114,99146,24034,31215,82451,99299,86296,09659,83301,42201,7972,9851,9642,9521,982,69
LamDong,20-05-2018,044063,43269,48851,91699,31240,44987,74228,96852,83325,94751,67100,05293,3537,9979,1767,4766,039,72
LamDong,13-05-2018,002603,70743,89079,83976,83047,96994,23915,63782,08057,50918,16647,78389,8656,0981,2263,6944,724,14
LamDong,06-05-2018,620989,42492,88076,87406,07032,79478,49198,20002,95410,18068,03992,60777,5121,4878,0887,3578,105,69
LamDong,29-04-2018,154022,67584,51134,89389,85582,16087,01237,69401,74286,84781,02658,88925,0910,3189,7570,4946,337,85
LamDong,22-04-2018,668230,47027,24453,24678,56703,07737,89661,23632,86226,86761,66631,81845,3167,1585,7581,8009,407,27
LamDong,15-04-2018,508763,91869,54371,98932,84276,65727,42255,38780,22571,03562,45890,60637,1194,8944,6426,2829,867,15
LamDong,08-04-2018,558023,84742,52127,54705,04940,66745,43038,39094,47205,02107,18390,80539,8647,7129,7373,6409,491,14
LamDong,01-04-2018,533423,58211,57455,44526,67754,43472,02309,80748,70280,30203,14896,39803,8784,8259,8038,3505,144,47
LamDong,18-03-2018,989729,00641,52752,98989,47923,77988,37077,27530,01788,49117,67817,05057,7637,1258,3974,4823,400,00
LamDong,11-03-2018,761766,69838,53815,26383,64876,84276,85172,46422,33257,04248,23026,39436,9880,5841,2720,4298,641,86
LamDong,04-03-2018,167858,77754,72635,05603,58151,72321,13868,94666,79083,27281,81526,58109,4585,8040,2480,0126,407,58
LamDong,25-02-2018,907588,19873,15875,04923,00086,98608,75355,79679,71313,76308,40133,97574,5545,8365,4295,4829,248,66
LamDong,18-02-2018,222786,13353,35808,88943,55201,86443,45201,92304,01816,63839,21928,44415,8317,8069,4590,2297,125,67
LamDong,11-02-2018,830269,22599,52556,03956,31363,21176,20963,21616,41304,82746,84922,23893,8623,3759,3402,9705,852,88
LamDong,04-02-2018,277117,11478,98104,54055,47077,60577,47794,58035,23709,67046,73342,37633,4569,7664,2143,3485,013,68
LamDong,28-01-2018,371248,67755,50741,62063,70629,62957,28435,36547,57030,62572,52726,95447,7230,0926,5596,1942,282,93
LamDong,21-01-2018,263095,81204,63169,87514,17244,52306,64760,89122,46966,42556,07739,76061,2240,1398,1773,5103,000,15
LamDong,14-01-2018,456470,25623,18640,17512,79192,32563,18191,99154,22290,84765,31243,91027,2661,1175,4317,1153,435,75
LamDong,07-01-2018,663294,31706,98064,67410,40679,29683,05814,02813,05389,31985,55178,35471,4643,7090,7469,3932,846,18
LamDong,31-12-2017,244281,24446,26407,73794,84337,31451,99927,56316,32374,81774,14620,17494,0008,7470,7693,1785,378,07
LamDong,24-12-2017,042717,33997,53479,39092,43570,09053,04753,16932,21410,30627,90451,02754,9363,8042,8693,1908,931,05
LamDong,17-12-2017,765075,39441,38091,55237,97284,49204,08655,14915,22766,09911,88206,41130,5861,9586,1836,0753,961,29
LamDong,10-12-2017,278631,97075,62380,74064,56175,82947,01405,64472,09732,19826,67235,67423,2884,3628,6448,9457,946,69
LamDong,03-12-2017,645742,03370,90966,31230,02915,27397,52182,54562,46044,48945,51792,87110,2533,1290,4303,1966,254,76
LamDong,26-11-2017,306245,09163,24909,10834,31500,96345,61926,32787,45642,59566,53418,29683,4700,2986,9165,8864,416,59
LamDong,19-11-2017,654274,50314,03529,64345,51901,97597,91887,33034,65673,35454,58730,54551,7976,7819,3667,2082,492,24
LamDong,12-11-2017,566724,91890,84701,97546,83751,64804,89566,14891,83570,74027,55122,59706,3033,2224,0509,8971,553,76
LamDong,05-11-2017,586659,14431,51457,55652,63963,64678,96547,67249,37955,53780,61966,25516,5857,0068,1410,4455,109,09
LamDong,29-10-2017,990259,98839,50533,47754,42666,02779,40923,04608,46752,90157,52716,78686,3687,6949,3384,7635,749,08
LamDong,22-10-2017,381000,35229,57175,30936,16060,16148,96279,69943,16401,96080,79659,23939,9020,7310,1237,9639,315,47
LamDong,15-10-2017,048262,43366,88279,24753,08583,56055,21713,97297,37678,70218,78449,98032,9330,6385,8162,4508,951,15
LamDong,08-10-2017,479834,45270,67866,03565,46257,69044,25426,20504,29989,71011,47215,96462,9658,8483,2585,2265,381,63
LamDong,24-09-2017,119143,22373,02612,56512,54288,29917,82213,30466,30822,62697,88402,66920,2023,4303,9083,0876,333,16
LamDong,17-09-2017,951605,32433,97309,18929,84473,39297,53102,70422,81977,74948,80126,83216,0974,5732,6753,5244,990,02
LamDong,10-09-2017,087121,30767,51884,98162,64692,16610,33232,63515,24965,03182,62313,16040,8977,6971,5362,1997,706,43
LamDong,03-09-2017,691993,10286,69855,32274,67540,07674,48259,27395,28775,19048,77541,46989,8372,3960,6889,8975,209,70
LamDong,27-08-2017,149460,37402,63491,87022,08790,68776,53826,85394,18524,59514,67281,74545,2976,5120,4596,0446,283,84
LamDong,20-08-2017,979362,63261,34850,06660,87940,21391,08501,50598,32462,39339,46059,16173,0334,8582,3517,0821,832,84
LamDong,13-08-2017,706817,22429,57357,42298,97324,53996,30884,64551,56698,84955,80487,54886,3281,6714,9872,3962,591,92
LamDong,06-08-2017,162582,30067,26006,73852,61007,41750,25974,73271,26429,95315,34398,82923,0090,1791,6538,4201,847,92
LamDong,30-07-2017,114643,68676,70935,55069,67746,72732,22175,03174,07446,78579,21509,57883,4746,3978,2363,1601,084,93
LamDong,23-07-2017,318120,38570,77604,50655,64814,49259,09746,44868,93908,04877,39344,87205,1363,5597,8349,2358,721,81
LamDong,16-07-2017,796149,14498,55699,89129,83585,39963,41129,29989,16902,70540,62343,90735,0394,3423,9013,5679,827,97
LamDong,09-07-2017,082834,35144,49149,41969,40782,45572,88217,60462,52028,84798,84367,06869,8051,6646,7970,6773,572,28
LamDong,02-07-2017,598919,54715,53767,58834,01301,56376,68975,20095,20120,96585,46992,16654,2545,5540,4160,7443,154,20
LamDong,25-06-2017,962875,03884,92409,22140,78622,80024,37778,22500,76587,45888,30693,65544,1344,5724,2331,3465,324,82
LamDong,18-06-2017,299333,85115,47146,77304,48478,23524,76813,19424,32577,21014,23900,66242,6536,0430,8973,5104,257,95
LamDong,11-06-2017,448366,75349,68075,31919,84254,15727,99088,88873,12552,91427,17258,81241,0694,8590,7001,3068,802,65
LamDong,04-06-2017,599776,60022,14355,89197,69948,20624,73752,17873,89589,32557,09711,04402,0105,4747,5536,3640,094,71
LamDong,28-05-2017,491065,85392,89405,67808,20677,59063,35571,51730,44633,07786,92791,40810,6584,9490,3010,4328,763,93
LamDong,21-05-2017,242046,76538,46966,60555,62087,10642,78284,19180,62816,96028,47355,87058,8308,8355,2297,5542,340,54
LamDong,14-05-2017,060742,25772,78268,88573,25131,71732,62343,52724,87654,20175,08706,49675,9040,6860,9505,0056,764,39
LamDong,07-05-2017,497984,43643,84172,41981,65211,54176,49505,03998,47403,15715,49838,35283,5367,2047,6159,1669,882,82
LamDong,30-04-2017,662636,38069,92166,88117,53930,47602,12028,86952,16075,38301,00310,38658,0792,3899,1715,5781,612,75
LamDong,23-04-2017,836802,68589,53931,99366,49994,45745,81903,26574,70133,00928,02115,27877,8414,6682,1176,1020,479,58
LamDong,16-04-2017,292146,43783,46282,60622,60535,49904,03135,46639,66727,51729,57889,89197,4209,8716,4606,4542,427,64
LamDong,09-04-2017,810395,24245,78120,39699,06141,31963,51340,66722,20311,32879,46890,81911,2948,2668,6218,3357,048,05
LamDong,02-04-2017,434734,66604,56793,04779,64297,56598,77791,74073,56217,82794,55869,54073,4523,5737,9468,0789,672,01
LamDong,26-03-2017,476698,24723,97300,30761,47791,24254,44571,46148,52777,45758,78483,04344,7962,7249,6381,7363,820,59
LamDong,19-03-2017,185371,85414,37320,41468,11701,51685,01489,70562,21538,78625,06212,33130,7173,0504,5118,3398,675,65
LamDong,12-03-2017,050461,36228,50209,64220,02106,69462,93874,55836,80374,44833,18202,22485,0534,2955,8863,5119,675,55
LamDong,26-02-2017,648630,91989,34181,00642,16758,75828,52389,84751,02330,82398,97474,54590,9101,0388,3477,6785,649,53
LamDong,19-02-2017,956052,31274,42754,89039,31842,11480,85495,86483,49013,21042,23021,10627,8353,2112,2285,9990,166,77
LamDong,12-02-2017,122393,10835,63679,00950,06894,63434,31902,54669,97355,58529,20445,65093,3100,7365,8597,7341,985,79
LamDong,05-02-2017,525822,88426,94486,24024,03796,12607,97169,82030,09347,53850,74403,89749,9779,2928,2000,7760,836,23
LamDong,29-01-2017,999819,76242,40405,49601,15436,73709,18112,31228,50910,80684,69149,18364,4411,5330,0542,9730,988,12
LamDong,22-01-2017,600824,39906,20186,35045,15367,77170,42582,82752,45105,84376,36664,80887,9728,4450,5914,4867,801,03
LamDong,15-01-2017,947846,62193,78001,17060,58359,09145,56775,57314,36689,41189,03621,81737,7434,3268,7628,7975,856,00
LamDong,08-01-2017,204335,42247,32256,73196,48438,69366,51519,73022,08429,65848,12537,14773,0091,0097,9293,4316,151,60
LamDong,01-01-2017,929785,87122,44271,36808,87369,51577,61136,25171,96385,45369,73085,01181,6920,2230,3847,8067,689,78
LamDong,25-12-2016,686097,49043,41250,70174,98275,48793,57578,86087,89077,60708,92179,97179,7045,4448,9389,1947,172,67
LamDong,18-12-2016,916836,96083,04655,19722,32143,92778,62043,37313,59262,04603,26812,89689,1294,3406,8568,8017,516,97
LamDong,11-12-2016,341960,97210,52075,90472,23211,43820,57721,51579,04820,92256,91189,31982,1537,1940,6037,3604,292,96
LamDong,04-12-2016,281952,88828,64549,35266,41190,50486,75284,32520,15894,39024,28079,80085,2219,5324,3433,8249,669,46
LamDong,27-11-2016,619494,32436,29706,47572,55247,77546,62849,14539,44112,96638,88414,43151,3844,5815,2576,5527,289,16
LamDong,20-11-2016,307162,73918,58201,67790,54968,53007,22408,54415,65061,14473,42998,64149,3894,3928,4443,5200,045,93
LamDong,13-11-2016,958212,10152,21301,52830,44765,14690,47475,76033,65791,52124,33299,12407,3286,0490,0031,2077,832,46
LamDong,06-11-2016,156312,64548,32394,22198,10162,52972,86375,54383,33915,01666,70540,50979,8807,5659,3702,2301,978,45
LamDong,30-10-2016,402292,76151,22871,38059,13984,95780,98146,63793,36190,48331,26333,44830,9444,9607,3762,9915,279,96
LamDong,23-10-2016,975628,52122,73442,33674,31083,90651,94973,51759,19462,09836,04000,13454,7759,1258,4540,1859,523,68
LamDong,16-10-2016,407858,99979,20689,27549,73762,56668,15962,87400,47960,96387,61425,15292,7055,2739,4895,9190,236,40
LamDong,09-10-2016,361494,08834,97598,57475,87716,64998,53115,67854,09537,07016,45276,94597,1006,6283,2629,2607,654,88
LamDong,02-10-2016,754971,71440,24332,03087,86142,36677,53426,07663,56364,96965,90625,59682,0417,8970,9878,8766,552,00
LamDong,25-09-2016,293439,41850,46001,35352,29285,94264,45194,44338,19204,04291,16757,10848,6716,4073,6444,8593,940,22
LamDong,18-09-2016,749011,64649,63815,71784,10715,89687,50108,40370,31062,75559,82426,71502,3609,1528,3626,9726,942,44
LamDong,11-09-2016,117556,12728,14469,72526,62641,84009,49409,86323,90653,99584,29889,58277,5707,0790,8426,0323,609,70
LamDong,28-08-2016,275039,49588,71804,56483,31633,54112,35988,07159,11370,46261,17398,39679,4159,3747,7911,1061,587,34
LamDong,21-08-2016,116351,87467,96247,41671,92298,96169,74433,58432,28172,62883,48098,42813,4864,2828,3061,6927,693,00
LamDong,14-08-2016,295749,78868,09957,32025,44183,50791,42695,40975,82163,83464,61781,67074,0143,3651,8010,7385,279,32
LamDong,07-08-2016,807253,31265,70684,33729,90003,90176,88468,56707,77870,38359,52780,41163,7666,5874,4075,8557,727,62
LamDong,31-07-2016,517439,73317,75814,39292,97804,59005,02574,12559,14965,99066,49366,55845,4111,7645,8833,0313,435,93
LamDong,24-07-2016,916284,63131,64473,04028,60105,17813,31461,41166,44491,31508,65778,90069,2220,3398,3570,7182,903,44
LamDong,17-07-2016,952851,61952,37509,81227,40052,76891,03017,69189,46451,12770,56304,14730,9666,5615,3768,5186,124,33
LamDong,10-07-2016,787940,56009,54819,48444,77980,93871,48215,64355,70878,87725,86807,35128,8632,4454,3265,1904,893,54
LamDong,03-07-2016,217152,08955,01484,81351,35436,10269,24534,00826,16882,56854,23519,58255,3288,0528,9942,9088,041,57
LamDong,26-06-2016,783735,71423,86497,03127,36843,56992,03536,37219,23884,56432,56764,78521,5068,5834,0137,2405,967,21
LamDong,19-06-2016,251648,55703,05496,06799,05582,48606,59490,51502,79842,77487,82485,93806,9206,6286,0946,2858,006,29
LamDong,12-06-2016,869488,05926,72683,46719,72178,51212,11658,83017,27917,92910,97084,61473,9806,0220,1009,9044,781,47
LamDong,05-06-2016,691124,45736,88330,04587,36596,81116,07200,23838,60870,55568,57354,14573,3557,8247,7699,2824,178,00
LamDong,29-05-2016,948352,99714,30917,14330,85988,96006,59366,99787,23551,30487,21606,18643,4014,7153,4169,9277,586,46
LamDong,15-05-2016,505003,65946,53757,80916,35023,10315,38930,65684,32791,27160,48895,54143,9037,4579,1109,8035,042,55
LamDong,08-05-2016,348148,07977,44656,78443,66703,52298,53645,07169,66496,71788,69815,73593,9445,3115,2044,4780,185,12
LamDong,01-05-2016,947540,28962,13687,14141,31405,75148,47914,50681,35299,60709,45642,82486,8156,1810,3107,2108,859,49
LamDong,24-04-2016,243711,29491,19700,63199,86096,71277,82456,49314,67424,19944,75551,23860,4961,9463,3950,6731,861,50
LamDong,17-04-2016,192526,98039,03868,64307,11499,88787,92368,61290,92904,50607,00713,39179,2297,0648,8120,8653,105,75
LamDong,10-04-2016,496778,16086,40367,21124,03922,76015,52892,34507,91667,13603,61183,41266,2961,2347,2734,2784,279,09
LamDong,03-04-2016,524220,99346,93606,47613,86786,48425,85110,33955,06162,11164,65113,01493,1039,6027,6782,7236,818,15
LamDong,27-03-2016,926722,31021,62918,98966,68485,62240,52259,76269,57117,05315,54437,86935,2579,7484,8662,9283,075,99
LamDong,20-03-2016,446368,07444,75471,57998,41231,17567,28890,12553,34451,03613,67937,02740,8344,8814,6409,3304,484,37
LamDong,13-03-2016,603073,00699,77834,37319,50650,10352,72843,92717,31598,55935,83410,04643,4817,8795,2445,8821,151,79
LamDong,06-03-2016,073074,46956,48182,50592,87360,25063,42007,52111,16729,23385,61192,02193,5457,6897,8269,4217,018,82
LamDong,28-02-2016,739296,36536,77541,81423,90173,51004,23873,30857,50179,09404,74977,05588,7694,2197,5156,0567,363,52
LamDong,21-02-2016,080969,63676,60475,43817,09884,72841,03272,89114,56494,86622,83212,23375,9846,0066,9507,3010,161,38
LamDong,14-02-2016,701623,38577,82376,62713,78920,61081,07659,32073,65848,82398,36698,77411,6059,1617,3975,8453,659,93
LamDong,07-02-2016,958384,32599,27861,00366,62576,71776,75156,47818,36440,44193,01368,46764,7545,1730,2950,9145,305,17
LamDong,31-01-2016,541524,64941,78280,48558,35740,92526,83531,64188,21319,65623,07535,01452,5254,7151,2792,2845,904,74
LamDong,24-01-2016,257358,22820,58571,69212,12945,41938,32384,47214,27496,28907,77111,59589,0944,5615,5311,4265,892,41
LamDong,17-01-2016,210096,57612,07220,61082,41549,17207,45503,31399,64607,49454,86687,66567,6323,2735,7613,6432,891,26
LamDong,10-01-2016,774887,83362,32624,77451,66623,96532,41531,36461,23333,06719,62602,27735,4828,3789,2253,4190,191,85
LamDong,03-01-2016,171056,67410,66623,04392,01675,60242,81051,74015,39227,72013,78726,07165,1737,5627,0881,8421,666,33
LamDong,27-12-2015,272282,30447,35559,59763,17597,83137,56748,42886,81352,55432,89089,24618,6821,2626,4453,3275,950,20
LamDong,20-12-2015,445152,47091,54719,54916,43403,52556,49235,10492,89697,14171,40697,48854,5113,8388,0524,5441,454,80
LamDong,13-12-2015,853436,74997,25953,29046,02714,67339,05488,06460,21316,65497,61188,43309,8330,8863,5021,1459,197,16
LamDong,06-12-2015,063352,23120,78572,41947,01160,03880,71457,09158,63310,01714,03248,97451,3337,7636,2161,5026,881,57
LamDong,29-11-2015,932093,32813,73614,31968,48136,69464,54234,74838,58652,87596,47312,92737,9046,9994,5627,2100,619,27
LamDong,22-11-2015,857352,41073,49592,73038,86285,27327,53170,82459,97219,49814,03894,23590,0438,0950,1380,6508,321,61
LamDong,15-11-2015,382587,33844,00964,52669,23491,99392,00402,98111,69820,30099,73546,51170,9351,9911,3149,7208,578,90
LamDong,08-11-2015,302601,69113,98011,00778,15061,21903,86094,27795,10022,06821,07683,35994,2986,6790,6004,3887,643,53
LamDong,01-11-2015,124534,09871,82473,89462,46104,62282,07725,94358,75457,04964,83763,38465,2998,3791,4158,4854,774,07
LamDong,25-10-2015,058882,53984,78321,88624,19142,17135,79368,20371,93831,63132,91458,14448,0228,9605,4195,9216,435,90
LamDong,18-10-2015,538955,96736,28827,35407,82445,40055,25141,16749,42385,16518,38964,25290,7287,1113,5866,9036,203,42
LamDong,11-10-2015,016867,69124,31890,96323,82953,63724,58776,00834,43721,59956,63994,35492,4852,1289,0904,1320,896,24
LamDong,04-10-2015,133031,39118,88799,36916,16614,96313,46950,13331,10519,68955,77294,57350,0328,0672,8499,4557,930,34
LamDong,27-09-2015,920538,71555,85203,67446,89059,84221,77875,95593,03808,93544,62002,13495,3507,8280,0276,3371,001,03
LamDong,20-09-2015,963361,16047,42780,08734,13666,32923,03657,20153,68491,47872,59539,89275,4315,4937,5757,5863,764,31
LamDong,13-09-2015,855151,21855,35982,21290,57577,62472,38659,79389,04472,29826,49422,69235,3758,7018,3975,2469,003,51
LamDong,06-09-2015,235219,05131,82746,31361,20709,67456,56097,27323,91556,47737,35014,17020,6768,1520,1628,1618,960,97
LamDong,30-08-2015,981135,29993,31574,85348,93978,96002,58688,09727,15662,89643,57416,78101,4136,0075,8570,6761,788,91
LamDong,23-08-2015,807330,72469,02739,61589,79962,00768,55137,80736,21267,99388,24250,26086,1025,9857,6268,9820,766,13
LamDong,16-08-2015,163954,80670,16734,15083,38521,91683,93695,57420,18579,70218,42202,39802,4207,7227,8922,4111,880,25
LamDong,09-08-2015,066838,98514,06559,27168,86062,07864,47201,75109,05564,02315,99800,53828,4724,8162,7049,0510,167,69
LamDong,02-08-2015,493336,41592,30385,87489,79212,38139,52693,28675,57532,39443,97772,75292,2030,2681,0708,2043,622,20
LamDong,26-07-2015,126107,42241,96850,19770,20837,71510,54275,56895,87707,41344,98255,50888,6395,2182,2487,9335,362,34
LamDong,19-07-2015,147579,36336,13904,38774,73797,10061,98423,57438,69096,72816,64028,25478,3286,9277,3856,4401,596,17
LamDong,12-07-2015,976722,84074,01051,23415,84425,35371,16322,92282,52501,31046,40314,58147,0076,0301,7345,4457,461,96
LamDong,05-07-2015,648855,42144,86309,55928,85995,71676,29152,90789,60634,44944,62325,03345,7503,3876,0203,7894,033,72
LamDong,28-06-2015,698637,87944,15843,06787,80098,71750,73343,60924,89632,38451,44495,63726,2008,6160,5402,9057,086,59
LamDong,21-06-2015,115298,14716,29256,56073,76400,31765,97059,36790,33605,69336,89381,29285,9852,0742,5945,6942,248,64
LamDong,14-06-2015,550877,47578,62056,59359,88851,94390,47717,14036,51265,58803,96765,38637,5665,9707,6309,0672,934,56
LamDong,07-06-2015,228596,93171,48163,65717,68649,29164,54712,41811,70499,79281,68584,75668,1138,0191,0128,3471,695,01
LamDong,31-05-2015,520245,95389,13354,57648,82375,27996,36242,11621,11114,88479,80412,86801,2151,4894,1763,3294,289,37
LamDong,24-05-2015,923537,29545,86364,36642,50441,66017,87333,41944,45440,15107,11095,56517,7548,1534,3801,5494,184,55
LamDong,17-05-2015,001452,23926,85627,16667,72900,35782,41533,39941,92415,49199,03858,27490,0304,7758,8121,1525,971,44
LamDong,10-05-2015,888586,82724,57697,58106,55874,11457,69052,84329,23696,07774,70856,23100,6900,4665,9526,2439,429,66
LamDong,03-05-2015,178013,83753,53000,78670,03670,27518,27770,43206,51384,64534,44949,32504,6194,8502,2465,3450,037,11
LamDong,26-04-2015,363786,03546,65114,36575,51405,18075,73734,27368,33702,48357,98395,71150,4256,7908,7519,1994,314,02
LamDong,19-04-2015,634535,96797,45288,89539,23703,08155,75067,31246,40767,59763,65996,57892,6179,7560,6292,5730,066,88
LamDong,12-04-2015,818537,90606,97740,11531,26166,67257,64635,41050,07853,25290,34598,99382,5973,5494,1283,7328,360,32
LamDong,05-04-2015,326280,08824,27507,90539,71921,76617,29142,04112,26400,81770,52544,03671,2285,3979,9408,2288,698,93
LamDong,29-03-2015,113126,04696,26093,19649,29744,72229,04665,08941,81447,14997,62231,26317,2735,5342,1108,7643,547,08
LamDong,22-03-2015,016839,01014,17717,13543,41970,07667,80527,94555,41808,98217,33130,85362,8597,7376,4844,9283,540,05
LamDong,15-03-2015,085553,03769,39237,99963,60073,43572,32621,77332,54102,66706,98668,25286,3248,6370,6016,6500,699,50
LamDong,08-03-2015,895438,22109,03127,35863,67110,91062,28281,68157,78526,55132,76947,23260,6455,8973,4140,6599,674,43
LamDong,01-03-2015,635419,80342,63107,81166,49859,65227,25810,84970,11994,67740,03446,60324,9960,9173,6055,4199,538,42
LamDong,22-02-2015,156592,51498,75813,87998,90311,84734,74371,11884,65917,52670,52378,51282,2167,9516,4960,9993,343,22
LamDong,15-02-2015,774335,20733,74560,63286,21467,16680,78132,85661,84118,49494,80142,85455,4741,7169,5265,0880,002,01
LamDong,08-02-2015,443335,66997,70452,83046,35655,96396,57265,80834,56121,06944,58534,00094,8158,6794,3390,2662,252,09
LamDong,01-02-2015,506207,22059,24835,13080,59656,83779,90639,24884,17207,98511,72581,79583,6385,4458,6663,7735,304,92
LamDong,25-01-2015,993108,31244,53628,04701,74799,51376,52796,65197,81994,69693,16764,95757,8119,9706,0817,1631,682,17
LamDong,18-01-2015,519088,34455,74746,40874,29094,20594,74279,01671,77873,41955,58187,74730,7971,7029,1289,0304,977,44
LamDong,11-01-2015,345149,44067,99753,73768,19853,91762,38662,34335,92143,85872,32315,70776,4066,3027,0973,0363,503,56
LamDong,04-01-2015,045489,44367,31220,91393,94319,53132,30028,87827,62434,68189,58664,30731,4413,0049,5958,0326,943,41
LamDong,28-12-2014,166052,50387,65161,36448,93179,65766,59470,41744,27535,68945,36596,01571,4860,0218,6425,1216,620,12
LamDong,21-12-2014,929979,70363,00831,33137,40402,09590,88954,61158,34755,67616,33688,46301,7535,5377,6654,1466,104,95
LamDong,14-12-2014,789147,88037,92278,03735,11735,64127,50821,00895,10086,81177,24026,13253,6813,6350,2491,5261,716,68
LamDong,07-12-2014,172092,58613,33186,64961,60943,24682,04265,82006,22694,04086,38858,11269,4347,3971,5293,5099,364,99
LamDong,30-11-2014,736219,52280,85453,30340,86040,53020,10593,32521,25601,45699,17222,35814,9536,7084,1767,5394,250,90
LamDong,23-11-2014,251242,68361,81327,85486,56104,71967,46582,15413,56473,08981,44361,83439,7652,2057,9478,4975,644,07
LamDong,16-11-2014,420714,55000,22566,40391,35150,02883,53340,71509,66616,57636,81092,83602,0406,9031,9150,6354,613,00
LamDong,09-11-2014,978130,40379,52325,68009,57665,65580,56026,92848,26065,28508,73217,67041,7703,5996,0519,2893,099,65
LamDong,02-11-2014,090431,54958,64035,24934,62958,93752,22930,27309,04977,91008,21818,94007,2336,0075,8638,4023,204,61
LamDong,26-10-2014,425155,20860,69821,76157,45389,30714,01725,41663,55593,61321,41866,51104,2210,5473,5782,9170,682,70
LamDong,19-10-2014,765471,29061,61933,16347,58166,05695,32581,10873,48865,98344,30389,34775,8080,0248,8275,5943,206,19
LamDong,12-10-2014,931748,49866,19093,72363,73332,91671,62003,66593,56336,82367,85788,63657,9234,8206,7044,7621,394,77
LamDong,05-10-2014,552429,46339,41421,51872,55953,74227,03975,82816,14548,71432,72163,40936,4288,3215,6378,9897,133,94
LamDong,28-09-2014,396813,81931,71894,36235,83416,04568,97559,41559,72062,14008,91800,36349,9563,1741,3802,9234,128,37
LamDong,21-09-2014,729612,21803,94556,54356,37902,30216,24249,43261,32948,28419,63144,72983,6981,1237,4306,3025,118,53
LamDong,14-09-2014,050379,63902,79619,94035,92408,55286,99433,08750,00854,79100,43048,23680,3061,1156,1563,9782,214,23
LamDong,07-09-2014,758494,76394,02709,18261,34026,88561,17848,10547,92781,55772,43644,87713,2299,8673,6163,2688,679,05
LamDong,31-08-2014,685468,71823,72396,61960,08032,52813,56428,51466,81185,34164,75005,26735,0526,9329,0194,7139,009,77
LamDong,24-08-2014,862106,54767,73836,53256,86334,17070,66181,48250,71342,00270,13940,81454,6225,8042,0931,9911,695,89
LamDong,17-08-2014,481289,08038,31412,37155,21048,63474,91903,67650,41940,87917,55091,72458,8467,0264,4271,2154,837,32
LamDong,10-08-2014,742353,65062,07576,36605,71469,61798,47720,20974,87354,69469,81421,26268,8129,8220,2465,9930,227,64
LamDong,03-08-2014,605046,85835,25285,81592,46924,73222,92837,26385,19501,23307,21877,39478,5780,7950,2675,5527,393,29
LamDong,27-07-2014,965218,09805,27873,90033,51347,27772,88536,05192,29809,52537,67549,41575,6337,1757,6621,5300,923,66
LamDong,20-07-2014,189342,26450,02775,86177,23259,18378,09429,03835,97458,04387,72889,07190,1284,7997,2039,9555,347,75
LamDong,13-07-2014,878866,95913,82140,73468,87797,28156,45094,93379,62455,54284,46450,55372,5563,5852,8128,1236,739,77
LamDong,06-07-2014,848970,81353,74015,39505,87340,39444,23348,86407,89372,05796,42641,57724,7557,4141,0655,4814,198,18
LamDong,29-06-2014,019622,50118,70773,63666,40526,33917,86075,27730,02974,16303,41282,48871,5085,1155,6944,4628,138,15
LamDong,22-06-2014,587781,81052,03596,69691,58002,89238,76788,13497,02894,10882,82481,67077,9655,2872,7014,7285,427,99
LamDong,15-06-2014,903644,24372,11443,18300,34954,68833,48195,79181,59407,98201,57837,07070,6000,1207,4424,7584,657,15
LamDong,08-06-2014,932287,44686,55403,27078,31099,01690,85418,46245,72106,69215,74351,73432,3609,9158,6913,5384,613,32
LamDong,01-06-2014,279788,18353,76781,89267,56201,11137,09817,92483,82168,73376,76344,66731,7766,5272,1495,4258,198,17
LamDong,25-05-2014,779236,30261,71423,97983,82911,84414,08579,99255,58616,01126,97058,68158,5147,7456,4532,0544,315,99
LamDong,18-05-2014,072963,43325,06039,10682,80792,31939,80920,46070,54178,87499,52662,43100,0294,6616,6460,5405,598,57
LamDong,11-05-2014,359961,80594,51154,44112,23269,29170,18190,30081,97078,54825,31708,60605,4915,3072,0464,2803,178,55
LamDong,04-05-2014,244662,68590,86349,23958,21515,25801,13352,79193,19805,75486,53308,87944,8090,6757,9207,7215,430,82
LamDong,27-04-2014,360549,18484,82994,68807,82127,25402,59120,51405,77139,95749,02690,46512,0546,8481,7052,2155,181,92
LamDong,20-04-2014,124657,33857,67897,70188,01556,07081,92976,83740,52988,15349,73994,22571,7757,6841,0195,8748,777,52
LamDong,13-04-2014,722273,25510,24322,32001,79902,25806,84355,87848,34433,63393,15883,59087,2156,4625,6843,5353,582,63
LamDong,06-04-2014,968360,61831,59169,01558,54497,00395,16027,65026,36538,95102,20227,10134,2422,4307,7964,9144,895,31
LamDong,30-03-2014,266648,31249,69781,15212,01232,51517,05288,53073,26277,22998,28394,97868,6624,1214,1781,6879,329,71
LamDong,23-03-2014,856599,05451,50272,70292,67341,79991,52574,60226,78250,57097,53505,88492,8680,2608,3662,3352,065,28
LamDong,16-03-2014,622482,04794,52519,05221,31947,23798,20369,01167,46723,85565,72850,03773,3422,6148,0156,4560,833,58
LamDong,09-03-2014,902245,80683,56117,97694,78199,90742,09761,92064,67903,87615,00344,99452,2958,8050,9692,9458,023,31
LamDong,02-03-2014,507537,57780,18805,34586,46686,99698,80118,83016,09765,56851,50097,11238,3723,7929,3551,5244,088,68
LamDong,23-02-2014,639086,77895,30484,16548,76943,72727,42606,40678,10853,75279,41598,57803,3006,4582,4651,1337,248,82
LamDong,16-02-2014,987157,17686,59288,59356,88456,53416,79410,90183,67825,76477,72947,09940,3600,3406,6009,0965,720,89
LamDong,09-02-2014,605507,26832,17456,71047,87574,38446,08385,04471,59835,41608,98682,61627,7990,6796,9449,6493,452,25
LamDong,02-02-2014,228344,55283,50020,03881,07871,44895,42293,67129,53066,53833,72595,74046,0364,3007,0601,7368,308,73
LamDong,26-01-2014,577823,04537,06497,03143,39128,34982,15819,87847,10678,66521,05364,73351,9081,4126,2263,1738,344,53
LamDong,19-01-2014,958441,88208,23400,62858,46931,76834,25530,25527,81075,44951,55120,72962,8337,9184,5417,4705,556,82
LamDong,12-01-2014,097360,88084,43017,33984,40528,74342,36895,50205,67857,25625,15182,37133,0445,3377,8521,7318,207,32
LamDong,05-01-2014,259837,11416,25961,67285,10093,52727,48717,94001,17548,27957,63040,85485,6814,4313,6019,7263,673,21
LamDong,29-12-2013,827402,45373,15889,99995,27327,67798,71669,85889,73742,57115,28101,82972,2418,4741,4284,5418,438,76
LamDong,22-12-2013,223786,43059,32554,18011,35131,34284,25724,66792,77803,36528,07190,88205,9172,0155,8933,6979,361,69
LamDong,15-12-2013,389683,24671,83362,56537,90637,29893,92626,77795,51638,01264,33815,81118,8946,7330,6811,5020,421,07
LamDong,08-12-2013,078340,28143,41722,14122,30449,84340,07411,19521,74036,71227,71838,76216,0028,6566,2434,4219,278,82
LamDong,01-12-2013,897146,45423,73219,87144,21125,39281,51451,36408,81035,89300,47938,69381,0847,1812,7643,0036,938,11
LamDong,24-11-2013,329001,30969,35473,46198,62334,37587,01927,94576,86982,59100,62994,77890,0137,0911,7613,8033,277,71
LamDong,17-11-2013,987476,19982,67222,55640,66180,06910,91361,59113,95591,71443,77729,22433,3900,1776,1602,8136,520,78
LamDong,10-11-2013,247512,31515,15469,54725,12475,58246,90621,82308,48070,92632,43036,28506,5250,9944,8162,5409,748,46
LamDong,03-11-2013,831050,83420,20199,53350,67939,14872,31044,86573,80531,56606,06196,52340,6724,8817,8719,3789,004,41
LamDong,27-10-2013,341154,82578,82469,36652,29495,10732,04914,75809,32651,47083,89837,79859,6860,9256,4810,9919,456,10
LamDong,20-10-2013,003365,88022,28449,31936,46485,24908,04464,27030,27795,17066,05159,77630,1353,7618,1613,6170,379,31
LamDong,13-10-2013,211364,59833,52179,41618,43470,22294,86433,32060,24460,02744,49017,55240,0914,9934,7931,3325,332,57
LamDong,06-10-2013,371145,50697,12149,02484,09168,69935,68896,18360,71426,84590,41412,13992,7410,4101,5665,9727,218,19
LamDong,29-09-2013,680824,53298,89138,05682,36095,80070,20642,58390,64217,26208,58409,65841,6590,7564,4578,4329,978,30
LamDong,22-09-2013,630654,68858,93951,05773,14438,80414,53739,19992,61700,41949,52065,60358,5213,7375,4031,8823,846,78
LamDong,15-09-2013,646446,47278,58429,13800,34106,02269,73649,20446,88009,16388,67146,94013,5048,6101,1853,0730,821,27
LamDong,08-09-2013,193108,58139,16377,04112,02904,59514,57917,79010,37028,66330,63370,98240,4370,0408,4183,8987,868,13
LamDong,01-09-2013,240434,80724,34120,45241,51762,48903,11372,31457,64737,06836,27169,63429,9464,1807,8683,1105,583,90
LamDong,25-08-2013,595054,95948,75940,74312,28575,37114,03848,32225,30898,02092,10155,89772,4170,2407,8434,2472,368,34
LamDong,18-08-2013,614123,54301,70849,19488,74265,45376,37151,63617,08690,74739,33655,11131,0992,2554,8193,6475,300,55
LamDong,11-08-2013,724071,82632,40871,87986,30353,06939,11058,43320,25671,63847,49778,48564,9766,0968,8396,1617,534,72
LamDong,04-08-2013,913987,49789,41649,58664,20374,12677,70141,38449,34416,51535,09670,67972,3269,8886,4229,2221,802,32
LamDong,28-07-2013,007177,05863,27902,98699,03292,63619,34215,04130,59874,64178,66099,31114,4905,7199,8005,6326,995,24
LamDong,21-07-2013,728227,29492,40252,80122,22114,11316,10845,58156,25504,28908,25075,94279,8791,5782,2071,7162,226,13
LamDong,14-07-2013,919692,39086,08270,05674,77318,12100,91634,55823,61105,67433,43795,28071,5115,2960,6893,3823,139,78
LamDong,07-07-2013,620775,49489,65826,40695,63070,34708,10053,78865,70334,58784,09723,81684,1352,6391,8038,1346,339,96
LamDong,30-06-2013,646850,82433,08542,58567,89821,93490,08609,37976,36736,73885,87094,42358,5014,8424,9029,4518,414,91
LamDong,23-06-2013,125059,09197,19297,31222,20741,17334,90943,91726,73183,38842,82557,93207,0653,4307,2604,8683,422,38
LamDong,16-06-2013,807824,14474,16427,24944,56166,70170,88199,53739,57565,84314,89289,80229,8437,9408,7377,6931,286,49
LamDong,09-06-2013,604700,49741,84208,58611,22351,55936,25331,37070,99348,19115,41841,01958,7625,1631,3382,3770,480,84
LamDong,02-06-2013,019121,57481,83664,19218,95753,95130,01979,91423,86348,68154,06088,93947,3220,4171,8711,1761,174,02
LamDong,26-05-2013,215080,49498,00688,95677,24614,89952,93053,21224,67629,73062,93603,82466,5468,4515,4011,2229,023,75
LamDong,19-05-2013,333000,10189,85080,62085,40887,11882,46057,88179,80114,26355,51783,45691,7027,6529,6539,9222,697,53
LamDong,12-05-2013,843383,63704,99034,22847,29920,08457,16967,75547,36876,44404,52565,41192,2757,7307,8096,6210,042,93
LamDong,05-05-2013,604883,95485,78343,88306,16813,59958,46208,77319,11281,84649,80252,34620,7941,6836,0751,2926,211,03
LamDong,28-04-2013,273978,17277,92349,35411,79618,08105,50174,83454,10230,86905,18272,53470,5593,3154,5147,8846,033,89
LamDong,21-04-2013,910684,20192,93529,63075,23936,59349,35733,42645,60031,77201,09629,42762,4510,2465,8665,7732,744,88
LamDong,14-04-2013,922670,91350,38620,99854,06409,12462,31673,20275,81072,31253,50585,56327,1888,8883,4446,1104,691,06
LamDong,07-04-2013,452039,63511,23207,05965,36530,30313,08432,51674,14581,53305,08697,32110,2027,8982,7001,1932,834,74
LamDong,31-03-2013,358798,48650,63804,80004,56656,15403,82905,84165,04732,69291,18005,22843,8729,0365,6823,5562,993,69
LamDong,24-03-2013,683794,19822,63372,02042,00253,64460,37974,15485,29749,59007,66356,67236,2882,8278,9841,5878,343,35
LamDong,17-03-2013,064753,26900,19836,58198,75911,08332,43729,26695,70049,74994,08055,19871,1520,3289,7754,5231,349,89
LamDong,10-03-2013,449052,37680,19479,39440,47565,13526,96286,45788,27784,01418,25023,04985,4421,8168,2398,7361,556,59
LamDong,03-03-2013,148708,70027,54117,47389,41739,91077,90001,20016,31489,92033,42161,91479,6141,7928,7754,4417,700,20
LamDong,24-02-2013,496186,54816,68003,34438,47822,30401,87476,40229,85504,58551,65979,51565,8413,5183,3887,2093,885,94
LamDong,17-02-2013,766990,90029,17657,27435,54783,91799,29316,13883,25078,09498,81484,25409,3827,4371,4641,8723,411,30
LamDong,10-02-2013,597637,22460,14522,42035,99448,92834,32949,10014,00369,22193,29624,34605,6903,4407,7775,2756,472,11
LamDong,03-02-2013,182035,49398,10109,62753,02202,13915,79250,22742,44732,83143,75119,25780,2368,1106,3957,6391,788,95
LamDong,27-01-2013,431233,23196,28582,81503,39702,22020,29042,43045,93494,01681,93884,26671,9552,7334,0761,7003,110,60
LamDong,20-01-2013,847240,88606,84509,17738,48229,77328,43743,40229,85490,60555,03356,57601,7037,1139,8646,6025,655,90
LamDong,13-01-2013,657991,19246,71657,24596,46453,84343,92280,13221,27992,90320,07079,12499,0127,9476,7855,8692,055,02
LamDong,06-01-2013,639984,99474,04081,58614,91286,59104,14485,32958,38283,94581,55753,93526,4596,5523,8133,1951,201,26
LamDong,30-12-2012,612019,45284,51606,69107,09022,85077,04162,96435,27180,59149,04110,13485,2146,2556,0034,9548,374,31
LamDong,23-12-2012,320103,92395,34877,19601,12940,14429,37901,34964,68523,41079,47985,42059,0699,7712,8837,8601,515,46
LamDong,16-12-2012,196323,80628,67232,35462,40413,53422,22667,92746,18655,36200,44088,87417,0832,7148,2752,8599,383,68
LamDong,09-12-2012,472092,28448,71974,11513,70963,38080,36329,14473,79701,11218,29439,39728,2684,3351,4596,8019,385,47
LamDong,02-12-2012,045982,42336,61450,34788,89791,36196,18794,38738,35808,91613,50667,36126,2751,3718,6589,8658,793,66
LamDong,25-11-2012,701141,58358,38440,48607,49798,22517,16022,46761,94234,01551,14873,82441,8652,5421,6539,5333,354,69
LamDong,18-11-2012,016825,37044,63496,50047,02342,86499,93947,45820,17818,80444,77877,90336,8502,1733,9815,0851,324,95
LamDong,11-11-2012,664887,25762,23128,79758,16406,76663,28393,17434,20804,75259,00339,32107,8941,2579,8360,5850,934,53
LamDong,04-11-2012,209237,36250,26905,64456,78039,08693,17588,12703,91564,06449,16821,92081,3390,3516,2023,1271,685,18
LamDong,28-10-2012,683330,42607,18836,37167,29842,95574,56419,93242,80891,16434,48428,49564,5996,9749,9021,7988,533,06
LamDong,21-10-2012,831120,08769,85858,51845,38248,31572,49761,73080,51586,68769,81857,03354,5453,9089,8520,0508,185,27
LamDong,14-10-2012,762775,14326,43480,09265,21652,58083,34056,68048,32043,61237,82523,60260,3540,4990,7589,1359,332,73
LamDong,07-10-2012,686006,97745,26580,84394,38653,62973,91413,64711,17041,70691,74956,17773,4203,8295,5237,4665,569,13
LamDong,30-09-2012,194411,07320,85157,86039,74623,95734,61632,26939,83800,65166,39235,77399,5066,9633,1865,4375,474,54
LamDong,23-09-2012,232096,82764,08240,82120,58064,82380,97642,10169,81218,10587,32312,52043,7795,0566,4067,1284,888,43
LamDong,16-09-2012,062590,08248,27039,42855,15155,80262,71097,95759,90365,98964,62993,96875,7667,8222,9035,5278,644,49
LamDong,09-09-2012,549041,73630,33096,72405,12829,19318,73964,05139,27935,71848,53051,38004,5921,5389,4547,0119,803,95
LamDong,02-09-2012,391919,26453,86681,91317,23720,52851,71916,08459,96755,33091,44033,38927,9725,0544,3529,0257,531,17
LamDong,26-08-2012,081317,96722,92203,64478,73207,19135,37123,11220,58528,65987,82363,46522,3721,4412,0671,2845,152,18
LamDong,19-08-2012,399315,57995,45137,12335,27217,48101,82202,14399,58116,84490,23139,90450,0024,4743,1444,2226,814,14
LamDong,12-08-2012,428579,59429,93242,37302,61634,49335,39320,06572,58857,44292,21751,40351,5152,7625,2779,7139,903,45
LamDong,05-08-2012,842144,30009,73825,09354,31971,07945,54433,95047,57285,56097,32670,40679,1839,0646,7508,9375,013,15
LamDong,29-07-2012,978331,24894,10691,62398,42763,82192,59055,34844,02493,41176,11536,29300,0803,8745,1099,8766,073,47
LamDong,22-07-2012,932455,65997,73620,07549,71813,79895,05900,43828,18616,30150,61121,09191,5502,8111,4194,5080,646,71
LamDong,15-07-2012,785457,02054,76798,31945,59555,50603,11090,70551,91594,29467,69140,40401,6457,9672,2224,1504,431,89
LamDong,08-07-2012,550177,05243,80237,14112,40738,06736,64767,22044,74102,72995,94861,81828,1838,1278,9689,1894,054,43
LamDong,01-07-2012,143283,73389,95671,07049,90150,91589,35242,90153,12676,17878,86735,17345,6349,7646,9708,2042,287,10
LamDong,24-06-2012,484018,63742,05298,80073,92352,07829,69283,13575,14447,17900,72117,59209,1920,6861,5654,7297,308,17
LamDong,17-06-2012,000449,49894,93606,41136,64852,14295,81547,01203,89749,11164,35499,34638,4116,2073,6600,1205,205,47
LamDong,12-06-2012,444869,64265,15888,56762,59018,05680,28412,21726,26029,46721,02523,69782,4430,5341,6508,4120,136,16
LamDong,10-06-2012,444869,64265,15888,56762,59018,05680,28412,21726,26029,46721,02523,69782,4430,5341,6508,4120,136,16
LamDong,27-05-2012,301565,03714,95065,28656,53536,84142,20387,76505,78488,05607,50814,07691,8030,0211,3812,5343,171,34
LamDong,20-05-2012,324748,76773,03657,40309,41738,36276,48466,99392,17592,39250,92933,76063,0832,9661,4503,4938,067,96
LamDong,13-05-2012,017794,23406,41193,42444,15856,40704,02042,03098,90706,49972,68383,00945,6613,3451,6037,3779,265,97
LamDong,06-05-2012,838381,46073,38252,19971,22507,84408,92362,72086,29592,17796,44350,12023,6135,6149,2644,5056,977,20
LamDong,29-04-2012,579511,96572,92777,04796,51191,56720,50986,38439,14518,91606,13787,90168,0686,2667,7077,3402,936,11
LamDong,22-04-2012,595238,19197,86828,90221,59084,75025,75614,69815,81948,91465,95078,77521,2120,2767,5858,8994,037,07
LamDong,15-04-2012,384755,64804,81981,67836,29057,74791,31009,12985,22808,40583,97191,01400,0229,5434,0014,2605,804,19
LamDong,08-04-2012,825647,20611,89915,14330,33503,98796,66744,92203,19678,53580,81702,98919,9475,0934,7640,9317,603,93
LamDong,01-04-2012,190581,03605,75034,27543,23110,26145,44033,48288,26220,11965,39047,65353,9302,3321,5363,0274,602,92
LamDong,25-03-2012,036082,33411,08716,73283,97228,23093,85309,49935,16540,63095,52852,40486,3850,2836,2256,2616,915,36
LamDong,18-03-2012,032493,41014,74339,87845,56720,83376,57292,34472,37819,20374,13997,34719,5120,2788,9636,1698,180,77
LamDong,11-03-2012,207648,08601,58027,65904,98082,20032,64429,88145,06967,60366,03599,82062,1996,7196,6177,1762,100,99
LamDong,04-03-2012,835532,51317,21007,05069,11149,55237,94761,35152,90396,47240,67190,82838,0795,4386,0369,6376,941,19
LamDong,26-02-2012,337406,39433,71951,42066,31549,72469,00118,55176,91425,49330,13524,02692,1058,6871,2715,2120,956,70
LamDong,21-02-2012,250039,70065,58063,20106,15681,77145,43172,37489,68763,55347,20781,18982,1458,7210,3244,1771,620,91
LamDong,19-02-2012,250039,70065,58063,20106,15681,77145,43172,37489,68763,55347,20781,18982,1458,7210,3244,1771,620,91
LamDong,12-02-2012,331130,76608,68863,08355,00590,20798,19867,69621,46217,47732,18334,11131,6555,6958,0005,6159,053,08
LamDong,05-02-2012,514245,40296,24287,19829,91644,95950,11436,98363,30957,47478,34556,42826,0519,6528,8952,2145,159,24
LamDong,29-01-2012,367165,57657,82120,74414,60549,54432,66149,55909,55666,04702,03543,09712,9369,0835,3609,5019,687,28
LamDong,22-01-2012,370213,77133,94074,19582,11578,54264,46073,55019,26075,78029,03653,15010,5743,8388,2899,8629,759,97
LamDong,15-01-2012,249334,84073,05217,73537,02473,14886,04047,72164,30313,30868,41835,55987,6624,0861,5516,6884,506,88
LamDong,08-01-2012,817881,46889,52792,91876,15038,04358,25137,17113,08147,92147,20117,95084,9226,5814,9142,3007,061,90
LamDong,01-01-2012,689552,98962,84436,35373,02432,26700,40644,13922,05223,81821,08791,15883,7589,6470,8184,3313,005,95
LamDong,25-12-2011,729398,76332,27838,79154,97438,80449,23927,07830,45460,90397,55179,02345,1617,3612,5911,2381,036,71
LamDong,18-12-2011,357988,95269,60548,87609,74107,45284,82600,64117,66840,88207,86586,34595,3760,2918,1026,1486,114,41
LamDong,11-12-2011,588046,31767,05480,73163,06504,81822,97485,64986,47349,24569,40013,35570,4349,4661,1796,5395,569,78
LamDong,04-12-2011,167407,03953,31733,91438,96184,29214,04424,43398,32585,35927,10298,63280,7377,1761,3498,5470,828,15
LamDong,27-11-2011,455573,74641,04751,82296,85746,27833,68460,67519,19782,54687,83938,79730,0034,3272,0456,9007,186,52
LamDong,20-11-2011,740303,01222,45721,32075,00375,12851,40275,16252,00145,05697,81049,16652,3965,9364,6898,9900,586,77
LamDong,13-11-2011,019779,03815,42123,96420,38641,09840,26337,34728,90267,03229,38446,31135,3815,0252,1044,1730,572,55
LamDong,06-11-2011,197993,75691,75669,69837,00474,68035,90355,64771,75434,13784,68064,49744,7399,3551,0628,5733,541,47
LamDong,30-10-2011,041548,19392,05789,82664,57201,20640,19080,63153,10827,42847,91003,40196,5193,4458,5845,1641,566,58
LamDong,23-10-2011,080390,75217,17227,10275,99688,48213,53483,62031,95790,50813,72085,45294,4616,5715,7075,2246,513,28
LamDong,16-10-2011,489326,40672,60776,42039,31254,37748,81778,90933,52569,75221,66634,04532,4003,4052,4214,0412,530,53
LamDong,09-10-2011,338010,15265,22738,26338,52657,03084,80755,51586,32356,72362,26794,28790,1208,1001,9707,7817,921,23
LamDong,02-10-2011,862931,08576,58260,04702,05372,57999,08634,36145,78409,38611,54199,56070,3124,5096,0238,4783,388,45
LamDong,25-09-2011,797783,51178,69058,56237,94922,90577,69945,30076,88385,19515,41020,61461,1856,9615,7431,1327,130,99
LamDong,18-09-2011,775529,95534,93058,77609,89891,60736,00627,40384,69212,96834,92974,14956,5212,5121,4393,5455,972,35
LamDong,11-09-2011,449608,53016,58636,17398,81733,49465,05812,55508,56898,28624,12386,04340,2205,9381,2070,4344,941,57
LamDong,04-09-2011,111705,06753,21382,87498,15456,53073,98413,96512,98586,83858,23054,07785,6623,5754,8589,4548,032,86
LamDong,28-08-2011,683938,96166,76907,88238,95321,53739,29171,39373,60938,86765,83493,25325,6647,9166,5099,7724,288,98
LamDong,21-08-2011,510003,21320,49876,61667,81827,17504,86901,71277,48065,29277,51410,73518,9148,3496,6702,2442,335,51
LamDong,14-08-2011,031796,46690,31393,89568,51978,62058,71055,79597,59801,46427,18536,62104,2912,2369,2953,4130,518,95
LamDong,07-08-2011,840673,28123,00001,44046,22789,69952,09356,29682,38704,58038,58317,48111,1031,0268,4459,1434,204,82
LamDong,31-07-2011,276605,34059,44820,47454,97108,80396,61761,88305,85218,92298,85817,66532,9349,8217,6210,6766,498,65
LamDong,24-07-2011,110541,67093,40280,24480,67205,61675,89160,02668,94214,85141,50879,65290,5677,8190,8859,3550,376,90
LamDong,17-07-2011,894475,63796,19111,23014,80753,44632,00596,23457,10670,65941,89645,50164,1085,3912,6218,0607,362,53
LamDong,10-07-2011,044682,61952,40099,79612,61150,77034,08525,09694,14932,23240,00895,26546,9738,0644,7304,6774,817,81
LamDong,03-07-2011,373572,97930,77020,38230,68204,89557,40449,43835,42612,91608,33697,20965,2026,8976,6872,6091,787,21
LamDong,26-06-2011,885432,75277,32109,87703,95584,05857,66353,62435,93104,24735,43022,46610,5947,1822,2794,5973,609,58
LamDong,19-06-2011,173183,01124,96313,53479,17084,37657,98808,51661,96400,77238,05620,29531,9808,8645,0861,1792,684,06
LamDong,12-06-2011,111549,61120,40332,66064,88418,94127,22062,16095,03463,68326,11190,29272,3946,0586,1916,8830,367,29
LamDong,05-06-2011,214228,96041,85271,25810,18726,08875,35297,55046,37308,55719,48643,32878,7874,5801,7469,1291,762,97
LamDong,29-05-2011,389506,43253,48166,69794,84658,98345,53465,58364,52680,73028,36294,82324,3367,7052,4998,6280,764,35
LamDong,22-05-2011,454316,08283,46038,55190,09617,81044,04402,64292,74891,70636,43637,42043,6050,3289,6880,4820,178,04
LamDong,15-05-2011,151990,45282,71989,85030,10585,87006,38791,99873,68954,57146,70842,90469,1377,8048,5194,1598,956,18
LamDong,08-05-2011,826822,27775,32391,40211,48528,11125,80715,80169,19998,45873,30542,48972,2298,4178,2714,4127,564,01
LamDong,01-05-2011,452599,14947,27145,71369,17130,84261,70718,36419,58868,56077,57814,38605,3927,0183,8040,5167,032,31
LamDong,24-04-2011,154330,87812,70055,15828,05530,05979,31469,17945,73751,90257,97876,55167,7451,4659,5823,0971,460,81
LamDong,17-04-2011,919579,36115,45298,15247,68932,64600,41822,55534,15236,19113,50999,82050,4205,5486,8938,7692,357,59
LamDong,10-04-2011,182316,23385,17537,07939,27594,85323,97989,58506,42471,63385,84432,35040,1960,8374,8350,7163,486,27
LamDong,03-04-2011,709929,26828,12837,64648,83894,56543,00785,28439,60657,19150,60749,70004,0354,6059,9846,0601,918,59
LamDong,27-03-2011,185757,13741,21011,94665,62873,54635,27695,72979,34530,09658,71426,57855,4818,0138,8492,4991,199,31
LamDong,20-03-2011,966904,99302,49539,62247,32313,04532,75485,28617,26536,10894,21242,11506,3348,6167,7854,3695,745,02
LamDong,13-03-2011,712071,55996,91999,11886,72092,59465,93613,89081,48412,42394,63725,09095,5329,3975,7802,3839,939,28
LamDong,06-03-2011,732242,93922,51031,68831,64758,09691,24147,32950,91119,08272,07637,74017,1475,7587,0726,5612,924,02
LamDong,27-02-2011,402182,10322,67130,32467,72825,05745,30447,07887,13749,46201,02911,17307,9940,8871,2253,1812,488,50
LamDong,20-02-2011,583960,60881,78940,29649,30325,67737,35787,20129,93372,76977,22380,27647,9646,0347,9241,4360,989,19
LamDong,13-02-2011,319658,88629,54725,10218,74965,79363,44769,85013,22543,90693,73412,98189,8493,2089,1381,9943,169,71
LamDong,06-02-2011,663195,24485,31330,60353,70138,97965,29545,18668,35116,76782,47182,54814,0933,6807,1693,9197,402,04
LamDong,30-01-2011,609714,05750,27659,59292,14516,48595,67875,51720,92904,30043,18739,15411,7409,2335,8655,6519,103,31
LamDong,23-01-2011,572310,54095,38826,49357,81584,63037,57324,98393,35555,97617,44052,24950,1602,9169,1046,1991,640,53
LamDong,16-01-2011,911631,68257,12348,45644,46976,19793,91760,89939,15661,64911,79653,88046,8365,6718,6522,4742,900,30
LamDong,09-01-2011,902475,63392,29323,53942,45978,81360,88263,05306,42556,38122,75449,04660,6168,5843,1602,9448,728,35
LamDong,02-01-2011,157528,46965,08375,76997,28913,15915,15335,12138,30601,18972,57391,35252,2285,1024,4989,3638,177,69
LamDong,26-12-2010,284469,83475,57630,71421,54337,18303,27955,43995,34299,37690,16389,45419,1722,9831,0051,6755,122,14
LamDong,19-12-2010,605644,12223,38931,25086,07443,93190,29193,92866,22531,35722,16103,36072,1296,0195,9816,3435,300,18
LamDong,12-12-2010,477817,52544,33986,41104,45703,41410,60758,17363,96624,02780,27950,51890,3069,8518,0045,8965,786,57
LamDong,05-12-2010,342285,77041,39735,95457,49299,76169,68953,42159,08200,97944,72940,94299,8597,3058,7505,9256,862,80
LamDong,28-11-2010,399563,49008,25515,73010,70019,74129,43265,69473,22238,37232,17158,23735,0087,0098,9698,8820,643,40
LamDong,21-11-2010,926969,77343,61875,68948,01420,19136,72472,01455,70239,43933,55253,95602,7482,3503,7044,9117,819,05
LamDong,14-11-2010,192814,19105,94514,67974,55044,05345,42126,57615,27293,53611,69977,34310,1557,1953,5524,2462,092,60
LamDong,07-11-2010,934984,70074,67427,68714,56778,56173,49300,95117,28722,01726,09221,83719,9366,0456,5540,2634,716,83
LamDong,31-10-2010,241248,21651,21694,82661,94013,42381,24856,03339,13081,65813,07469,19348,6015,3434,2880,5257,749,62
LamDong,24-10-2010,725359,54277,43061,85900,21038,81819,24501,06428,63102,37631,68370,11342,8666,0410,7686,3972,721,65
LamDong,17-10-2010,774392,02330,63698,76799,31504,48791,52066,71924,90525,36857,34385,07523,6377,9166,3752,0080,531,36
LamDong,10-10-2010,465406,63233,53253,18797,16007,48230,69426,77378,00864,78792,88736,87121,5756,4666,0624,4665,540,29
LamDong,03-10-2010,500888,09709,56909,97034,03031,58348,20640,17004,92617,62253,47168,33360,8936,2892,8678,7592,280,85
LamDong,26-09-2010,799290,50403,90965,43740,33501,13543,59477,67033,05423,70572,31302,51714,0756,6743,9547,0405,169,53
LamDong,19-09-2010,026249,08201,05808,85525,48651,34796,57396,13287,95878,40635,05169,65674,0513,2347,1581,3007,818,66
LamDong,12-09-2010,124754,39482,61088,62363,20307,96851,73361,08588,53299,55227,69660,28742,2602,5091,5401,0985,376,96
LamDong,05-09-2010,435063,45872,45013,26770,38938,73987,81798,61032,19710,82567,55130,14918,4041,3630,0217,0787,862,62
LamDong,29-08-2010,938471,79734,27581,51095,73805,85202,48024,86884,07651,15045,38617,58033,1657,5511,3391,7917,458,83
LamDong,22-08-2010,854650,91989,25853,60433,06178,29866,64695,68286,45761,71235,33583,98562,3596,7728,4691,7353,642,35
LamDong,15-08-2010,814338,51720,57746,54659,74160,79111,48128,56804,55358,14162,18939,19616,8241,4650,6921,5475,975,93
LamDong,08-08-2010,451650,12906,06694,72258,78500,28532,19148,12986,68394,56394,81121,62097,2694,3678,0196,0244,554,91
LamDong,01-08-2010,118367,87988,13042,04778,07078,54078,83327,27727,21445,91859,14321,70863,4486,5396,3596,4398,713,16
LamDong,25-07-2010,670096,94878,15673,78970,55177,79668,27986,14904,96180,76338,15264,17722,2556,9632,4386,1796,261,77
LamDong,18-07-2010,240095,94216,25501,23874,53825,76878,56370,16970,63024,13598,97275,68339,5076,6422,2791,2073,997,27
LamDong,11-07-2010,444584,91189,87796,26686,01521,56979,58082,32421,66579,03547,28947,19865,8422,3183,9355,4319,372,58
LamDong,04-07-2010,530144,56186,25451,92075,91743,50387,29945,55214,44126,92440,62519,85787,9709,6524,2899,2719,741,66
LamDong,27-06-2010,342247,97897,71989,94596,68037,01840,20448,98293,62671,77541,35995,76129,0562,3662,9146,9263,202,57
LamDong,20-06-2010,343330,33717,92764,30856,08344,11010,83896,04126,50148,80083,86226,66014,2077,5798,3121,7899,436,86
LamDong,13-06-2010,384344,52410,17760,74211,85356,51351,44673,85071,73298,64201,73740,49224,8827,7401,7911,6785,529,48
LamDong,06-06-2010,392479,62855,54496,11182,37172,33000,61266,26300,47158,22565,05504,23335,8185,1044,1952,8185,336,50
LamDong,30-05-2010,600607,33609,54923,56522,17180,94707,57069,83463,11032,26433,36341,61745,4667,1664,7159,9568,591,46
LamDong,23-05-2010,841299,23495,23289,93680,73000,21424,68822,76848,67396,76003,74691,51716,0211,0067,3155,8582,316,59
LamDong,16-05-2010,076402,95178,65262,75391,50208,74559,21257,29407,73088,28781,70692,91803,8865,8760,9298,5645,687,69
LamDong,09-05-2010,318313,09926,04470,81099,49959,13936,90557,14784,06134,42142,17749,47792,3292,2126,4793,6731,201,97
LamDong,02-05-2010,749332,85787,78574,33238,20408,84278,58744,68569,40345,78607,17181,58705,2733,8906,9674,6222,713,03
LamDong,25-04-2010,712233,42619,28206,06058,17259,58583,41491,64369,62961,00506,16819,70704,9809,2300,2454,1167,057,42
LamDong,18-04-2010,844647,50845,85875,26600,30706,06556,58336,54965,75935,27180,43175,57933,9075,9718,2558,3268,152,05
LamDong,11-04-2010,830780,17679,32466,50635,23460,71204,77988,58654,98916,81054,66240,25955,5645,8900,8291,5446,937,62
LamDong,04-04-2010,972617,74227,42800,26728,75947,31151,60538,70760,92535,13354,13936,30715,2368,5731,3675,5789,674,25
LamDong,28-03-2010,179064,09261,59157,32592,33841,65953,57462,92488,65276,35843,52900,23418,8354,7484,6624,0493,748,81
LamDong,21-03-2010,718910,75434,07595,77544,79719,17707,59027,09986,05426,50770,31253,14786,3966,2320,3044,8827,096,81
LamDong,14-03-2010,507376,37743,07520,05140,43197,97584,56726,88273,88338,57352,55974,83878,4963,0641,9241,9182,715,46
LamDong,07-03-2010,195271,68044,77761,79779,49306,95089,09428,12595,15597,49335,02125,84777,7449,4728,8432,0800,309,18
LamDong,28-02-2010,513503,70538,56661,59870,69371,89820,94241,14730,59966,20491,01040,40991,4634,6870,9256,5997,309,39
LamDong,21-02-2010,694263,45937,07441,22796,21677,20295,27652,07553,52308,89039,45661,32480,6723,7903,8903,4647,136,52
LamDong,14-02-2010,996855,62601,54939,02013,27733,66936,96863,01483,19591,51687,61594,29477,1733,9634,9937,8466,773,22
LamDong,07-02-2010,920232,63902,05140,58421,40739,33606,93034,77550,61480,24099,45516,53891,9791,0263,9552,4867,471,39
LamDong,31-01-2010,783972,86792,01200,58219,19949,17189,04323,92425,86173,71235,58862,47195,5880,0171,6064,5372,232,54
LamDong,24-01-2010,020212,23380,85903,93004,04315,45932,66941,86548,44787,86133,61760,46736,9328,8588,8366,7825,859,58
LamDong,17-01-2010,182976,09727,14720,13333,44819,43509,22546,61263,16834,52526,89617,27900,3685,7886,9289,5803,013,51
LamDong,10-01-2010,650489,45844,83434,73304,49132,58163,12829,78250,70859,41716,89050,22084,2808,1312,8766,2267,117,43
LamDong,03-01-2010,068107,84235,50963,26283,82704,38797,27718,53985,36219,93795,49195,29866,6478,1725,6381,4022,126,61
LamDong,27-12-2009,360865,34092,76273,33484,47883,58194,52505,26764,39152,49198,93713,68241,0652,7102,6320,4182,557,08
LamDong,20-12-2009,947946,46803,84366,29730,45550,11653,94425,83022,02623,60729,22694,52395,7575,5446,9628,7771,854,67
LamDong,13-12-2009,986284,97329,06730,48233,50920,78121,76085,37281,61789,49400,23203,15413,3813,2385,1518,8652,677,00
LamDong,06-12-2009,009530,76904,59400,24732,67151,50019,69243,59560,24104,04927,18190,09937,0701,5123,0458,4947,127,55
LamDong,29-11-2009,707915,37150,13262,24528,67320,51275,18483,41945,66014,13238,23673,11663,3389,5525,4875,2838,490,23
LamDong,22-11-2009,434532,07815,17779,55169,86636,03937,83753,16417,80458,46410,25071,00855,5659,2312,1147,6486,586,91
LamDong,15-11-2009,425783,06694,78893,04046,88332,79774,42311,35490,96987,40097,66076,25696,9963,0240,4040,7767,405,38
LamDong,08-11-2009,015055,50632,79421,83460,92804,60166,35630,90271,70578,59436,49595,56210,7291,8978,8806,2240,748,94
LamDong,01-11-2009,581867,03135,52355,58420,20765,95542,63778,26782,89293,43525,99275,40562,3339,7157,7772,4294,753,20
LamDong,25-10-2009,442416,16589,61949,53567,71056,20777,50558,88810,67671,64510,15505,84558,8121,5853,1975,6981,616,46
LamDong,18-10-2009,259797,11797,20019,98987,10753,93902,56511,76932,51195,81754,51674,49258,4372,9657,1172,8146,977,06
LamDong,11-10-2009,818234,61693,48840,31967,64953,20049,36324,11591,02763,41791,75357,32037,8198,2638,8842,0344,930,94
LamDong,04-10-2009,356563,96088,13017,77288,65935,66921,42171,40213,46495,08657,55239,43554,2637,8070,8063,0924,716,53
LamDong,27-09-2009,11427,58228,36614,10039,54120,60598,58023,40595,00541,70264,79987,48932,7366,5060,3472,3343,075,63,00
LamDong,20-09-2009,59898,01935,83903,39471,37109,20346,05200,55365,07473,53657,30348,54703,3318,1688,7259,1162,748,29,00
LamDong,13-09-2009,88622,03208,04116,08921,86325,26968,41196,90593,64641,85152,00604,37565,9123,4476,7601,1453,803,41,00
LamDong,06-09-2009,13468,26972,38495,49069,16695,56315,19187,96094,25696,08178,99143,37868,5381,1613,6475,2131,040,32,00
LamDong,30-08-2009,05234,48081,31661,61616,10718,59150,48355,75052,78704,55340,84857,65156,5715,5675,9239,4733,130,23,00
LamDong,23-08-2009,80086,90127,52093,53910,25414,62934,45520,77142,64243,77701,37479,44092,3630,7194,2551,6750,612,61,00
LamDong,16-08-2009,00972,69961,77982,80688,02126,27444,07068,43154,86006,15523,62170,46537,3482,2953,5141,3487,821,27,00
LamDong,09-08-2009,5980,39409,04138,13322,25600,77160,52534,86077,42184,17814,51724,03883,7533,9293,6467,3910,375,69,00
LamDong,02-08-2009,83712,73651,21404,58868,92975,54692,07721,91853,64763,97609,56229,06675,5171,1032,9368,7685,378,29,00
LamDong,26-07-2009,34785,04000,44482,40584,96249,79386,16627,93246,54756,56224,22945,99693,8400,3326,6240,7729,431,06,00
LamDong,19-07-2009,80308,43259,53211,85049,06876,60842,54049,85099,90728,23330,63322,81228,5767,7134,5527,4590,277,23,00
LamDong,12-07-2009,70322,93995,06819,53840,02978,49669,79453,71903,11913,12215,38892,65341,0631,4932,3008,1364,750,22,00
LamDong,05-07-2009,20786,61077,83284,74396,88701,95830,37896,14821,05898,36254,14326,49261,9656,1652,3593,5714,544,00
LamDong,28-06-2009,72788,19432,66014,97857,80419,56341,14675,79709,58776,60889,49849,40489,9442,6607,3485,6267,561,93,00
LamDong,21-06-2009,94950,60529,20343,46241,43622,89037,35921,37789,96142,40659,77113,32996,2493,2808,1220,1700,306,68,00
LamDong,14-06-2009,51968,95970,09415,70463,41157,97363,60186,98293,66175,45703,17956,32286,9871,6971,1334,0910,062,91,00
LamDong,07-06-2009,06920,87816,65641,24368,43179,29026,28872,22833,01583,78844,08753,81865,9045,1768,8360,2368,353,41,00
LamDong,31-05-2009,25644,08388,41435,83273,34551,31262,02718,18474,26124,45627,07536,99906,6364,2345,2139,9969,086,78,00
LamDong,24-05-2009,46632,61125,02436,23031,16571,60835,60348,97114,96046,09326,40656,26011,4397,3195,8918,0106,724,22,00
LamDong,17-05-2009,51936,63034,16116,97384,09603,26216,46821,09438,35822,19190,15356,59316,5841,5237,9794,8720,655,17,00
LamDong,10-05-2009,30569,36908,72342,89142,79333,06696,48678,71571,19779,65165,95058,06430,7849,8714,8588,9750,339,60,00
LamDong,03-05-2009,08640,95488,15445,92834,93792,85359,10495,12338,56653,65596,42310,49390,0374,9554,0529,2528,753,39,00
LamDong,26-04-2009,71331,19345,55711,87458,56456,14166,59574,23976,34689,67955,58851,72849,6316,0330,6819,3490,000,88,00
LamDong,19-04-2009,21551,72155,50967,25593,92099,74985,60756,99510,37492,67099,49102,42135,8723,1406,7760,6772,382,79,00
LamDong,12-04-2009,47724,39738,57531,21262,30614,66818,56737,63321,95028,75126,05172,47149,1521,3521,3787,1397,286,64,00
LamDong,05-04-2009,38389,89521,57969,75797,76498,58210,28220,21730,76919,93579,70047,70671,6333,7336,2018,4268,928,87,00
LamDong,29-03-2009,31332,54296,97109,74619,52352,13362,49756,81233,96862,00818,83926,58089,7509,2144,9495,1006,315,40,00
LamDong,22-03-2009,16105,06646,36574,74857,94397,19186,74634,39812,57715,27405,49268,19732,4477,0858,3489,4742,703,24,00
LamDong,15-03-2009,50977,91007,96338,40147,92689,20273,73014,29948,98184,98283,05137,67827,2785,8276,3868,1961,703,77,00
LamDong,08-03-2009,85886,75025,18637,72366,39732,95142,78101,91994,97627,77409,89558,94960,7134,4850,2451,1170,014,11,00
LamDong,01-03-2009,30864,95187,51494,25974,91909,43628,05765,91534,99057,90659,11718,37807,4784,8421,0968,0864,862,85,00
LamDong,22-02-2009,12954,86890,20107,30446,49058,60454,75243,07871,10214,32462,08903,71791,2271,7930,3336,3445,251,92,00
LamDong,15-02-2009,34313,39330,05405,28427,98924,09444,31040,91798,29506,44767,88351,51189,4934,7137,5151,3526,043,92,00
LamDong,08-02-2009,19966,11622,92652,01808,01533,28939,51068,50762,91775,34001,70017,28115,1853,8906,3345,9946,499,81,00
LamDong,01-02-2009,14969,77254,48454,16365,99953,43378,88939,58030,81218,74315,69835,29875,7745,9393,7221,3316,828,75,00
LamDong,18-01-2009,65191,08923,84395,85655,02061,97702,87676,69468,89300,88018,20716,70536,7922,3178,1928,8488,490,82,00
LamDong,11-01-2009,41634,98303,89916,34984,05830,22712,51026,13689,55433,42608,36585,66845,8371,7239,1940,7884,850,42,00
LamDong,04-01-2009,77456,21961,93912,00418,41925,73580,77347,39319,87463,71243,59255,94811,7939,2968,9963,9048,011,58,00
LamDong,28-12-2008,81891,05390,56308,08421,34137,16910,59997,24460,48340,11153,60770,64196,5418,0940,1450,1530,483,58,00
LamDong,21-12-2008,53242,78262,36709,37546,66890,52203,57258,37267,13755,84790,92233,78824,6632,5002,8486,6276,699,73,00
LamDong,14-12-2008,94836,52302,94289,76640,02396,48526,75572,01011,69270,29407,88456,17354,1725,7058,6287,1327,834,99,00
LamDong,07-12-2008,39261,59337,08548,08854,06660,80855,59353,81145,53235,79944,48097,57095,3057,4959,0176,8032,453,22,00
LamDong,30-11-2008,79542,38621,05731,61709,98082,28899,27362,25480,11684,46427,34065,64271,6243,3251,8354,2318,320,71,00
LamDong,23-11-2008,64638,02046,61026,76063,20275,35809,61744,24428,45849,89380,75289,94448,7570,2207,7999,2141,248,34,00
LamDong,16-11-2008,11621,50190,71514,93126,28244,24943,49099,89354,01639,15312,03030,62379,6677,4109,0742,5542,097,43,00
LamDong,09-11-2008,14150,08980,55692,63079,45979,09941,96651,24813,02976,55572,58150,54665,9072,2687,7139,2808,735,12,00
LamDong,02-11-2008,56515,15276,19444,81012,01734,96720,49119,19297,24694,47474,29499,54491,4980,4796,4973,0484,605,11,00
LamDong,26-10-2008,64465,00959,73146,40514,73759,07437,10961,59494,60817,84777,07220,80787,1544,3726,2636,8012,206,14,00
LamDong,19-10-2008,48058,41749,24406,14466,85761,16245,46464,61466,67034,88603,88382,80768,3164,0890,5082,2779,014,47,00
LamDong,12-10-2008,46873,21828,75876,81931,66379,80775,04941,23936,17211,53428,63717,73173,9173,4767,9863,6016,628,91,00
LamDong,05-10-2008,77196,43001,32689,99022,35623,50057,46926,60876,81517,67756,67405,67390,1917,9370,2956,1375,687,33,00
LamDong,28-09-2008,79000,24348,62453,71817,13206,72117,73346,45710,95568,83327,27601,01429,2090,2525,2387,5560,253,29,00
LamDong,21-09-2008,69788,77166,33345,37741,02144,51601,98082,50839,93360,53435,20643,09197,2098,2635,9304,0409,124,27,00
LamDong,14-09-2008,74197,34563,56794,51154,49976,97369,84372,37061,06247,06143,10946,89113,6752,1724,4266,1506,889,94,00
LamDong,07-09-2008,80435,73625,42727,88054,45808,18528,26484,63646,59493,80030,60021,88946,8896,4185,3809,3753,398,63,00
LamDong,31-08-2008,43990,04502,53083,49329,62860,71985,33656,45311,66854,81596,23171,04432,9805,2401,2936,0184,881,85,00
LamDong,24-08-2008,27695,46482,69031,81865,40279,01912,97409,58371,43139,96302,41690,97765,7420,2615,4809,5534,080,12,00
LamDong,17-08-2008,82416,94773,98158,35974,01813,48224,91488,20498,73065,90677,25084,87979,2285,9302,5669,5279,416,54,00
LamDong,10-08-2008,10134,54371,85862,96907,43512,73495,48321,51817,50123,56714,64258,18350,5257,0666,7047,5303,890,25,00
LamDong,03-08-2008,40341,55902,40754,18815,72139,78366,53657,68636,71985,46039,60035,54492,7266,6021,8979,9732,973,86,00
LamDong,27-07-2008,13774,37911,58015,46510,75133,96965,77779,85933,21538,55539,30555,76071,9331,0376,0763,8313,125,80,00
LamDong,20-07-2008,62934,56176,61872,07894,36007,66547,93089,00212,17147,41265,28780,80706,3054,8693,1803,3832,158,89,00
LamDong,13-07-2008,05900,59022,48631,14104,02914,88416,54436,32972,47509,95177,28633,13343,1965,5124,6877,3419,503,48,00
LamDong,06-07-2008,04696,29817,65171,77745,89895,83574,85185,92277,90895,39543,35984,38985,5965,0251,8314,1000,961,49,00
LamDong,29-06-2008,66051,42869,53743,98350,46226,93740,08662,65590,00278,82358,54429,67577,7187,6814,4390,9573,864,85,00
LamDong,22-06-2008,39899,62301,64451,19036,33304,42569,63504,13543,66813,87358,61471,70202,8590,7337,4890,0649,639,50,00
LamDong,15-06-2008,46345,41915,18013,64138,98172,21596,21198,58203,23084,88449,73773,02051,6195,1399,2474,6893,536,75,00
LamDong,08-06-2008,12863,99851,40246,91342,30078,36840,92507,40004,04956,28981,20925,81735,0034,6092,5074,3740,949,99,00
LamDong,01-06-2008,97673,45226,62734,20448,59663,42879,12951,06788,38033,52540,19496,38259,4466,9622,0905,1493,694,44,00
LamDong,25-05-2008,65119,39036,51562,34068,68340,14056,32494,59513,79560,09198,99011,76289,5598,1163,8646,5271,193,40,00
LamDong,18-05-2008,71070,04252,91948,06927,04443,07804,21028,65605,93442,04076,70991,26965,4934,5897,6473,0896,020,45,00
LamDong,11-05-2008,54822,00912,51602,75553,58812,32262,22979,33194,96531,51272,33187,52991,0676,1454,7251,9217,891,55,00
LamDong,04-05-2008,28079,54879,65956,72822,85991,90968,32699,00317,87280,60811,40214,77199,1157,6535,3346,8926,774,44,00
LamDong,27-04-2008,26439,71313,82429,48251,62031,76754,14476,07280,04385,78756,86750,2646,5963,6337,4258,3543,253,84,00
LamDong,20-04-2008,70842,88167,58237,42408,16494,42293,02612,94939,75385,04096,41030,3330,3377,8730,2829,3262,380,61,00
LamDong,13-04-2008,32770,41081,27231,67095,26019,82765,45244,55999,61110,06204,79270,5755,7659,7637,8432,5654,237,78,00
LamDong,06-04-2008,40488,61979,06059,13566,02891,60298,87470,90598,66658,32407,40908,7247,7549,5882,3097,5852,771,92,00
LamDong,30-03-2008,69225,37083,51243,55621,07004,90670,99979,74321,14773,81463,93317,2617,8354,5352,4428,2863,674,94,00
LamDong,23-03-2008,17976,57286,59526,85186,43759,32017,01746,59140,91388,47895,23806,0749,9330,7779,2777,6799,246,38,00
LamDong,16-03-2008,14055,55862,19832,39895,49050,49070,30420,80081,51212,88617,20945,5002,7412,5634,4077,3731,747,07,00
LamDong,09-03-2008,14256,66746,80450,66545,31621,48907,21156,64457,60412,20007,44646,2075,5035,8110,1966,6832,857,21,00
LamDong,02-03-2008,18220,13842,28308,38560,03592,80519,28395,36832,49864,81751,60724,3434,0359,7347,7040,9623,354,98,00
LamDong,24-02-2008,23520,11828,64267,10068,90518,47663,56369,38644,64530,86774,85509,43998,3001,5360,4460,9619,446,52,00
LamDong,17-02-2008,23997,40891,39341,07274,86839,07321,18666,27761,98035,96272,10573,72569,5454,4050,3466,8132,154,81,00
LamDong,10-02-2008,80488,36962,53051,79232,22329,04090,43312,89694,41939,54027,10155,07359,5237,2585,3066,9710,884,55,00
LamDong,03-02-2008,35352,94258,22495,36082,78154,01788,23597,68677,56501,33623,89661,18161,6368,4588,2142,7468,287,51,00
LamDong,27-01-2008,29228,56427,66207,01180,06667,71982,90982,84903,48295,16997,44753,04822,2489,8751,1534,0879,677,73,00
LamDong,20-01-2008,95687,86628,14910,96861,94967,15623,57632,28718,37672,98709,34086,54271,7577,7875,8435,7420,960,33,00
LamDong,13-01-2008,41845,34721,28435,26888,04772,63915,20539,34049,30128,07198,51776,16568,9996,1115,7882,8583,522,59,00
LamDong,06-01-2008,97108,12914,65660,80409,08207,50729,50551,61305,07225,78049,32359,92742,1873,7221,6054,6710,298,30,00
LamDong,30-12-2007,88805,22524,52018,16069,20276,74064,45334,83072,49053,67117,82196,02829,8036,8702,8258,8326,672,13,00
LamDong,23-12-2007,76741,61658,89029,09416,39086,63105,71148,98828,73172,65441,38090,19449,8790,2272,4104,1488,429,04,00
LamDong,16-12-2007,73067,97905,02709,59414,67117,34502,77034,86974,62600,05342,16317,40956,1883,3112,3681,2252,045,94,00
LamDong,09-12-2007,20024,73559,45642,63056,79724,02320,68983,30949,78443,56896,86498,16257,2206,9360,8602,7890,946,31,00
LamDong,02-12-2007,20024,73559,45642,63056,79724,02320,68983,30949,78443,56896,86498,16257,2206,9360,8602,7890,946,31,00
LamDong,25-11-2007,58352,25190,17384,73191,37020,53930,82428,60008,51718,92273,72064,83000,5056,2361,5729,9459,526,28,00
LamDong,18-11-2007,19538,12360,29138,10983,28928,42957,78157,34242,13925,97644,84392,42900,3170,7211,4719,0296,899,90,00
LamDong,11-11-2007,26997,69120,40736,48496,78613,32806,56568,17667,86924,28577,40643,08259,9385,3783,9819,2152,303,87,00
LamDong,04-11-2007,40264,68802,72663,46218,82076,97895,00499,33519,09475,06615,77660,10870,8829,0459,8076,0181,757,20,00
LamDong,28-10-2007,71744,86291,14694,43656,94837,57123,22032,12068,23160,28371,62684,42881,7027,0530,3161,8281,267,62,00
LamDong,21-10-2007,13444,02365,25683,55464,43654,37034,29947,78717,76503,46223,00436,07630,7973,8311,0617,6305,158,48,00
LamDong,14-10-2007,68917,76883,56569,02310,26446,20955,33416,44054,08364,12409,96219,14616,2663,2738,0459,5962,954,43,00
LamDong,07-10-2007,22340,24344,51804,19699,43425,26900,15188,31612,42513,28640,31496,48037,5766,7383,7590,5097,341,51,00
LamDong,30-09-2007,95074,94320,06277,15616,53829,49804,43747,83087,25981,19535,13720,38326,3730,3098,0573,9693,621,15,00
LamDong,23-09-2007,47532,90568,67300,52655,10392,25526,08574,76315,12810,06398,78406,61082,4677,1200,2943,5318,308,20,00
LamDong,16-09-2007,32446,11874,08855,85290,70235,62738,04276,40244,74944,47367,20504,12484,8635,4802,8737,6792,311,08,00
LamDong,09-09-2007,38646,26161,68330,15942,59498,06207,47165,46308,71780,25152,12012,20697,3140,2661,4968,8274,662,01,00
LamDong,02-09-2007,94341,33785,07543,64246,27266,31260,89591,18127,40866,88703,19791,08633,7021,7949,8088,4011,799,56,00
LamDong,26-08-2007,03018,39766,26321,69898,38413,76384,57289,02576,95445,03131,36197,56159,3012,4153,9233,2869,659,02,00
LamDong,19-08-2007,17409,46105,66111,99970,34986,13228,75967,44910,25443,81522,23026,00347,2464,8078,7106,0713,732,26,00
LamDong,12-08-2007,88058,76676,79789,39950,98913,13852,53518,33295,41682,82750,89981,83560,2601,4224,0547,1444,412,50,00
LamDong,05-08-2007,50477,63719,82691,48225,84686,08471,06323,81512,50512,74797,86711,56617,7958,0975,5596,7445,111,12,00
LamDong,29-07-2007,47785,27397,13016,69504,60310,27709,13498,02513,61900,18479,93556,84152,4326,0121,2752,5809,166,27,00
LamDong,22-07-2007,22972,72113,12711,09839,59340,43912,64391,12150,05362,38814,26048,03743,3131,5901,6277,5131,444,06,00
LamDong,15-07-2007,70745,46365,95470,42373,96146,15767,35801,92734,37016,90455,24759,36687,6287,1203,0572,2509,664,87,00
LamDong,08-07-2007,29164,91321,99594,59283,31963,46603,02004,44874,89034,04892,98498,76742,7081,1709,2092,7593,357,99,00
LamDong,01-07-2007,57866,55312,30683,13956,38219,78213,41949,85208,77281,50887,33033,44580,1412,6380,4959,0578,719,43,00
LamDong,24-06-2007,27948,47379,43274,49630,42350,00064,15836,51231,28149,37256,91870,50528,8825,0851,6851,2079,578,35,00
LamDong,17-06-2007,65852,49861,04090,19411,44228,89136,82089,16698,60208,95293,54252,94493,8111,2617,8846,8174,885,48,00
LamDong,10-06-2007,44596,86816,00807,59269,52356,61818,09214,33183,14133,86009,67447,62841,8563,0796,5713,8785,338,11,00
LamDong,03-06-2007,43188,36173,97752,66033,79432,48368,49190,51156,59159,69338,76119,35858,9589,6149,3752,2890,162,16,00
LamDong,27-05-2007,82058,00054,87863,08714,04075,18924,78447,87637,24164,56835,11663,74508,7607,9719,7254,3305,200,69,00
LamDong,20-05-2007,07641,33338,94677,77762,94427,42036,26874,27044,91109,28526,08724,62445,3454,3223,7357,1952,541,67,00
LamDong,13-05-2007,44179,64141,59666,73081,15829,68347,66959,79035,73834,74921,81640,02478,2403,5846,2995,1161,876,40,00
LamDong,06-05-2007,07109,78967,01920,25200,58359,53547,43859,74647,46749,65292,88981,58212,3049,9843,3397,0172,384,39,00
LamDong,29-04-2007,14561,55150,13438,83470,90611,20360,84619,37534,50840,80919,74800,74558,4948,8572,2734,6401,981,85,00
LamDong,22-04-2007,78373,87999,49521,37846,90877,31421,17690,57084,03233,90352,24246,82302,8208,2967,9552,9218,676,77,00
LamDong,15-04-2007,36560,16678,03104,16580,21318,11318,82133,90674,79641,48186,45439,65510,7061,8615,5528,5225,568,18,00
LamDong,08-04-2007,96241,82418,96706,38137,19129,98266,45644,64808,11578,78645,32355,62032,6359,6113,1661,0085,248,99,00
LamDong,01-04-2007,76899,99941,40365,09045,81847,29646,24209,59918,70348,13121,90408,14776,9566,4397,0791,6343,010,93,00
LamDong,25-03-2007,22069,85914,62897,94894,96696,49385,49391,27818,29581,63176,84900,35513,2818,5840,1239,5539,951,00
LamDong,18-03-2007,47194,95850,45091,16410,38038,73045,16916,87292,98603,22361,94378,35653,4199,6669,9893,7805,696,78,00
LamDong,11-03-2007,71062,81420,17935,67003,01187,59745,04517,36093,67507,63992,47201,02316,0895,7232,3232,6661,139,43,00
LamDong,04-03-2007,06154,67224,19778,02920,36350,19503,65766,31256,87715,29270,84016,94888,8640,7973,0921,4007,441,94,00
LamDong,25-02-2007,27604,25799,01336,29013,33827,57438,14396,02302,30348,80516,07322,74075,7703,2867,6019,5622,302,19,00
LamDong,18-02-2007,17950,86225,23182,60880,46567,40420,07626,26196,08891,64729,91733,46847,6143,1140,8794,3615,208,53,00
LamDong,11-02-2007,80198,53488,05255,63865,39217,75801,99483,52071,63439,44541,40390,12933,9400,4453,5821,9913,782,54,00
LamDong,04-02-2007,36433,13759,39250,93700,98675,35286,12151,10052,78420,28043,18939,21926,4209,6529,3526,9169,399,31,00
LamDong,28-01-2007,95908,62319,94469,93263,05210,09695,54968,83709,23507,16772,86071,82073,4987,7366,1183,2791,031,89,00
LamDong,21-01-2007,87267,36937,79431,51980,87842,72185,36986,34208,24823,68706,90426,16967,2471,1649,9801,3880,069,75,00
LamDong,14-01-2007,78010,27853,76757,40889,37770,40044,94206,10325,77357,19060,62887,49959,7142,0496,3416,8851,389,52,00
LamDong,07-01-2007,05574,01020,91669,21576,15812,83288,39342,17161,76155,47978,25251,02795,0683,2776,3341,8337,387,94,00