LongAn,17-11-2018,465810,73897,68218,94794,97673,77149,53764,03922,45437,89492,66879,98092,4238,4315,7446,0930,444,73
LongAn,10-11-2018,282213,24421,28363,47625,92885,03080,13688,22642,37463,18928,09645,06293,4087,2336,1139,5745,863,71
LongAn,03-11-2018,292180,68132,33862,46546,27579,73834,90454,49470,72487,54013,54758,30482,7897,7686,8779,3614,373,08
LongAn,27-10-2018,483866,32774,68546,54350,52520,66945,77708,42455,42805,56444,91910,58707,8136,0875,7167,0801,591,24
LongAn,20-10-2018,111048,37537,39974,66863,60373,70983,84039,13874,83401,72148,41017,48744,3504,8832,7949,3426,232,61
LongAn,13-10-2018,196096,95197,44575,03364,54465,88404,76235,42977,65157,62294,26125,67643,5471,6077,6789,5830,679,14
LongAn,06-10-2018,855961,33485,82850,18253,38763,26678,87944,73999,12266,22944,28623,63801,6990,6606,0654,7400,783,68
LongAn,29-09-2018,272299,30316,47063,46887,23386,14243,78052,44862,09307,86156,04831,79275,8577,7758,0014,9294,318,52
LongAn,22-09-2018,002093,94289,92069,06025,57739,03178,65433,80987,45255,03722,62909,72456,4917,0169,6337,5275,138,27
LongAn,15-09-2018,449668,25973,03440,18654,40094,15228,43812,90377,90679,16559,46927,43754,6152,6446,4801,5878,676,03
LongAn,08-09-2018,727269,03492,25447,64707,24480,13338,32880,79050,35355,74373,97162,70434,9080,4577,7839,0817,476,70
LongAn,01-09-2018,042192,75133,09813,27407,40676,66545,69341,22298,12364,49623,53977,41467,0999,7370,2996,5818,004,68
LongAn,25-08-2018,841926,16067,64910,64567,66442,41084,39574,88755,56876,39722,92221,04479,0279,2996,6526,2646,369,07
LongAn,18-08-2018,747089,77723,64701,80004,68367,97217,78169,43074,53155,07076,76981,50246,2206,7491,0704,2853,345,08
LongAn,11-08-2018,764384,41273,41234,13659,48770,22485,18554,48584,27438,55776,63706,47850,3064,7125,6481,6068,393,52
LongAn,04-08-2018,479236,90770,27476,01451,28941,34010,45497,98812,95932,98988,31990,79987,7042,1713,3528,8326,713,67
LongAn,28-07-2018,211259,33517,19469,92799,79520,06162,36330,78754,19361,33084,32135,42355,8233,2778,3576,9478,518,55
LongAn,21-07-2018,348068,46504,02906,39726,56764,32664,13607,66723,59368,78224,83268,55925,7843,6315,6844,7598,911,45
LongAn,14-07-2018,442422,81073,33764,81570,87938,41250,30054,48471,17068,55842,03494,95326,8968,0730,3688,8343,088,57
LongAn,07-07-2018,594675,75585,47595,71312,61774,23094,91317,64786,21941,31327,90752,47357,5675,0247,6124,8733,470,73
LongAn,30-06-2018,312445,31913,76789,77985,41431,07994,42561,19711,96945,76827,94359,98427,3517,3388,6841,0284,650,80
LongAn,23-06-2018,336236,33401,61364,72763,99882,70603,74265,76547,92448,92822,93571,50061,4394,2666,7146,0630,600,61
LongAn,16-06-2018,614857,45023,75081,97183,49157,11095,29055,84444,67765,94817,85164,40828,7257,5395,2277,8931,863,95
LongAn,09-06-2018,297752,06757,11277,46566,67638,10681,21589,11063,73462,38191,14860,65543,2819,6898,8614,4318,936,69
LongAn,02-06-2018,066836,61873,49427,22005,69746,70675,74200,50878,71473,97665,32195,39239,3107,0412,2447,3245,478,13
LongAn,26-05-2018,218256,40498,60715,65669,55900,23733,74779,79634,48910,41246,15485,62921,5370,6139,0604,4877,171,55
LongAn,19-05-2018,837750,61654,77597,73601,41346,19768,39593,20176,30489,56486,35945,43822,3501,6800,7666,9936,844,72
LongAn,12-05-2018,425911,85610,77693,92903,26848,54361,79375,28698,45210,36092,51498,22663,2610,3501,3015,2676,280,80
LongAn,05-05-2018,572903,63360,49272,46351,66340,46016,81722,07227,62427,49270,31513,93637,9244,7118,9208,5086,267,06
LongAn,28-04-2018,697378,71093,87464,71468,61826,34645,31846,81206,26354,45719,49736,97279,5573,4247,5661,1375,860,41
LongAn,21-04-2018,981394,60539,97596,77194,96122,84593,41033,72913,41734,36332,04477,15456,9145,8520,7768,8989,165,31
LongAn,14-04-2018,825634,05810,57576,47474,89451,07284,16249,87462,05199,05823,68801,75366,9234,0978,4444,8367,353,01
LongAn,31-03-2018,600987,44431,60797,71333,71821,86733,78331,31730,36495,18923,16181,33373,6920,2456,7724,8835,458,01
LongAn,24-03-2018,436211,01234,84816,03970,85066,06857,02872,16813,02751,39744,13561,09001,0247,6239,2013,2004,663,60
LongAn,17-03-2018,353471,34235,00400,85791,12969,60575,34577,81314,44948,85766,01118,46090,0342,4513,8685,9943,707,01
LongAn,10-03-2018,465282,06249,03237,95440,26474,75096,65163,52388,94452,53546,62600,33670,8082,7710,5583,9848,751,28
LongAn,03-03-2018,228962,37442,49769,72664,40028,41629,92703,22200,22245,38418,34715,45863,6670,9422,2304,1777,572,35
LongAn,24-02-2018,794393,80991,95192,07393,72187,95740,65886,97974,70894,35235,74024,88208,3858,8716,9679,0786,338,94
LongAn,17-02-2018,068586,20577,82306,81984,06958,90566,60147,27996,38620,34954,47761,37411,4791,1370,5626,8206,629,97
LongAn,10-02-2018,985816,01753,42372,11506,81040,98374,18491,56834,63012,66863,55603,12266,5032,6537,5205,1985,208,62
LongAn,03-02-2018,585969,72138,08830,80043,95009,90880,77857,26799,90525,76133,05125,74452,5525,3878,6446,0494,405,81
LongAn,27-01-2018,619207,42016,00532,61765,12364,24701,79072,22302,04410,58411,79319,49660,0798,4140,9655,8506,343,63
LongAn,20-01-2018,031091,36374,16465,98621,71792,08264,56485,62379,64402,13155,95920,78145,9602,6460,8746,1676,842,16
LongAn,13-01-2018,527008,67734,00201,67623,32920,64113,51576,54463,92473,16231,01989,35105,1329,9115,1239,0790,549,82
LongAn,06-01-2018,405014,75870,58115,70774,26121,47266,13449,44905,31067,82005,05154,30640,6423,8242,3800,2535,176,96
LongAn,30-12-2017,243203,09776,04941,39516,86698,21743,42808,91790,48061,85894,71527,65919,3467,5936,0959,9726,456,78
LongAn,23-12-2017,468484,84761,15397,10747,47655,95712,36030,74293,31545,10501,25969,93204,7946,7845,4532,2765,446,76
LongAn,16-12-2017,100747,92684,10845,57318,97442,51901,96914,69931,74582,85063,66835,73975,4027,5860,0276,1382,775,56
LongAn,09-12-2017,143479,29141,69666,26750,03006,66913,60404,79041,04914,35607,67412,67721,5626,1696,0067,5778,488,72
LongAn,02-12-2017,182526,03484,20393,04140,43815,60380,36834,55373,44824,31647,58321,95545,2192,4469,5526,1999,863,20
LongAn,25-11-2017,408077,62534,13179,53738,96591,94844,38409,70178,74584,78099,80746,35607,8168,2531,0806,7430,554,50
LongAn,18-11-2017,678289,33230,28875,77697,82946,86734,94621,46535,37356,01203,63035,41863,9583,6869,0587,7676,829,28
LongAn,11-11-2017,030563,36691,49705,80503,64753,96550,58551,70045,14411,97766,79433,05570,1260,8067,4478,7551,344,58
LongAn,04-11-2017,581420,57389,63193,40348,33427,47427,32473,00538,41681,57209,40160,51533,6020,2325,8739,8793,470,92
LongAn,28-10-2017,338632,81289,95666,01743,73430,24906,76618,89407,81066,53963,74944,76347,1379,3669,7805,6479,341,71
LongAn,21-10-2017,242726,37677,69103,44441,18453,17935,39159,01030,96499,27949,98695,23167,0741,1666,8172,2787,821,16
LongAn,14-10-2017,715563,39421,79714,90464,13025,54655,05839,66642,92386,32845,32181,64703,5039,0870,8327,3920,387,77
LongAn,07-10-2017,302482,33944,92362,96278,83117,62260,14540,82363,27075,52081,79034,94995,7443,4394,7375,1770,782,07
LongAn,30-09-2017,373530,64829,71745,32122,85448,45347,14278,87499,09429,99612,62064,10689,1378,8524,0518,0177,679,48
LongAn,23-09-2017,265864,99331,67607,60803737228,17271,41218,40267,75248,76644,52068,84644,6312,3780,9295,3494,270,34
LongAn,16-09-2017,564706,60167,11212,19472,52076,17462,19402,39428,08642,14888,64038,05364,5748,3265,5817,1568,746,66
LongAn,09-09-2017,696357,37813,21674,69233,34650,29793,56963,80158,26923,02622,76209,33569,9689,0343,4543,3167,087,59
LongAn,02-09-2017,103961,59275,44217,38302,28482,59646,91601,73321,32897,14794,56626,55822,1022,1875,8442,8793,370,72
LongAn,26-08-2017,657608,38464,59452,33493,68836,46846,17859,56179,10540,64394,59154,54876,8539,0513,7908,8416,742,60
LongAn,19-08-2017,383727,47953,86931,62077,92095,79855,54820,85701,07564,14051,79277,64831,6844,8859,5096,1276,826,24
LongAn,12-08-2017,334195,31251,42660,72062,55603,36648,07158,48796,41030,04833,90048,84280,6387,8882,6592,6016,810,92
LongAn,29-07-2017,866376,12304,20367,41817,06407,17997,29638,30608,57859,79930,61402,39264,9712,5256,4441,6246,485,38
LongAn,22-07-2017,257058,04096,60724,42799,44039,39378,79570,56320,63960,15779,65442,55916,2405,7638,2136,9890,781,27
LongAn,15-07-2017,344803,01128,30534,94670,36370,77528,35787,33810,18324,97765,96488,92875,3964,5830,2789,0860,273,90
LongAn,08-07-2017,795943,66599,48746,45611,95146,65203,99358,46764,67260,47506,34803,52353,6390,1088,1191,9060,466,51
LongAn,01-07-2017,256918,33145,20482,83576,56308,86330,80871,88900,93732,93459,00746,18051,8268,7459,2038,9972,050,34
LongAn,24-06-2017,539560,54734,40763,31038,53763,69061,35192,38194,26029,46037,87407,21739,1542,3833,7518,3934,041,21
LongAn,17-06-2017,550013,50470,02292,73447,20936,96467,82756,31978,44180,67408,93461,79749,4544,3098,9039,2346,961,50
LongAn,10-06-2017,484401,00000,08006,34555,18365,92429,07705,53204,36376,77649,47934,79890,4971,8024,1321,6193,079,45
LongAn,03-06-2017,262188,60783,21864,54443,65195,32340,23178,45066,05035,51507,54303,49063,9556,5040,3887,8080,392,47
LongAn,27-05-2017,192292,98671,68494,02725,12244,16696,44730,82973,01228,73278,87840,71239,0647,4597,4069,0556,947,40
LongAn,20-05-2017,477414,32192,77637,45471,60673,93564,05759,31634,59450,96387,55990,02839,0898,2877,0610,2571,359,47
LongAn,06-05-2017,387667,14769,30753,56424,36941,39308,07639,16226,10108,04374,78140,46458,9897,4376,1357,9037,219,08
LongAn,29-04-2017,629682,63568,44445,17937,92030,27052,55383,30629,42110,38388,64494,44484,7384,2782,5757,8215,319,39
LongAn,22-04-2017,116814,68417,63156,01808,36244,68007,31721,41573,64231,77248,60632,51465,3075,5224,0204,7632,617,50
LongAn,15-04-2017,853787,37823,03671,36446,74546,62748,91647,38816,30889,15030,63042,38341,5447,1602,7440,5518,459,96
LongAn,08-04-2017,573700,69475,38052,56386,90365,57713,33270,84634,61922,89402,40308,04062,7005,0362,8947,3039,649,39
LongAn,01-04-2017,188131,18397,44163,69461,80072,28903,19298,66747,60797,43946,58621,04834,2206,3972,4779,7691,028,08
LongAn,25-03-2017,258077,96424,58314,57025,74573,29329,80309,48154,46021,37565,95656,35118,9804,7126,0044,0240,735,61
LongAn,18-03-2017,773934,93062,51768,23433,29787,95385,75263,85551,04091,26882,23705,74004,1504,3046,8968,2536,179,36
LongAn,11-03-2017,006737,28033,84589,26090,19338,30278,63876,09604,31254,84700,40137,68270,5570,7045,7682,1789,151,89
LongAn,04-03-2017,884964,75761,93147,10804,28827,19504,07776,86129,83329,34376,26257,29247,5936,6194,8336,8853,827,19
LongAn,25-02-2017,702814,85775,74704,72345,04593,17186,45368,29558,23244,90007,71476,00656,4382,1167,4244,5597,477,14
LongAn,18-02-2017,737976,14680,28890,08766,02856,67468,90371,99367,42365,16622,75752,11392,6145,0973,8185,7393,003,39
LongAn,11-02-2017,669649,39477,80916,38433,42599,01380,47514,43070,82097,23406,17348,80811,9001,9351,4543,0457,641,77
LongAn,04-02-2017,221316,48742,78134,40088,76718,36642,52899,98998,16711,31363,18889,03893,1460,2980,6234,8327,413,85
LongAn,28-01-2017,795178,65034,03828,73591,76554,84435,32225,75026,43579,37520,41895,86219,3596,0376,9303,4157,898,48
LongAn,21-01-2017,960976,93593,88988,66771,68912,96240,60997,80474,39448,49875,70706,87455,9301,6057,3678,5251,612,65
LongAn,14-01-2017,163552,97979,26378,77203,88836,84441,53375,96971,07302,81256,86057,95434,1954,2152,4283,6187,091,72
LongAn,31-12-2016,067051,89101,55752,45673,03930,73116,53514,09064,42071,65482,72145,36012,9340,8854,9015,6840,392,36
LongAn,24-12-2016,692843,23450,67410,96054,09262,69641,74651,30760,64680,23312,74060,01682,4239,2587,1869,3474,207,43
LongAn,17-12-2016,210807,69241,63898,13721,87305,75007,15632,45926,86218,80531,72323,98941,9951,0939,2604,8831,608,08
LongAn,10-12-2016,681953,27591,92016,86136,97158,86762,64072,37464,45510,87800,69134,80392,3119,8044,7854,0580,473,40
LongAn,03-12-2016,075995,15994,37325,01225,07923,90352,88853,38077,98263,31260,41143,20506,1684,4829,3409,6514,065,55
LongAn,26-11-2016,655089,76964,62056,17442,07869,29173,74913,12053,07748,87936,76778,35069,9987,4628,8964,3743,653,71
LongAn,19-11-2016,661255,30363,30961,17777,69039,76613,50660,61555,57156,30506,85978,32631,8604,6810,2796,3579,770,76
LongAn,12-11-2016,533876,37651,37261,95587,26650,36103,56031,74437,21681,42060,38665,53128,4827,3404,0058,0236,702,04
LongAn,05-11-2016,813291,07283,74752,30722,74564,34638,41841,92507,94131,33307,27400,03857,9230,3535,3573,9560,685,82
LongAn,29-10-2016,757422,14866,05681,74154,26378,56830,45317,91705,71824,33716,48665,82342,0828,5774,8965,5376,548,03
LongAn,22-10-2016,975106,04108,34023,06093,57177,76754,06810,26197,34465,86843,63498,52807,7810,9787,8176,1897,071,56
LongAn,15-10-2016,443258,83910,98629,52174,31324,48787,44947,73485,32480,84199,49254,97851,8831,3723,1297,5295,948,19
LongAn,08-10-2016,637472,18613,20598,66842,76941,45173,24121,23505,25907,55788,66888,42106,7853,4328,1485,4778,916,87
LongAn,01-10-2016,731367,32345,66734,70807,71766,97385,13577,03531,60800,48139,22505,62486,0117,1060,4740,3140,827,30
LongAn,24-09-2016,036497,59329,98650,12750,12839,12339,26424,94456,99689,73458,11943,75666,0246,5704,3866,1787,402,56
LongAn,17-09-2016,036227,18718,09304,74808,67835,08346,20325,73022,16776,80057,84214,78493,5216,3272,0423,0963,409,05
LongAn,10-09-2016,487439,97341,65856,26696,45275,82193,67373,57610,30310,65210,02915,86718,7040,6457,4864,7363,414,07
LongAn,27-08-2016,384714,27492,84749,01467,14107,71651,07680,90954,31031,65991,60448,94975,7455,0696,8571,2256,573,53
LongAn,20-08-2016,648756,51485,79572,83855,32352,87167,57094,48023,25848,37781,19124,43658,6942,9105,0948,6521,435,54
LongAn,13-08-2016,363186,88399,33801,12464,03866,04522,76596,54435,66263,31270,92093,65701,1770,8753,4280,5022,380,49
LongAn,06-08-2016,297718,40780,15636,75064,14140,42755,78593,46168,34573,70376,87336,02601,0474,5619,4467,2829,545,08
LongAn,30-07-2016,461537,65244,54379,80680,14298,26365,60510,17131,90012,62007,52172,92496,2627,3422,6404,8136,971,81
LongAn,23-07-2016,968281,17224,47191,07883,34444,91813,73851,80852,06675,69372,52678,75608,0900,9319,5956,5485,180,53
LongAn,16-07-2016,306757,16746,88809,22956,42803,87706,71821,23848,58005,09635,48392,00989,9685,8592,0952,4717,530,55
LongAn,09-07-2016,126618,11385,10026,90592,20623,67922,06526,60479,84436,19098,87892,86471,5330,8339,1559,9490,602,72
LongAn,02-07-2016,716800,99104,56249,89522,16624,40631,05705,22025,38404,07485,78867,79865,0125,8212,9401,0839,278,03
LongAn,18-06-2016,837669,37013,39384,74053,63319,79474,14797,31524,42660,37993,61733,83247,3470,5605,7773,6032,979,45
LongAn,11-06-2016,414373,26382,73404,20661,31479,19547,43795,51756,51084,25946,39099,40722,1429,1494,8938,6729,774,19
LongAn,04-06-2016,199989,91482,70622,16788,86991,85039,00832,64744,57190,83589,63209,46281,5751,1914,1521,0809,843,56
LongAn,28-05-2016,025632,14428,15727,72012,58368,42041,48877,32768,70284,74627,42215,68320,8298,3670,9143,0100,937,81
LongAn,21-05-2016,950923,06237,61025,02397,25529,21525,14054,45068,48456,56603,17576,52358,6673,5394,2595,6992,036,04
LongAn,14-05-2016,284225,53956,67721,64621,86258,73348,26312,27557,77380,84766,37281,95971,0270,3646,4304,7803,870,21
LongAn,07-05-2016,548228,23628,97686,38640,32909,71088,53659,43379,42174,22237,28626,12752,8103,4544,8803,3653,007,92
LongAn,30-04-2016,786206,49447,57576,93436,11535,09929,74629,90367,72131,33691,69913,01467,4746,4876,3338,1271,112,83
LongAn,23-04-2016,366634,69644,26503,47070,84662,87676,70460,74662,27831,02390,88004,02391,2078,9504,8477,2028,096,38
LongAn,16-04-2016,722632,78080,40002,28561,77596,54119,70276,71904,23104,54389,38989,52224,8063,5187,0137,8436,799,18
LongAn,09-04-2016,687610,41502,33388,34963,33464,51144,14466,45715,71318,13740,20569,94357,4029,9077,7196,3426,842,74
LongAn,02-04-2016,361417,47208,08143,65991,53594,88357,04907,50631,97353,65902,40353,34147,7666,2620,7067,1350,971,50
LongAn,26-03-2016,999369,85917,16434,00117,71941,96999,79347,42714,68439,12642,69035,95265,3345,7909,1107,0967,939,59
LongAn,19-03-2016,276884,70385,70770,04471,05154,01126,44861,82361,82627,30631,36664,53436,6480,9465,2542,5794,356,19
LongAn,12-03-2016,061189,10282,63278,05483,86182,52574,39104,71347,51665,30177,92836,57764,9153,4331,9760,4783,014,27
LongAn,05-03-2016,929040,45676,01863,58189,86975,54346,62718,75321,94761,92439,07995,86567,8278,2904,6587,5380,912,49
LongAn,27-02-2016,276080,10078,38171,07234,35564,37059,23751,06782,03173,03574,88656,90534,2057,9408,4900,0045,487,13
LongAn,20-02-2016,776174,67821,09035,47303,72157,08211,07910,96596,54376,72097,62451,17231,3395,8084,2205,9004,261,84
LongAn,13-02-2016,814660,55846,56827,88745,24636,73419,23243,83452,44129,42203,03884,67510,3778,9437,8085,4927,479,18
LongAn,06-02-2016,663127,13192,53588,39849,24564,26052,43578,39856,45402,86847,77146,64173,6920,1072,4290,5480,473,49
LongAn,30-01-2016,868510,54461,30764,31401,45943,49952,71924,08448,85691,15283,78372,35550,4373,3460,5489,2776,071,13
LongAn,23-01-2016,604800,74759,37956,40927,89567,37123,63321,61421,62770,21000,81067,04904,2694,7180,8490,6171,060,97
LongAn,16-01-2016,705522,00063,71065,71087,34002,68613,06487,15177,51977,34007,23558,67772,3319,7785,0536,4055,639,63
LongAn,09-01-2016,164549,98723,30177,50740,84011,40554,16636,79442,77080,24293,36188,39623,6723,9607,6092,0362,782,74
LongAn,02-01-2016,363188,48396,63205,88789,79546,28751,07676,71215,85476,23476,16724,23014,1838,3911,1624,8687,885,31
LongAn,26-12-2015,756160,09603,23052,90821,51619,03553,07804,07201,35224,92743,54999,02125,0316,6851,6479,7077,062,84
LongAn,19-12-2015,160367,59315,83251,44579,70777,49210,83814,70761,52038,74841,29554,67412,2562,9938,4989,0672,048,49
LongAn,12-12-2015,839593,32170,28306,27765,74425,77198,17445,41732,79064,04335,33193,87354,9453,7707,6544,4633,902,06
LongAn,05-12-2015,837267,99585,44168,86630,22734,41975,03914,55477,31504,09375,54867,56022,7746,1675,8116,7032,265,82
LongAn,28-11-2015,178286,69194,71754,24667,20147,90582,65741,59124,03007,15492,79728,23530,5574,8906,2581,1420,735,12
LongAn,21-11-2015,601645,82081,60093,00488,53603,58496,44254,67148,17352,07424,78077,99873,3568,1190,2926,1776,908,03
LongAn,14-11-2015,927005,33721,40139,33103,11058,25486,64687,95556,38617,27197,44346,44025,6914,2657,0673,0448,973,84
LongAn,07-11-2015,733806,89298,41628,08083,51727,89895,60552,44803,33766,07774,14266,48493,0232,3847,8332,4736,741,03
LongAn,31-10-2015,942943,27497,78634,55375,93133,90816,07484,32134,83959,89451,01602,30779,3269,8139,0039,5964,635,82
LongAn,24-10-2015,739837,36171,10457,77733,62365,24331,16463,11450,85448,64127,39875,24858,8833,0409,7633,6773,424,72
LongAn,17-10-2015,262189,67623,66429,57020,39019,38661,47044,00096,47142,78733,44057,31788,0458,1873,2104,1680,659,80
LongAn,10-10-2015,122568,63403,93726,74396,00108,22636,06831,40788,40561,76022,10651,91266,7131,0238,8805,9830,361,37
LongAn,03-10-2015,043125,03317,91200,92407,44518,77610,83869,07733,75810,18749,68429,11130,0294,4096,4792,1237,993,24
LongAn,26-09-2015,157082,49352,07291,50362,56855,89194,66155,41314,79482,06930,37671,46151,0755,2853,3269,5678,703,33
LongAn,19-09-2015,297566,34387,34726,40348,29808,37849,24364,05747,68754,76559,04608,28278,2202,4224,6788,0624,021,48
LongAn,12-09-2015,078675,77421,64760,42812,40290,14401,90897,68765,94227,16150,54360,80755,0211,2463,6968,7841,936,51
LongAn,05-09-2015,182063,66834,25419,47593,35644,24634,51496,13874,87687,23679,48853,25287,0748,3388,2309,2780,797,25
LongAn,29-08-2015,074410,65009,50483,90107,41342,68516,76248,23851,03069,42773,24903,55099,9751,6635,3466,4362,152,13
LongAn,22-08-2015,723345,21675,69923,39891,62776,35007,72951,69440,88776,31489,85974,62837,4005,5821,2090,6491,563,41
LongAn,15-08-2015,028971,15064,96804,65500,01174,98708,24997,14961,74782,65234,09838,50318,3773,8967,5640,4236,583,45
LongAn,08-08-2015,516755,98726,06023,33473,22443,73075,62900,30054,30774,36227,02771,07835,8286,1112,3766,9754,947,78
LongAn,01-08-2015,468698,37597,10645,15782,79660,43706,12932,05598,42341,36470,37913,54789,2482,5436,5726,4098,676,90
LongAn,25-07-2015,943238,45643,55182,96254,37404,57302,43174,49758,93165,02926,57421,86338,4390,1313,0188,7921,631,34
LongAn,18-07-2015,861923,18509,85059,59386,71266,39664,96001,73460,22488,57608,73930,48677,6379,9497,9008,9686,794,13
LongAn,11-07-2015,865183,83625,23722,64191,34862,62253,73064,97575,19412,91223,77164,90562,7415,9037,8119,6644,430,74
LongAn,04-07-2015,823121,58585,08145,81170,39170,27697,87694,15868,50437,56650,54556,25223,4411,6779,7630,6648,252,55
LongAn,27-06-2015,173846,48923,53518,57859,06640,95578,74481,45491,00546,32045,73527,14805,1845,1287,2813,8410,711,68
LongAn,20-06-2015,030308,28674,27800,09451,42940,47478,65968,45332,08972,24442,51693,77329,6124,5687,5743,3716,305,60
LongAn,13-06-2015,965431,79346,86944,10179,68349,98396,62042,39341,58046,69441,35212,00964,1634,9954,4099,8634,485,06
LongAn,06-06-2015,103537,90308,41917,96058,77286,46276,39496,95847,97040,60358,52669,83480,7976,8300,9446,6647,432,67
LongAn,30-05-2015,580945,59810,52456,06564,80873,66947,56341,96944,56480,47483,09475,78181,8727,5181,1722,6370,567,74
LongAn,23-05-2015,964420,00917,43270,05721,77451,83998,31747,86859,74914,34496,54119,58211,4132,2300,5853,0704,266,46
LongAn,16-05-2015,804406,41346,17565,90175,49883,77743,18861,44396,43772,86996,82908,55464,1675,1473,5470,1401,166,87
LongAn,09-05-2015,296880,66943,22064,90866,52450,19429,17439,52783,78686,72662,81543,12236,8416,7254,2411,7227,997,56
LongAn,02-05-2015,859824,56403,33062,02446,59788,05675,87974,71961,42990,66534,15316,07139,6079,9932,9779,5407,078,26
LongAn,25-04-2015,540250,11998,49518,92754,91746,88256,86853,66276,99040,89546,37905,95534,2841,0203,7840,8694,974,16
LongAn,18-04-2015,214127,38665,42442,32442,91717,89249,14335,63307,67767,58359,71010,00333,1136,8415,6725,2865,770,76
LongAn,11-04-2015,033291,72401,67717,69682,40243,87190,55939,39984,99863,64376,93064,95041,2463,0920,3683,6437,718,94
LongAn,04-04-2015,801975,73046,19063,17390,02337,74129,34409,64834,29481,68595,67604,36665,0679,8179,3157,4492,545,14
LongAn,28-03-2015,862216,93594,08675,26620,77027,45268,96488,17520,12082,61234,21774,80173,1250,7952,5264,4437,778,48
LongAn,21-03-2015,763358,09643,81361,16991,70469,76838,80948,89132,96231,03474,42619,93267,6961,3676,6653,2754,679,99
LongAn,14-03-2015,339543,37957,41323,59456,20677,90270,02408,75975,73739,63413,61827,75598,4083,4508,7616,6257,813,74
LongAn,07-03-2015,488586,21972,62779,89999,97725,47228,09726,97624,33517,41567,76606,28826,4498,8989,4840,6198,300,52
LongAn,28-02-2015,785261,13127,58561,91721,64628,76272,09840,36067,02708,71771,89130,71548,7966,3229,0969,0494,454,66
LongAn,21-02-2015,686806,02331,94643,18553,66746,08090,94820,15515,26083,22784,37963,86445,1997,4699,7743,4167,313,59
LongAn,14-02-2015,879898,14049,11624,21034,83523,27117,46455,26494,33897,92834,03475,09172,2117,2842,2490,9448,695,33
LongAn,07-02-2015,904301,00565,47539,72318,30933,04737,71585,31440,83956,40759,09324,02862,1632,7103,1616,9707,791,62
LongAn,31-01-2015,891031,75249,52900,88820,85692,31037,60584,22183,48147,86576,42511,03083,9051,8883,7090,6164,175,96
LongAn,24-01-2015,378186,35768,88958,52410,72786,99027,73570,69957,93970,86137,94595,62236,8796,8648,5248,3624,481,75
LongAn,17-01-2015,820164,68963,72726,69535,12653,12984,38370,41158,80761,92043,38493,13740,0545,2709,2769,5068,340,87
LongAn,10-01-2015,276764,35754,69143,01111,08507,43369,41641,56154,83164,15740,50960,17873,4342,0385,4462,1076,668,43
LongAn,03-01-2015,786137,87841,81418,27894,40211,63568,08876,86805,83275,57813,17446,92534,5567,3670,0926,1976,517,60
LongAn,27-12-2014,546402,64768,70946,44827,41252,87808,41173,63520,98243,21544,44711,17059,6747,7943,1466,9360,916,10
LongAn,20-12-2014,341361,47490,69379,30933,94492,16157,35760,86587,55349,41638,50942,11939,5696,6334,6763,0421,357,83
LongAn,13-12-2014,491297,26731,64511,28821,36799,81307,06222,13199,41068,61930,71676,38610,0261,6040,3645,3465,160,83
LongAn,06-12-2014,606036,33661,73412,90666,27230,43813,84004,20129,79637,02305,06868,07498,6347,5296,0337,3452,689,30
LongAn,29-11-2014,536193,86305,24577,91557,29080,77042,62176,47796,83844,39994,49924,72976,4188,9332,4566,3671,512,54
LongAn,22-11-2014,688744,19843,78463,51921,70917,53677,71001,20355,89315,78778,29746,69167,1575,3208,6550,5610,865,61
LongAn,15-11-2014,268634,12846,87124,56480,11961,36916,39111,63220,46803,56113,92207,68691,3176,2256,9848,1742,285,55
LongAn,08-11-2014,579681,92573,40796,11838,28130,72144,93468,56418,61444,62699,04179,77718,8466,3663,4837,4844,774,28
LongAn,01-11-2014,725046,09976,95229,14144,16103,10544,47480,95554,38321,02216,45911,08230,2379,3764,0614,8979,592,53
LongAn,25-10-2014,266008,15984,81613,01941,38513,48448,40065,26824,89174,47538,54292,44436,0248,7035,4693,8872,915,12
LongAn,18-10-2014,540557,57410,76099,14301,77069,21219,02025,80012,36042,73429,42873,75393,7242,6138,3774,6089,390,61
LongAn,11-10-2014,344717,48265,40798,15104,38095,80788,38175,04577,12738,44702,79842,07591,6702,1045,6047,5875,347,86
LongAn,04-10-2014,724086,89288,98793,81014,74788,30629,50347,13549,99207,75677,06559,78877,6925,1109,7593,3563,487,34
LongAn,27-09-2014,701777,06335,95041,68397,67773,25155,20420,62802,32794,84824,65001,82285,5612,8224,4517,7598,485,40
LongAn,20-09-2014,112438,33576,14205,29381,87015,21503,58868,97381,33068,17787,14280,41859,2059,5356,7391,4949,858,55
LongAn,13-09-2014,359345,33930,93235,17942,92269,36596,76457,90429,60391,78578,44391,66707,1601,2793,7416,1020,244,27
LongAn,06-09-2014,292308,43553,31974,13278,26277,91252,16657,55636,82891,09018,52263,02324,9577,8881,3700,1706,060,51
LongAn,30-08-2014,767724,86476,70026,38119,81875,14895,37078,54781,24312,37350,86592,51626,8536,0053,7745,7364,475,71
LongAn,23-08-2014,186768,09755,66866,06651,90024,12958,26782,17891,08927,00391,83631,51141,5083,1339,1690,0645,075,57
LongAn,16-08-2014,591665,46176,60397,87685,89639,19607,15903,46952,95054,70280,14557,70468,5718,0817,9036,0197,709,59
LongAn,09-08-2014,865974,31272,10114,37748,12749,23701,44981,05987,60214,58288,33287,92842,4073,1745,5735,2052,299,74
LongAn,02-08-2014,392732,26373,96944,99992,45703,41552,56944,43016,86570,23845,76643,05235,4599,6230,3596,5928,080,06
LongAn,26-07-2014,208019,34369,85341,08898,32891,54876,86139,73571,48735,98061,58197,59632,3351,6836,2763,6319,059,83
LongAn,19-07-2014,557146,60856,96537,89791,85108,84090,65228,46277,66297,01192,97773,34560,9375,5206,1799,2561,817,72
LongAn,12-07-2014,389009,46690,92766,92451,31685,13211,04583,91321,03457,11259,30055,64502,0891,6706,5518,3467,871,59
LongAn,05-07-2014,286746,55665,46467,72696,13463,19891,98301,16071,68963,49553,72272,48053,0614,9171,9082,9248,917,87
LongAn,28-06-2014,741841,18507,54888,65371,14206,90988,27744,74272,59796,53768,65134,49294,8041,1893,3602,3807,512,23
LongAn,21-06-2014,920428,36083,40740,35564,19481,06227,75083,75447,80962,41983,44420,22897,7309,5992,3797,8393,057,09
LongAn,14-06-2014,087754,82457,60098,88360,89818,28354,21434,13906,91747,33739,12183,94606,5988,0599,6113,2888,166,04
LongAn,07-06-2014,553299,19050,25907,88040,63391,34172,71148,10357,17495,71231,74209,34925,2783,9374,5348,2786,385,79
LongAn,31-05-2014,582916,66456,32050,31366,42546,53518,14995,64165,52036,37323,18300,76044,1433,1847,5338,9164,461,81
LongAn,24-05-2014,313213,50828,01423,22142,60414,13373,75000,14474,22574,11383,92509,04259,4897,3614,8867,7360,703,57
LongAn,17-05-2014,733081,23140,60221,87034,53620,85564,86224,17868,54067,39364,90044,86828,6278,4205,6738,4302,876,27
LongAn,10-05-2014,421423,69609,84869,10949,47457,24163,91826,41098,52946,42315,15500,18024,3584,8649,1069,7331,478,13
LongAn,03-05-2014,943203,98430,80597,38993,68052,25542,61093,99930,68712,02053,63941,23375,9206,2773,9218,9344,787,88
LongAn,26-04-2014,377259,14703,97010,67636,52431,36584,24499,81129,48270,69132,76193,27262,3875,2590,1558,0114,146,49
LongAn,19-04-2014,338636,24021,30136,14064,78263,56664,64264,73780,98320,80909,07371,24032,6866,2800,8549,5020,145,00
LongAn,12-04-2014,036110,12658,52924,79829,40410,05459,66377,40616,86009,25531,02272,01815,5667,5557,8547,5883,510,83
LongAn,05-04-2014,062616,46043,17696,30557,22288,45244,22255,05326,54877,71726,62459,60855,5519,2637,2316,7844,287,94
LongAn,29-03-2014,639900,90293,28749,20140,81566,13764,29326,16171,80361,45948,71441,81740,4589,2319,7405,1479,599,48
LongAn,22-03-2014,134508,14098,91062,88383,31006,64723,86843,04992,16024,42604,99661,60404,8445,8100,8828,4486,571,19
LongAn,15-03-2014,491950,28120,78583,77457,38626,72768,93994,33270,56243,86109,93996,33269,8156,8878,9528,1893,309,84
LongAn,08-03-2014,452066,66126,20200,55034,01943,74677,93156,14227,79012,09357,62738,68958,4156,6024,3715,4410,558,53
LongAn,01-03-2014,377151,93980,30228,82658,81580,45715,97242,87703,99105,48401,10841,31838,9471,0825,7460,2726,982,82
LongAn,22-02-2014,490017,15042,30822,58487,54972,46481,22215,02293,99466,52449,15021,14478,3392,9741,8246,4147,044,06
LongAn,15-02-2014,507592,68535,35020,12179,73892,29365,70155,22448,65201,65994,18076,38778,8346,9206,6421,1134,914,45
LongAn,08-02-2014,799705,29931,92347,43756,34407,46573,74202,32826,97454,06031,15817,11835,8052,2107,7076,0660,002,79
LongAn,01-02-2014,590429,66633,67705,53987,05915,36245,99899,13909,62965,94484,47635,63149,7820,3874,7723,7895,826,08
LongAn,25-01-2014,974696,74855,75429,36023,01000,32956,51382,36662,71550,98710,67553,84617,8396,6629,0467,9593,092,15
LongAn,18-01-2014,165748,80691,84178,14886,40936,28925,01095,28796,55066,79796,29060,54184,3210,5354,5602,5864,961,26
LongAn,11-01-2014,180260,37462,98160,77165,77470,40789,20148,48263,07150,90118,96518,75111,6359,0418,4330,5929,621,24
LongAn,04-01-2014,734253,70681,03676,90496,27400,53042,04184,25391,29928,50919,04245,80430,9471,9346,4299,5059,368,14
LongAn,28-12-2013,002469,93437,37027,05424,81714,93347,74339,33427,83577,16977,24256,68184,6497,0972,6626,5660,542,52
LongAn,21-12-2013,057507,42580,99708,41016,92569,93366,88382,73884,69503,69062,59827,63637,0996,4128,3133,0106,384,35
LongAn,14-12-2013,442498,58663,69902,13596,65579,19394,89537,13795,17470,94340,94012,46890,5782,5058,1965,0214,559,91
LongAn,07-12-2013,380441,48370,74718,26141,78121,68212,06300,84671,86999,78696,23186,67289,6029,9809,6089,8795,336,16
LongAn,30-11-2013,549085,07564,28863,15822,17949,10256,18527,20299,75448,49906,63901,60994,6804,7514,3986,5592,107,11
LongAn,23-11-2013,384234,41847,75765,60008,41643,80421,47833,61518,31122,36385,35305,06787,9503,4195,8473,6329,391,57
LongAn,16-11-2013,771643,14332,97594,70335,55097,21556,76825,03070,48798,87338,85255,46337,1651,6503,5623,7566,631,11
LongAn,09-11-2013,015841,52239,65953,79984,36506,56707,46974,66009,14080,30333,40072,29724,4598,4616,5354,7528,662,03
LongAn,02-11-2013,954737,35038,70010,87545,67036,56366,04490,14069,88676,08084,93930,40239,4549,9825,1637,7418,222,22
LongAn,26-10-2013,900603,08084,00378,40455,01932,79449,00283,52510,09117,88379,44499,36261,6504,9419,6614,3746,036,39
LongAn,19-10-2013,101185,99407,87034,36622,42638,59667,21645,21792,40232,87826,21215,86341,7724,6786,4443,8270,391,45
LongAn,12-10-2013,569417,80304,69472,31922,26755,49177,89650,74133,44064,78887,90348,70322,2971,4530,9283,2915,703,64
LongAn,05-10-2013,946678,65733,19800,23057,56088,54108,17762,54672,44082,50333,64255,43591,6835,3175,6481,2861,226,63
LongAn,28-09-2013,192112,94059,49655,71390,30954,48577,35392,99279,17334,75477,30636,93240,4032,1453,3360,4205,707,70
LongAn,21-09-2013,532823,93126,63402,91478,72613,02956,59155,33982,10870,11685,06588,87691,5707,3486,4162,9884,611,74
LongAn,14-09-2013,762827,12731,18733,01185,30861,50671,20621,00683,48230,12162,76173,31840,4665,3780,3986,3973,992,25
LongAn,07-09-2013,405484,69049,94982,90161,28330,89801,66781,75781,33792,92734,30285,25770,9514,6960,6283,9273,062,82
LongAn,31-08-2013,027443,59232,72595,30854,17571,25064,67410,78285,30048,37346,45505,13834,2071,3349,4346,5257,863,15
LongAn,24-08-2013,376397,87491,86671,21276,63231,48577,10173,09573,21441,25911,35860,72365,4833,9603,9257,0129,503,02
LongAn,17-08-2013,532611,48929,92914,74073,30618,83292,32052,14047,66742,99212,79306,17488,0073,4500,7446,7417,791,53
LongAn,10-08-2013,763632,39533,95563,55345,30531,71777,59148,86718,71601,64192,56000,97471,9620,4766,6530,0205,281,42
LongAn,03-08-2013,852923,57791,73721,11974,59201,25403,59949,01359,27896,79634,90196,07374,3520,4283,6506,3018,184,89
LongAn,27-07-2013,277516,93674,15863,16132,21967,41096,24752,68221,56166,42241,38229,52216,4028,4475,9640,4776,940,10
LongAn,20-07-2013,772883,39787,29894,71418,85003,46035,70403,63170,39063,59252,68769,66799,5525,3336,5427,2598,726,96
LongAn,13-07-2013,358425,09760,48148,20243,48215,21106,49496,18314,02270,33364,44663,08812,1920,8280,1613,5347,737,49
LongAn,06-07-2013,889802,04365,81301,32727,37833,26149,54286,52023,61930,05814,02464,86789,9524,0776,0140,9240,726,52
LongAn,29-06-2013,333437,43538,89805,16614,64246,51343,14457,43054,80653,40767,78352,75610,7599,2268,6787,9751,260,69
LongAn,22-06-2013,742978,64499,74578,73890,14269,51227,61491,85867,10103,70255,48938,28067,0106,5525,8948,0737,759,11
LongAn,15-06-2013,898369,22413,52655,10836,23280,79133,43639,11260,62303,71845,56873,70641,7940,9423,3900,6080,819,01
LongAn,08-06-2013,916558,33365,20768,06559,91523,40215,38161,44122,85892,03872,65698,52903,9518,8048,0205,6420,897,08
LongAn,01-06-2013,863391,70666,23330,78834,23337,37910,70369,88375,17118,72111,22230,35171,9794,9093,7755,3253,258,72
LongAn,25-05-2013,981478,17853,88660,79596,46195,49101,59096,67304,07921,46400,55655,69274,1388,7696,8436,0092,639,18
LongAn,18-05-2013,610900,19811,75862,69981,42224,46322,75603,31484,95742,05515,88113,20118,4246,2567,3911,8133,243,28
LongAn,11-05-2013,877445,77540,54461,77580,47455,40637,80420,93983,78964,06579,16895,29772,6694,1366,8623,0652,902,54
LongAn,04-05-2013,440370,69180,50329,24964,53592,43608,99441,10214,42796,29938,11839,63933,8703,8120,6554,2625,258,00
LongAn,27-04-2013,717253,70365,07498,77993,59451,31643,07489,64673,47382,96934,10563,02664,4938,2092,8927,6409,199,21
LongAn,20-04-2013,370492,15092,03862,74091,85946,88794,56145,27060,05628,74149,39270,81127,0111,9834,2864,6542,682,60
LongAn,13-04-2013,255143,72397,88936,56255,64515,53432,00330,14715,39934,24940,71179,52179,1317,9324,1376,7725,653,14
LongAn,06-04-2013,143962,26791,68421,29434,67484,57334,43054,57875,28403,80021,33518,22910,9012,8718,9189,1001,922,68
LongAn,30-03-2013,160436,35917,26401,88990,25187,99671,14907,38537,16238,12666,22220,84225,6188,2069,4374,9798,926,72
LongAn,23-03-2013,386296,69588,65983,55025,46101,91074,18774,08398,06029,46466,78388,21025,7346,9520,2053,3730,472,51
LongAn,16-03-2013,709207,79814,60684,25133,68764,51121,07525,18433,94393,79138,26453,09953,8504,3034,9885,4202,772,07
LongAn,09-03-2013,693886,96006,20444,93202,93711,76970,07802,80845,01391,53840,95249,23322,8638,9905,9501,8887,331,03
LongAn,02-03-2013,442349,49491,25177,12063,72122,29599,42768,04686,43957,92120,68995,96279,3681,4172,2055,0196,409,67
LongAn,23-02-2013,197215,35619,86010,55388,94976,32899,01221,01697,97968,45203,54250,12525,7503,6220,5575,7313,358,20
LongAn,16-02-2013,400996,65176,26520,63397,59263,72423,16704,43197,25635,65414,08050,25760,8620,8463,9597,3942,064,29
LongAn,09-02-2013,621934,26236,72840,47566,44105,17561,58165,84670,39783,27429,78872,38892,1811,6826,9844,9170,690,36
LongAn,02-02-2013,772966,73035,59812,68364,71144,22734,59740,08364,17326,88477,32395,15875,2750,3404,9202,9007,456,96
LongAn,26-01-2013,307559,04686,81159,00449,12649,53994,55445,38772,19225,41024,07164,57284,8179,0620,6993,1376,400,07
LongAn,19-01-2013,237809,46358,88608,95368,39856,93507,69336,39619,10132,29956,04956,10279,1948,4577,3370,0379,132,77
LongAn,12-01-2013,791027,37978,83813,07705,74222,33760,71950,86626,19846,56463,31376,76926,3250,9520,1941,1821,158,22
LongAn,05-01-2013,056845,48833,87272,94122,28969,48485,05118,94759,42032,39176,04390,98456,4582,2009,3166,7399,401,18
LongAn,29-12-2012,262815,33690,54788,75408,83773,04787,88641,11170,52296,30912,27246,31964,9179,1669,4835,4959,811,78
LongAn,22-12-2012,687621,00911,51974,66099,99746,31156,23370,88986,65459,37301,45347,69153,2326,8016,7682,2922,370,63
LongAn,15-12-2012,880518,91343,98338,32692,09331,98342,95307,28726,49233,58741,56011,43119,0694,6412,8130,3232,226,54
LongAn,08-12-2012,467075,41922,95060,83481,87096,78021,55854,74706,55512,59049,22466,81107,8722,9644,0531,3227,252,62
LongAn,01-12-2012,863644,61394,82181,19591,27476,46618,34880,02013,83321,06910,97641,46987,7756,2400,3572,6164,461,63
LongAn,24-11-2012,721032,75194,10338,13817,43694,01987,25296,59450,41441,37994,56703,46183,2320,0508,1846,0817,510,34
LongAn,17-11-2012,968301,27478,11428,89438,11824,15737,53829,13027,72617,14245,27676,99989,4803,5177,4451,1304,236,78
LongAn,10-11-2012,293024,89177,38470,03964,19906,91777,63753,80326,69462,73632,25191,20744,5883,2460,0406,3053,382,86
LongAn,03-11-2012,685149,42570,75447,47049,14360,04719,30139,86277,16011,72729,11391,95391,9775,5865,1793,4845,340,85
LongAn,27-10-2012,348694,59349,28192,36222,60147,04779,75390,64011,68337,29490,80586,12686,1192,2538,2282,5750,757,12
LongAn,20-10-2012,113359,04915,80113,31381,62786,04965,19610,43677,66288,56580,13463,56780,1394,3723,1543,9740,307,26
LongAn,13-10-2012,497801,45027,29248,11386,59948,66194,64087,59845,48733,29588,39589,49780,6999,4740,6299,3971,681,12
LongAn,06-10-2012,061517,87330,36271,44573,36941,12269,92271,71732,32724,99782,72519,18326,5919,1198,4119,6998,826,98
LongAn,29-09-2012,333350,78978,25178,07629,55533,83001,06698,78108,68837,30932,73992,88742,3104,3189,6259,1796,078,11
LongAn,22-09-2012,546720,23003,06818,48890,82113,38563,10359,91627,51467,97677,07775,59961,1939,5535,9290,4025,768,46
LongAn,15-09-2012,598999,78208,97420,65553,83010,73927,67953,21516,73269,46527,50796,81414,5037,8442,4187,6432,234,48
LongAn,08-09-2012,079570,03275,18836,34330,96239,56507,66648,80785,72695,97864,59832,79033,8931,8591,9905,0691,068,86
LongAn,01-09-2012,689757,57880,06228,03225,11949,41215,72550,87731,13177,05066,67852,00434,0352,8436,1819,6159,745,36
LongAn,25-08-2012,255550,31776,80175,93448,99151,31105,33023,36258,60199,88302,73756,70025,1521,1898,7606,5797,582,67
LongAn,18-08-2012,064814,07089,91988,93632,41470,09249,09232,59709,51437,15175,20007,91158,7179,8528,0223,9687,894,70
LongAn,11-08-2012,942711,85865,19739,78156,26090,68146,63478,64803,42656,93887,73288,71554,1780,6828,5032,5050,173,07
LongAn,05-08-2012,753180,25324,67700,23476,98052,16616,76364,62719,96822,75257,80976,26016,0141,8100,7508,7303,444,62
LongAn,04-08-2012,753180,25324,67700,23476,98052,16616,76364,62719,96822,75257,80976,26016,0141,8100,7508,7303,444,62
LongAn,28-07-2012,315056,65692,54864,66012,92938,91281,87797,41080,85759,88607,30942,42145,3965,4910,2474,8194,950,09
LongAn,21-07-2012,455828,37369,22010,24168,15946,20073,90775,15706,60165,38792,33414,17924,4633,0396,2029,2507,716,90
LongAn,14-07-2012,491752,83653,21270,83661,04277,63698,21850,94324,52227,42013,03800,98963,7147,9626,1520,0661,280,34
LongAn,07-07-2012,266227,79405,31962,66437,89787,39863,16222,16156,37293,54960,23888,02180,0403,0493,4691,0078,638,98
LongAn,30-06-2012,585640,33999,64514,69863,75316,79099,81859,88061,96006,98657,87274,21785,4380,1338,9515,8228,466,30
LongAn,23-06-2012,472257,48798,80963,77495,19433,68143,85673,19546,27599,39488,46468,58218,8062,1172,8384,2961,732,61
LongAn,16-06-2012,966120,99586,24912,46659,08064,56535,25970,40176,12498,52673,53527,47106,6491,4579,4942,3029,584,23
LongAn,09-06-2012,639817,79567,34436,54229,56899,98801,53291,94805,71031,64352,74135,21359,5412,7885,1857,9345,409,68
LongAn,02-06-2012,731701,21801,62334,42689,85962,86905,47818,69206,98482,16249,75324,21486,3128,3629,3750,1855,283,09
LongAn,26-05-2012,505418,21532,76952,37673,98174,30808,04774,47084,98571,00276,19877,67271,3055,0551,8781,8443,340,03
LongAn,19-05-2012,968034,59927,03526,33942,70583,38028,52554,30167,33360,49711,61916,81764,2437,7093,9986,9427,609,87
LongAn,12-05-2012,347115,70485,51189,49695,32831,86992,68609,12333,02545,13967,66649,04705,3707,5091,9937,4086,542,48
LongAn,05-05-2012,842015,69797,39564,48727,59626,72146,80315,39475,52698,72010,41307,45748,4885,1970,5443,9480,718,35
LongAn,28-04-2012,497824,70346,18785,55138,20189,03138,57004,53510,17045,26096,50467,74374,8557,2369,2038,0757,619,41
LongAn,21-04-2012,630004,05852,35470,09596,01800,52034,35551,95292,25056,45811,00783,73989,0900,6768,2527,5905,812,68
LongAn,14-04-2012,875443,19002,49014,63914,87986,30742,56333,67195,67385,87733,88155,65125,9078,1192,8299,8483,931,91
LongAn,07-04-2012,080577,04801,18147,27069,01318,63959,96455,25870,13650,04115,73556,61085,2886,6592,6744,9407,246,80
LongAn,31-03-2012,332999,03755,39041,36142,16612,09684,28365,84306,50686,85234,56184,31539,2827,1782,1785,8787,625,51
LongAn,24-03-2012,845571,72800,05205,79292,49127,27420,05995,09684,17906,43107,25840,26988,2762,0653,3426,2196,051,39
LongAn,17-03-2012,473130,15105,28783,94642,87012,82987,49223,07577,06133,73937,77723,67183,9167,0027,2968,5616,890,28
LongAn,10-03-2012,676600,57935,92199,72597,66461,75940,61596,06886,68787,89867,70792,92947,2531,1333,9566,3830,782,78
LongAn,03-03-2012,985863,39000,47569,08067,06130,80487,18278,08887,13945,54937,91777,67454,9255,3167,6579,8714,442,84
LongAn,25-02-2012,963124,21688,38967,61457,33996,90750,40899,63293,76445,80025,54356,30516,7500,2154,3309,3675,807,41
LongAn,21-02-2012,692269,33329,99131,25262,86563,69257,14311,24071,73700,06205,98883,42951,6572,0097,1184,1935,831,49
LongAn,18-02-2012,692269,33329,99131,25262,86563,69257,14311,24071,73700,06205,98883,42951,6572,0097,1184,1935,831,49
LongAn,11-02-2012,846149,27835,56507,86174,67705,03515,42491,26497,72106,85919,60524,93042,0711,3228,1326,5667,592,71
LongAn,04-02-2012,549864,72671,91297,69083,23534,16255,46399,49165,15913,87668,11708,65819,0138,5301,7128,9409,985,03
LongAn,28-01-2012,682098,30920,11809,34393,59012,38960,56360,14666,96217,14745,37361,56980,9002,9447,9245,7066,701,73
LongAn,21-01-2012,524967,65879,55012,43683,86732,76672,36524,19941,35597,76926,52419,55855,0567,9320,8055,5446,009,83
LongAn,14-01-2012,948638,28813,81942,90624,88420,23580,34073,00634,84380,37924,19632,74373,1092,7881,2334,6682,119,64
LongAn,07-01-2012,050779,93732,23517,68930,24174,45105,07058,90428,99866,74342,29491,63976,2596,4338,7956,9408,765,91
LongAn,31-12-2011,780693,81561,02277,07636,76386,13864,42055,32836,79531,17024,78300,82280,2327,1121,9015,3496,868,41
LongAn,24-12-2011,852339,94031,62065,09429,22581,25625,20580,93523,20358,87624,75533,41891,6622,7808,1607,4681,049,11
LongAn,17-12-2011,482971,85242,94188,52240,97141,45636,44691,90973,24130,33495,99235,73034,0778,7388,2352,0495,859,97
LongAn,10-12-2011,924158,92350,77087,17099,17969,01229,61194,63706,13191,48606,18627,42074,3279,9174,8879,7563,063,74
LongAn,03-12-2011,172432,82023,13792,36879,16995,41060,19299,81129,16666,75344,86705,10428,7894,2703,0231,9835,916,22
LongAn,26-11-2011,608874,37728,24408,02814,81243,00586,79976,54006,62836,10972,60495,48497,2649,8426,1139,6588,617,90
LongAn,19-11-2011,062955,25853,28702,67032,88028,28275,21792,91446,65140,54063,35711,96029,1182,7227,2165,6802,046,29
LongAn,12-11-2011,714620,35811,91610,97119,53128,17270,51105,15702,38855,38941,41269,23101,6110,9519,3534,3074,967,88
LongAn,05-11-2011,058501,03033,73991,78466,38254,01180,61233,25445,28487,60221,09362,70567,3141,3430,5452,3462,140,50
LongAn,29-10-2011,631983,03114,87924,08014,15887,22564,09755,16583,20851,87884,29191,13512,3197,0003,6513,5609,891,47
LongAn,22-10-2011,311880,85089,78107,05412,38624,63537,70056,67448,81840,50584,25097,18529,8114,4719,6168,6501,304,78
LongAn,15-10-2011,070785,05296,22446,27132,39564,55558,86315,20152,29284,97002,60187,03676,0132,9442,1547,1194,103,33
LongAn,08-10-2011,364849,60134,85898,10286,90407,64434,57285,50803,32338,44118,96029,08731,0850,0298,3382,3377,731,05
LongAn,01-10-2011,327993,63159,37923,10616,91347,80986,65304,74487,61225,35538,88426,92985,1219,2049,1877,0943,690,76
LongAn,24-09-2011,943397,22081,50956,79514,65879,01745,36152,05998,41770,33661,43922,08526,0997,0646,3562,1108,978,27
LongAn,17-09-2011,685684,32637,51219,02898,55762,64774,12169,95532,23200,73274,99717,73611,4800,0007,7361,7349,835,45
LongAn,10-09-2011,509075,22578,24411,61652,02165,54581,65497,08954,94397,03334,92095,56947,4578,4140,0197,7325,015,87
LongAn,03-09-2011,157595,06782,88587,70021,13428,64633,28483,82993,11803,06602,45292,97001,4977,1783,9221,1142,685,42
LongAn,27-08-2011,914302,78665,07471,61217,73118,46081,14675,46908,46389,46654,13431,85170,0044,1157,2045,1605,908,55
LongAn,20-08-2011,222145,11927,76174,72732,20600,62712,46560,26969,74521,67310,41986,71782,8988,2565,5862,9636,996,04
LongAn,13-08-2011,824464,59848,47371,82824,33495,57564,77487,96058,76147,70278,59188,86679,9930,3860,6923,6215,478,99
LongAn,06-08-2011,962008,91606,15919,63647,74644,50303,10742,92105,92796,26963,04104,16793,9354,2669,2712,4464,960,83
LongAn,30-07-2011,601505,87825,26259,86241,37974,02233,53548,71345,75856,36504,21806,91550,8787,1357,9126,5929,932,33
LongAn,23-07-2011,495663,15918,93307,16442,78086,65825,98270,10900,15141,61822,37204,44913,6352,0519,2467,6880,007,43
LongAn,16-07-2011,842924,09540,16246,76598,37446,54123,08559,57656,09816,19935,62471,63335,7849,2764,9957,0236,508,05
LongAn,09-07-2011,333027,15094,25090,92740,70292,74420,49315,18552,53332,61301,79145,66616,3267,5633,0603,1254,704,76
LongAn,02-07-2011,662140,19845,68186,49430,59109,04033,10743,88716,88058,11280,17012,11606,8576,3584,8162,7227,528,20
LongAn,25-06-2011,624370,85348,98167,13006,76790,39230,88815,97030,98994,54874,15850,41184,5092,5542,4827,7901,449,41
LongAn,18-06-2011,278275,54258,20135,73162,66680,24679,90102,19151,17139,30992,26679,92019,1348,7185,0492,5674,049,30
LongAn,11-06-2011,427302,58273,77356,37858,72783,72507,53629,58634,45543,20277,63454,51193,5490,1863,0308,1402,623,62
LongAn,04-06-2011,278641,73128,59229,44764,23728,52475,51741,93634,29141,84959,81165,47791,4738,8917,1883,2578,550,02
LongAn,28-05-2011,612183,26220,29446,25257,64961,58437,64457,94454,13403,58591,07682,92102,1797,8331,4072,9536,498,96
LongAn,21-05-2011,981983,79877,89135,62985,16443,75315,35774,96381,85663,74621,03413,31171,7245,7361,7104,2258,958,68
LongAn,14-05-2011,974656,91389,87416,01031,63254,56059,05232,83597,09398,55963,04506,25839,2628,4984,8848,9314,023,27
LongAn,07-05-2011,206327,03553,65911,01786,69761,35777,69755,55671,40898,40112,07493,47894,7690,7332,3598,2634,309,73
LongAn,30-04-2011,968228,54724,92904,76976,31874,46280,29943,54487,29356,96712,14329,56674,1759,0957,8737,9287,458,99
LongAn,23-04-2011,084012,55451,29566,31742,76023,12876,61138,48865,30717,85642,70386,13576,1108,9012,4383,5799,578,31
LongAn,16-04-2011,700590,66398,76394,65605,08182,63165,32027,23522,49517,22722,47111,67829,7206,4399,9500,2770,576,35
LongAn,09-04-2011,725785,54534,19706,10344,56415,61951,16771,90835,02740,05072,93990,61185,5335,5692,6591,2408,839,74
LongAn,02-04-2011,040603,88490,80576,80506,56171,73194,01669,29449,53925,19775,28982,82684,2590,6031,4854,2409,134,12
LongAn,26-03-2011,005421,55958,95451,95824,52899,73034,50875,09487,57671,79854,50792,13609,1563,9047,5644,1129,711,22
LongAn,19-03-2011,261699,09344,56037,70194,43193,13241,04445,66366,16298,71332,58605,27662,6244,1433,4648,7217,318,89
LongAn,12-03-2011,678800,05765,00260,41800,00649,59632,05378,10074,15842,45058,79856,31133,7710,5878,3428,5816,637,50
LongAn,05-03-2011,617832,16720,04505,16478,58937,00082,48803,60248,06368,83762,21384,10280,8337,5438,0812,3923,418,81
LongAn,26-02-2011,207984,47664,05571,72812,98445,12973,81711,95532,35237,56891,98584,56136,8879,5365,9374,5404,278,92
LongAn,19-02-2011,742824,40967,47407,50566,94948,65091,78824,01490,87004,11097,35219,24263,1528,9757,2086,6232,186,30
LongAn,12-02-2011,582103,48532,03543,23680,68301,55302,22303,91641,65147,62168,84286,07213,0414,3062,7513,4322,197,69
LongAn,05-02-2011,231669,95350,02719,81345,02439,77288,52713,04206,33589,67532,04803,05195,1124,5256,4658,6468,223,69
LongAn,29-01-2011,688974,23537,79709,44143,23344,28438,39276,10072,77598,45751,71565,41873,2059,2756,7204,1127,615,34
LongAn,22-01-2011,075404,44705,58387,35982,73233,54725,28755,17320,66123,92963,57393,71587,9723,9955,3236,8678,351,52
LongAn,15-01-2011,284733,68298,51604,85556,10206,07129,54753,65099,46438,85564,25828,04621,1165,1506,4977,1540,435,37
LongAn,08-01-2011,509843,77080,46474,73595,56698,63503,28915,74234,80142,16268,23297,74949,4213,3715,5635,6103,257,14
LongAn,01-01-2011,368842,08424,16208,95139,23778,09654,65473,62567,12725,52573,06045,22966,2052,0985,8057,2235,125,39
LongAn,25-12-2010,322007,48434,75661,89755,99046,56396,16218,84271,25659,22053,73559,05096,0317,7920,8479,5490,564,45
LongAn,18-12-2010,376313,16643,20150,95301,75736,79619,20580,41245,63893,66492,40249,08797,3254,5562,3691,4926,536,04
LongAn,11-12-2010,079563,32897,33485,62849,27998,50847,27776,90539,09482,19229,37822,15960,2213,7084,8742,3880,988,95
LongAn,04-12-2010,544060,40678,42030,06759,03223,00359,59731,79521,16171,25924,38887,86175,8249,1392,2240,5714,086,74
LongAn,27-11-2010,371952,15463,95372,97399,91301,63369,72138,72486,49469,10958,24413,93709,3861,4064,7106,8868,442,48
LongAn,20-11-2010,732512,31263,25741,58044,15264,92494,15826,83941,67049,71961,51204,43123,8467,8300,0194,0999,125,37
LongAn,13-11-2010,603539,32724,00792,97869,86846,64102,28050,79982,05510,92803,30896,17065,5836,0301,7565,4330,480,69
LongAn,06-11-2010,699879,31163,36576,07286,02776,21122,89365,39941,88881,41138,00511,16218,3083,7543,0734,6550,868,75
LongAn,30-10-2010,400647,42922,55204,24420,72598,23636,28378,65705,18779,40897,66333,49294,8807,4846,3984,4943,189,94
LongAn,23-10-2010,668540,19433,63231,14089,84095,25567,46543,41569,95209,09782,06132,88246,8697,7530,6857,6498,289,48
LongAn,16-10-2010,649653,16849,42681,86027,85674,17250,23525,53012,72573,86166,05309,42907,7133,1507,8222,8178,310,80
LongAn,09-10-2010,639916,34577,84865,65869,03316,32251,44156,33314,74047,22573,34482,64705,9310,9716,7037,4732,705,96
LongAn,02-10-2010,316803,21996,05015,27969,98786,86192,58321,72776,86854,14297,91250,67473,7826,4637,1615,9256,251,38
LongAn,25-09-2010,543950,30700,97003,94412,13447,50929,73499,99232,05474,35771,81357,31893,5267,9582,1084,3214,620,29
LongAn,18-09-2010,192193,05453,29217,76319,57575,80612,11344,05420,88914,11361,25361,47187,6248,1673,6961,8848,294,43
LongAn,11-09-2010,119637,57908,49832,94074,65098,69562,75575,00038,81515,88051,61703,38980,7070,6653,0747,9570,928,13
LongAn,04-09-2010,182156,57475,59962,86499,79978,95044,68911,96706,85883,64271,65271,17410,8146,8620,0351,6827,039,26
LongAn,28-08-2010,610428,57061,49140,78179,19254,64157,15250,13243,35923,21515,05299,07295,5397,4037,0065,5450,148,30
LongAn,21-08-2010,551756,17096,42732,44347,69323,03404,50073,78294,80510,55234,87989,78224,0254,4971,8560,2527,875,49
LongAn,14-08-2010,037405,46974,10785,49408,32342,07789,35014,83235,27806,06325,97494,49188,9852,6741,7368,3157,395,44
LongAn,07-08-2010,646274,80903,66481,79322,46262,76433,97140,86927,53626,11255,96278,52623,3692,5542,5980,4601,714,19
LongAn,31-07-2010,677300,84305,11228,84326,10197,42624,20717,58672,09401,92406,19306,42420,8683,1784,6078,3779,718,07
LongAn,24-07-2010,538698,40417,44972,88419,88949,05509,59471,41694,70686,46014,70645,32812,3948,4615,8238,4660,668,63
LongAn,17-07-2010,893628,29657,18945,31055,69095,49101,72922,52918,11991,88592,89055,53826,6842,7868,0270,7190,717,55
LongAn,10-07-2010,586681,07908,26880,29221,64735,53396,09043,62221,17088,96288,42922,61204,7961,0463,8307,4344,596,75
LongAn,03-07-2010,406919,78194,37924,06855,37921,68346,16171,67469,70595,89447,71008,97196,3812,7088,9631,7862,377,59
LongAn,26-06-2010,106772,71317,42494,54316,72208,19895,30307,99806,01268,24822,94796,87506,2137,6049,6047,3965,335,46
LongAn,19-06-2010,275334,74095,61857,37623,11797,38572,40076,60063,30746,95340,54026,88140,2680,5923,4649,4796,819,91
LongAn,12-06-2010,291089,28658,83314,97990,44342,96857,08611,13908,71670,18175,70480,07034,9917,1254,1606,6773,380,80
LongAn,05-06-2010,247283,54842,52471,76533,55505,85968,51265,30025,12292,69867,12661,54084,8460,0165,1791,3810,314,34
LongAn,29-05-2010,145454,11333,41296,32771,34913,59971,65791,64740,31570,02794,10898,03797,1906,8232,8554,5407,907,98
LongAn,22-05-2010,751970,59250,84388,67885,49815,35179,23837,72598,35955,34634,09071,81830,4320,7224,7001,5605,527,77
LongAn,15-05-2010,831555,28625,35453,23366,19621,12432,36116,50112,42303,00227,32883,36430,5998,9809,1175,8288,883,73
LongAn,08-05-2010,288111,65478,00643,65199,90520,75601,27519,76578,25135,18668,38442,67190,1045,5932,3257,6618,528,73
LongAn,01-05-2010,428705,44561,59442,23586,58416,06449,38200,59853,40516,08256,05562,03004,1915,0546,0587,7490,925,18
LongAn,24-04-2010,450094,59558,43059,54259,80771,36047,67786,15661,56508,51318,23973,56172,7275,7980,0756,6140,258,49
LongAn,17-04-2010,754176,55877,12964,53207,03812,21710,27091,11596,24620,61349,00116,66014,4248,2046,3665,3487,131,37
LongAn,10-04-2010,713160,66054,63874,77404,09644,06826,16063,34985,33861,44420,67992,73868,7397,0934,5421,6968,613,69
LongAn,03-04-2010,563490,33193,54590,32565,84391,08599,27455,38352,07893,63294,16711,37295,6697,4742,3920,7158,273,40
LongAn,27-03-2010,781203,79057,47173,50805,69201,24045,58740,79638,57235,02670,57398,13425,4017,0309,9359,2062,221,07
LongAn,20-03-2010,412250,99730,99325,01596,09161,53424,26715,81231,63181,34231,57800,01181,5073,9816,2325,6185,099,12
LongAn,13-03-2010,362449,49711,75688,74605,01614,83253,67251,61048,86206,45920,21247,29658,6730,2453,4623,2741,488,11
LongAn,06-03-2010,434832,54117,21981,74314,49077,70780,41677,40966,50974,80153,48477,51746,8181,3321,9458,0860,710,95
LongAn,27-02-2010,337780,80428,04195,75427,11139,39393,32231,10243,52245,72187,57481,95966,2736,3544,1676,4883,971,40
LongAn,20-02-2010,337637,48800,62615,41001,62947,97051,79426,51048,66991,98127,48244,81748,9758,5358,3410,7133,722,74
LongAn,13-02-2010,343151,22494,75944,43891,25216,40505,11800,21230,95954,91532,90101,61909,7336,2273,9857,9149,862,75
LongAn,06-02-2010,713537,41909,32782,15696,20797,87536,83128,83453,06349,00177,03068,34590,3238,3913,3776,6740,713,48
LongAn,30-01-2010,152389,99286,11991,91730,78261,62598,01265,40200,48257,69468,44614,59007,3208,9678,7309,7323,249,99
LongAn,23-01-2010,117581,97566,25922,92503,68579,74639,93029,19573,73040,33126,93437,75775,9336,4818,5550,5990,838,12
LongAn,16-01-2010,598990,62341,50322,94781,51005,99123,71535,89590,44333,89082,38698,34580,6617,2280,3266,0963,450,20
LongAn,09-01-2010,625647,21527,90766,08308,85622,05359,20420,72162,54492,70401,78378,03241,5855,8448,2944,3928,376,56
LongAn,02-01-2010,985213,74010,85949,81978,15717,88099,61775,19784,04013,70754,67631,91735,9704,1575,3584,4018,500,92
LongAn,26-12-2009,442682,47105,45915,51603,80344,44378,83372,81319,32931,49538,31692,88325,1028,1717,9295,6031,952,77
LongAn,19-12-2009,146243,81086,85595,98561,65866,58808,45057,23945,91758,19601,37354,50791,3540,7866,5824,2586,257,04
LongAn,12-12-2009,101926,47308,23807,76076,50022,20040,69311,09367,98020,42329,73850,32610,2777,2669,7431,6247,157,72
LongAn,05-12-2009,189418,46132,32697,34091,33404,74995,57698,75957,98444,69104,85606,22897,1162,1120,9995,7622,857,18
LongAn,28-11-2009,675721,30362,28396,59447,40582,16666,51070,32044,60656,87579,92705,65048,7694,8825,8454,4824,090,31
LongAn,21-11-2009,342600,11613,70090,40627,93114,03178,13308,19536,78109,76399,99476,32013,2227,9799,9467,6381,589,64
LongAn,14-11-2009,613168,92563,94103,18486,34205,44978,91938,88819,20141,75992,21479,56791,8255,5582,5976,3379,343,67
LongAn,07-11-2009,933790,32115,41981,41312,30637,29593,42869,52491,75694,95656,42099,50882,5730,0207,0091,1479,487,62
LongAn,31-10-2009,594094,58418,96773,77925,56596,33035,40393,58593,52757,66295,69599,68049,7461,7788,8032,3975,066,11
LongAn,24-10-2009,364200,71998,14511,75745,87352,23665,67594,63868,22223,62860,82226,63514,2827,7182,5611,3349,127,19
LongAn,17-10-2009,257556,13493,99719,68359,76207,05952,84007,26301,10698,50667,65673,21119,7205,9576,6381,5391,973,43
LongAn,10-10-2009,953355,99721,66979,40365,29065,31589,98932,41421,12961,31127,00042,22266,2012,1549,7195,4791,609,00
LongAn,03-10-2009,379951,46947,59651,21447,82343,10190,20842,06621,43802,37696,00460,85384,7755,9474,3404,4157,203,08
LongAn,26-09-2009,41125,72535,36139,14899,48839,45970,81544,20258,18051,19905,75113,82203,4590,5138,8899,8408,306,94
LongAn,19-09-2009,44233,12444,01789,27309,57158,29101,13757,30976,38243,93649,79670,10981,5862,0086,2007,1462,258,24
LongAn,12-09-2009,90788,62409,05206,89607,38967,42831,90559,57033,59864,46766,35896,86377,5653,0700,0568,0558,604,45
LongAn,05-09-2009,88503,77973,51462,01351,44908,70642,70947,31684,27709,92193,83545,62163,0733,2023,5368,7237,460,19
LongAn,29-08-2009,60508,71133,70838,44318,37793,41651,27111,99834,93977,38415,40651,16813,6444,2164,3463,9695,849,69
LongAn,22-08-2009,11257,71068,74480,23968,34993,69268,21945,54582,09695,04949,76124,15012,1610,5757,0916,8309,699,36
LongAn,15-08-2009,20663,99360,91207,47676,59689,48137,18341,55100,06330,39732,84837,28420,9327,0951,1184,0336,860,65
LongAn,08-08-2009,01928,07847,62675,91096,07039,72862,14641,60889,00743,20613,47535,05232,8495,5513,9022,2832,108,44
LongAn,01-08-2009,40813,73887,04377,02812,36052,26642,53611,14267,20329,06899,85970,42251,2479,7999,8104,3650,002,36
LongAn,25-07-2009,66793,68724,18999,09811,31634,91098,04117,55948,75531,84577,54301,26078,1607,9373,7079,6697,848,64
LongAn,18-07-2009,12471,48569,46255,34813,41249,73313,24119,33453,32113,22371,84564,39760,9307,9843,6466,8806,442,49
LongAn,11-07-2009,37261,89778,19314,97821,81492,76255,98349,96730,86771,54132,75834,53722,5078,7536,6391,5599,511,23
LongAn,04-07-2009,00826,67843,11174,06732,68023,73923,50744,13847,51009,26117,59885,86204,6571,7143,5263,8698,390,23
LongAn,27-06-2009,61257,76444,38709,65112,18971,51257,98748,84331,61945,58078,37214,13944,5739,6709,3633,2439,099,18
LongAn,20-06-2009,53698,27689,12772,83225,13351,14714,89805,89308,16616,19898,28544,58742,0846,4862,8493,5690,693,70
LongAn,13-06-2009,78750,38556,71566,71824,22807,01101,30541,28935,48261,35348,61724,04513,1558,7825,5760,9006,642,95
LongAn,06-06-2009,18172,62264,04563,76949,63789,17371,71422,90182,58510,30044,87934,93533,1080,5225,3595,2479,800,86
LongAn,30-05-2009,85327,77920,90451,16563,51501,37455,61156,66498,26516,77926,07147,48765,7196,5644,5968,5450,373,94
LongAn,23-05-2009,90134,48655,31517,12317,39541,60571,39889,84723,36263,55483,89155,56120,4553,5988,9475,3801,363,77
LongAn,16-05-2009,22069,21287,51372,94098,56916,11864,71583,53500,45031,50443,09785,54409,8816,8025,8751,6566,241,26
LongAn,09-05-2009,07047,06038,46802,96887,70527,17420,33754,59500,98976,75064,76443,56559,9380,4828,2635,1417,865,06
LongAn,02-05-2009,03149,34082,65095,72550,21008,89717,79759,51409,20615,43127,04428,22456,9923,3737,9016,9070,059,10
LongAn,25-04-2009,55826,43048,01941,14866,72505,44627,04609,70955,86157,05249,93477,58039,7801,7468,5316,7417,767,38
LongAn,18-04-2009,85955,09347,87208,66774,98187,02162,40068,96254,39315,30254,63677,00984,0015,4606,3613,5188,174,97
LongAn,11-04-2009,73134,45395,03305,73903,94727,47336,82954,81014,44717,21899,04209,85445,1813,0638,6013,9078,248,62
LongAn,04-04-2009,29880,56542,11255,39170,71581,14710,12706,04144,05098,40154,66024,55806,9288,4394,3045,5662,714,67
LongAn,28-03-2009,45615,87897,50226,33591,24715,34365,69263,03924,96347,76420,81169,63604,0957,8282,4176,0152,428,08
LongAn,21-03-2009,94076,32538,84808,47079,89490,04391,31149,11812,56740,83919,99454,68711,2064,8754,2233,5168,578,51
LongAn,14-03-2009,70057,21342,15286,46190,31189,91149,63047,62268,50468,90152,27424,65586,0168,2574,0879,4584,247,82
LongAn,07-03-2009,80617,68900,92567,17225,83273,47001,47787,67099,23741,38120,10261,53529,8419,1564,5379,9975,055,94
LongAn,28-02-2009,42164,99120,38173,21970,90165,71472,10385,09527,15609,75836,09278,51957,4301,7818,8978,4539,359,29
LongAn,21-02-2009,48635,91372,57961,13914,71712,69730,41873,18166,59452,27092,10090,30683,0585,4101,2938,9209,580,56
LongAn,14-02-2009,09088,06692,07678,12713,24170,55466,63982,29767,00718,45696,84838,09663,6707,0394,9497,2164,021,42
LongAn,07-02-2009,58468,27695,98198,12967,72609,42981,45693,98542,76830,26409,04968,76940,9316,6645,7990,4320,664,24
LongAn,31-01-2009,38495,50188,12698,72161,16596,05967,68003,62575,05827,71343,68058,46840,4843,2621,8660,6628,630,84
LongAn,24-01-2009,24914,79014,18790,48222,35909,30299,77011,26843,07587,06433,62172,89273,2797,1705,2923,7282,172,03
LongAn,17-01-2009,39774,23772,10401,97897,58407,82123,03006,20188,39407,62856,57525,78025,9761,1719,7162,7987,213,70
LongAn,10-01-2009,18273,48721,46460,19526,19453,85160,37113,22234,94227,42599,33792,79137,8405,6552,7541,4172,032,29
LongAn,03-01-2009,82022,72792,67388,52518,75189,60594,85574,50658,34212,96930,07340,96672,5428,4508,8074,3137,981,56
LongAn,27-12-2008,59446,60621,77335,51044,97338,17866,79737,98583,09372,33912,40225,78863,6004,3489,6717,5809,666,85
LongAn,20-12-2008,21706,44988,99109,74167,38836,81442,63066,28404,95842,12644,96248,86766,2713,3092,0110,0663,980,77
LongAn,13-12-2008,21600,93917,57948,81044,40921,12444,19234,06533,08772,06101,15781,68362,2778,1564,8799,1261,712,65
LongAn,06-12-2008,93586,43365,42184,86743,92495,67770,18974,77627,69358,85165,40877,89026,8308,9636,7090,9018,723,16
LongAn,29-11-2008,29179,65395,99045,01595,24608,93475,25346,47029,82183,65784,78348,85565,8167,2134,2559,7098,348,90
LongAn,22-11-2008,35309,20890,86451,24545,94221,93015,65737,98104,23356,71636,75359,19754,9009,7275,8458,6926,062,92
LongAn,15-11-2008,46920,74017,40808,76172,93627,88034,94305,31497,99621,46891,18143,64232,1522,3748,1784,3106,504,75
LongAn,08-11-2008,99774,46275,55493,57824,26956,88050,27667,95776,04054,07038,95592,86050,3288,5669,5526,9335,478,62
LongAn,01-11-2008,50027,92365,14763,29215,31237,95367,70364,98344,90291,76838,28287,54155,2237,0247,0783,3603,815,48
LongAn,25-10-2008,44911,42697,24942,56275,41964,06081,16478,17110,04073,64684,65866,85981,2801,6317,5743,1872,656,94
LongAn,18-10-2008,50006,74805,34344,99808,99527,36690,93172,51978,89330,31858,47674,61130,9407,3437,1805,7560,421,80
LongAn,11-10-2008,97473,45223,41582,21257,33064,06083,12756,71770,79526,51495,90471,07485,5015,6604,9394,3572,470,94
LongAn,04-10-2008,03825,29672,91680,91962,37495,36463,68384,83973,12634,62830,50721,28209,4159,0535,9440,3342,422,67
LongAn,27-09-2008,79501,12716,38448,06128,68151,07111,02594,04977,49947,47834,52737,39661,0179,6590,9040,5181,245,81
LongAn,20-09-2008,12907,00390,66862,13841,68851,14307,66307,06853,91050,36393,58671,73447,7389,3158,0676,0779,562,31
LongAn,13-09-2008,88067,03331,70936,50169,22758,12660,12503,97014,40563,45356,47265,30855,0057,9049,6028,8917,796,99
LongAn,06-09-2008,36787,16947,55359,64800,25867,64516,19912,33235,87020,50871,29964,55439,4196,9879,9062,0520,118,91
LongAn,30-08-2008,88465,56076,14990,51565,09269,56921,45850,14236,56873,54393,03217,83243,7366,9324,7418,1073,083,80
LongAn,23-08-2008,08298,29063,07903,42390,18945,34482,03547,83296,65057,89235,98415,07737,0236,8561,4394,3449,940,06
LongAn,16-08-2008,90905,74588,14405,80785,86342,78617,45136,62786,82833,21999,11091,06930,8412,6354,7600,4886,321,12
LongAn,09-08-2008,14192,88381,30928,80386,13845,92525,89099,61611,52573,40495,79658,40061,2688,7166,4516,4508,304,77
LongAn,02-08-2008,22612,72391,34207,31500,71586,73364,20811,85651,04420,67070,97144,04772,1369,1528,2793,5492,213,55
LongAn,26-07-2008,48291,61786,12362,15632,92070,94241,85115,64468,83751,17315,79280,59616,3887,7320,7251,2067,666,70
LongAn,19-07-2008,67168,76386,72592,92857,21995,79717,73683,71750,67096,85387,07110,36140,7543,5486,1541,4592,332,14
LongAn,12-07-2008,33567,87629,69201,79487,25009,52659,78687,03688,04679,21279,98753,42720,1169,2469,3277,3027,324,81
LongAn,05-07-2008,90469,39673,68587,65144,82510,13616,67289,31618,42747,61388,78169,09266,4501,8544,7111,7296,804,63
LongAn,21-06-2008,91652,41681,65469,15526,55591,62034,04634,16306,99954,78429,13860,49849,2044,6821,3614,0243,288,79
LongAn,14-06-2008,44742,61635,01815,15581,73172,87028,69804,82452,28772,45775,63436,95935,7973,3552,5173,8063,255,54
LongAn,07-06-2008,18605,96171,34863,95937,92998,61014,21050,56632,37661,10748,19945,80189,8389,1243,4250,8136,501,71
LongAn,31-05-2008,46096,59347,72188,98692,23255,40421,54263,95518,48758,13563,45500,66801,1396,2442,1510,1114,185,17
LongAn,24-05-2008,72969,39285,32145,56624,75571,29711,00841,20795,87222,52035,83752,92491,4115,4603,1744,5670,714,01
LongAn,17-05-2008,14315,75677,59467,78150,54364,03299,29912,94893,61144,66834,39068,60659,1857,0017,6285,8611,181,50
LongAn,10-05-2008,96695,37359,06605,48994,71162,52403,80798,06764,32741,78029,77845,69855,6433,0409,3115,7930,345,75
LongAn,03-05-2008,32234,17011,40707,33143,46785,97435,82934,01050,55846,85514,50771,16724,9140,4492,0276,0159,045,95
LongAn,26-04-2008,54492,20827,93286,93279,13165,47892,63076,92865,45311,72695,49870,2362,0169,9935,4035,4624,845,19
LongAn,19-04-2008,01116,19232,60793,22247,65647,12914,17951,28058,84423,01810,68326,7080,1455,7377,2583,9302,120,58
LongAn,12-04-2008,69284,55585,91035,83692,50271,92301,39223,21171,21327,49299,73780,6247,3216,6543,5899,7427,423,68
LongAn,05-04-2008,94348,49522,17228,85855,15930,48138,65687,93651,00630,72726,30436,4482,8636,4081,1489,3492,395,66
LongAn,29-03-2008,96965,71787,39083,73059,47038,49147,79925,65311,79924,43130,97351,8646,8659,2757,2305,4429,669,21
LongAn,22-03-2008,06008,19356,58918,43690,14812,94144,20959,53047,88500,58018,70249,3661,1357,5713,5108,8598,380,22
LongAn,15-03-2008,85705,71622,18935,76314,49568,41624,38972,06280,78971,78322,38371,9068,9314,9148,6974,1245,224,64
LongAn,08-03-2008,68342,38313,44320,55673,49886,59651,44667,84316,38453,76663,22335,0997,6771,1802,3009,8044,495,47
LongAn,01-03-2008,94377,65301,47199,32725,66039,77616,51810,52360,04967,19918,86156,9083,5763,9717,7932,9830,183,66
LongAn,23-02-2008,75814,01753,07598,00488,33130,75773,11375,84486,30797,27980,63447,6782,8721,4521,9647,6423,417,85
LongAn,16-02-2008,16548,11968,31133,14626,04534,49611,13033,40158,73628,11065,39989,5315,9166,1450,6822,6139,338,76
LongAn,09-02-2008,86003,15661,70776,47512,66531,77859,30062,21780,57164,09785,63910,6330,4604,9472,6201,7550,978,24
LongAn,02-02-2008,49862,47623,02588,89769,30376,87509,73105,59221,14596,54089,09740,6616,7810,7767,6210,1150,612,10
LongAn,26-01-2008,12236,23286,95302,61537,23302,71513,78540,99944,98961,52470,57362,1521,3630,7731,3784,0156,546,08
LongAn,19-01-2008,97501,02669,63074,38543,88973,83425,81341,05097,67423,88730,49166,9702,5152,6294,0057,3640,579,95
LongAn,12-01-2008,92705,11463,50967,66452,20125,16364,10685,27509,97184,19282,53569,2732,5068,8383,8142,0336,752,52
LongAn,05-01-2008,80246,54858,83433,77578,97023,42675,09274,94338,95597,33377,59982,9735,3307,8424,6272,4758,199,87
LongAn,29-12-2007,15783,17957,85563,10821,60678,29224,64063,24078,22486,51441,42454,89241,2791,1354,6513,6594,342,56
LongAn,22-12-2007,46924,29024,81665,32758,30894,31650,80341,60711,57986,68262,03367,03127,5329,7880,4300,4228,462,00
LongAn,15-12-2007,23567,02862,81143,70929,20664,08697,97565,60983,07308,23616,29200,92179,0443,2032,0024,4160,475,58
LongAn,08-12-2007,34860,95185,89958,44846,87917,30194,69489,69330,84686,07814,48587,76245,5861,5807,3941,3790,075,70
LongAn,01-12-2007,02271,96698,93022,81292,68067,27918,36363,57081,19914,54410,97238,32294,5701,6414,6657,0330,743,11
LongAn,24-11-2007,82308,46758,92613,16457,64931,86051,59898,11170,64294,97054,23581,67274,8401,7097,1671,4484,016,73
LongAn,17-11-2007,87005,56923,63417,85288,20327,07507,56978,34496,47798,10670,37767,74345,6074,9499,6932,8820,544,68
LongAn,10-11-2007,20323,83030,13639,46796,19595,04356,00494,33919,46865,93491,96049,67490,0003,7568,3441,1020,400,76
LongAn,03-11-2007,16131,77464,37180,53483,94775,38228,17066,53947,37392,78158,86741,96884,9294,9955,5740,7463,576,04
LongAn,27-10-2007,16344,69791,68517,49077,27593,97960,90833,43143,90514,85070,72373,13424,5652,6380,8676,1059,979,92
LongAn,20-10-2007,28528,47357,85735,66258,44902,20254,86180,02802,36956,64089,91395,06887,1753,8189,7876,6556,542,21
LongAn,13-10-2007,09208,94853,81710,36650,09174,91201,43132,75379,77913,48344,36315,67774,5484,4403,4473,7316,311,28
LongAn,06-10-2007,87583,48042,79673,50780,19452,00079,23105,18035,95771,64476,83186,53276,4114,9283,7231,9913,974,53
LongAn,29-09-2007,43597,72184,90341,12005,16542,18642,49733,89041,31843,59621,37134,02349,5729,3332,3373,2473,983,29
LongAn,22-09-2007,72833,18532,86561,33053,85809,30227,31880,22553,86820,89276,05506,96559,0117,2576,8817,8795,118,93
LongAn,15-09-2007,11363,82419,54879,00919,72468,18874,12509,64814,74269,62510,42916,08208,4697,5315,9466,9426,725,82
LongAn,08-09-2007,74839,79055,20038,60126,39613,28870,98127,24313,99220,67453,99045,63767,6619,5996,6830,7533,292,95
LongAn,01-09-2007,89270,11892,07643,93610,00941,05283,25168,36963,50804,34737,18533,66567,5843,0990,0905,2986,233,48
LongAn,25-08-2007,35441,88670,88634,23527,02166,56425,27265,31852,18512,63125,00924,20791,3959,4518,3847,3529,791,29
LongAn,18-08-2007,66884,50186,74004,00406,26184,65640,13168,59978,41728,49380,26501,70906,5043,4402,1618,1936,164,77
LongAn,11-08-2007,46518,38460,18839,24651,52026,75192,78922,01499,02341,42552,06248,56633,7104,0173,3556,2939,168,72
LongAn,04-08-2007,57503,78407,92253,05936,87468,56929,99755,49002,36933,82332,22355,29342,2389,5831,7516,3874,873,26
LongAn,28-07-2007,03937,10395,89134,02617,90908,94135,78884,63961,80315,90838,57998,51782,8554,1501,9168,1977,851,21
LongAn,21-07-2007,83383,23096,14928,58752,10360,09057,48731,02425,97983,99490,18885,83203,3909,1450,3930,6359,107,06
LongAn,14-07-2007,52371,64289,93485,25624,02076,19548,73158,25914,22294,31701,94944,52930,1017,9083,9781,9545,956,61
LongAn,07-07-2007,72767,20079,50728,32178,54164,34715,07892,96502,43702,93992,69058,29557,8024,6230,9604,5112,699,82
LongAn,30-06-2007,03324,56858,59229,74812,19135,28519,42634,66611,53470,18124,50223,28197,1184,7650,1343,9698,661,55
LongAn,23-06-2007,78367,41723,77642,74226,05113,37774,75421,15770,93616,33504,25321,55515,3382,7268,6578,9031,328,53
LongAn,16-06-2007,70148,41180,94543,22057,41986,44695,31067,47079,69586,02098,91118,46889,8460,1188,3515,9334,507,24
LongAn,09-06-2007,,17568,94637,03176,37326,01660,25263,07310,68775,35177,86741,46969,1703,2641,1511,4361,993,49,00
LongAn,02-06-2007,25234,69693,42181,58634,50954,41249,67703,89713,23599,82111,02768,47991,0316,9507,1194,6358,262,31
LongAn,26-05-2007,03725,21355,30394,26869,60609,75982,94224,87274,07679,36816,60970,89902,2939,0758,0307,2626,846,61
LongAn,19-05-2007,99573,41737,55560,20747,40719,83195,46157,68274,18903,46890,58848,59456,1770,4229,9374,4798,625,66
LongAn,12-05-2007,11500,52312,87937,63612,44145,84910,54500,54152,76687,83721,61290,18024,6647,0257,8527,4828,558,42
LongAn,05-05-2007,09433,62110,50632,01881,38200,33914,33894,77287,56243,17817,94501,05658,6778,2367,7529,0206,163,66
LongAn,28-04-2007,73658,22399,95141,58160,35478,42240,87895,24200,49851,54189,40259,48506,3949,9298,1011,3916,050,63
LongAn,21-04-2007,56415,27756,34086,64976,88043,68652,97885,07396,42399,92563,69554,07473,5516,2031,4857,9768,057,52
LongAn,14-04-2007,79555,75177,98441,58417,06217,43438,03047,34980,21494,12842,35700,13075,9947,2296,8541,5311,597,89
LongAn,07-04-2007,88024,44126,62731,19374,48383,43438,46719,84702,50074,41789,80492,71855,7334,9957,3140,7725,078,32
LongAn,31-03-2007,10527,90565,09554,82705,41131,74229,70383,74632,80138,98018,42123,77119,0768,3343,9982,1603,870,00
LongAn,24-03-2007,77189,18913,33394,70168,91206,39990,25488,66373,19693,90037,61080,07975,7082,6474,2051,0338,739,27
LongAn,17-03-2007,49215,75132,81635,47185,94086,47164,40545,05424,25813,87672,81021,33736,2890,1257,7209,7454,057,98
LongAn,10-03-2007,46547,10590,62230,51634,20735,18075,11177,06307,99035,42877,42023,87850,1127,8877,4003,6358,823,15
LongAn,03-03-2007,14913,09886,45824,47021,92209,03445,50003,08511,71885,43858,50089,59924,3623,0432,2385,6563,638,10
LongAn,24-02-2007,96802,68836,64592,75471,60336,87388,99512,19260,92322,47293,12190,24981,0163,2274,2531,6121,005,23
LongAn,17-02-2007,29328,07223,09750,09588,85074,93182,82195,64607,08919,10861,50066,37409,6844,5480,0005,8089,605,31
LongAn,10-02-2007,02091,62722,77028,12886,26082,61810,04751,59446,61366,26712,32562,11565,6277,3278,2123,9535,788,75
LongAn,03-02-2007,35594,96655,40032,28697,42019,26187,39817,70677,60612,02638,91830,78569,0623,7846,7414,9685,738,96
LongAn,27-01-2007,89848,76730,10547,75145,03907,31251,11500,18021,10206,12712,19000,51425,2793,2453,4362,2632,099,53
LongAn,20-01-2007,40037,32590,52150,21846,16423,05010,08946,05058,89448,68037,05908,10960,4227,0953,6672,9472,657,18
LongAn,13-01-2007,71369,36805,69417,03548,73356,70781,91408,29999,90277,95691,76497,34742,7301,0791,4635,7869,475,16
LongAn,06-01-2007,34727,40642,29892,63964,33877,30294,46013,54261,27034,40521,29102,58179,0507,3456,6179,0105,430,16
LongAn,30-12-2006,01752,39220,68413,46550,32040,79048,53167,39545,64929,91524,68778,50117,9193,1292,9890,0003,174,88
LongAn,23-12-2006,89250,44766,54261,33913,58313,92156,24495,96817,24113,03680,41462,62190,4501,7367,7241,0957,558,18
LongAn,16-12-2006,35173,22352,08366,01006,30715,71098,00749,51830,52046,28992,82924,28661,5063,7431,9481,0061,409,80
LongAn,09-12-2006,77008,14582,80948,01497,42590,92501,52172,47706,47483,69609,69995,61625,1790,1328,0195,0350,724,09
LongAn,02-12-2006,66636,67833,16162,80923,64515,75884,20783,37493,76009,14447,80454,31131,2156,7313,4115,3770,468,12
LongAn,25-11-2006,08242,00318,27520,59294,82213,74839,97004,54421,10065,49585,13014,15914,7455,5490,2810,8367,074,96