QuangNgai,30-06-2018,949883,98239,95503,89492,78920,16464,75352,20669,08480,56335,24367,44023,9997,7892,8881,2759,193,05
QuangNgai,09-06-2018,998744,99795,74436,86957,18426,46987,01218,55845,34830,56553,91951,76064,1008,4455,6869,5068,007,73
QuangNgai,02-06-2018,658074,19587,20862,97442,44273,40462,78896,49623,99212,81731,64942,02513,0727,7659,1238,3246,270,31
QuangNgai,26-05-2018,333739,08362,32451,15630,40856,94501,07402,48175,63612,65808,29403,26304,0431,4124,5553,8074,068,80
QuangNgai,19-05-2018,279954,72473,70516,83828,13640,61685,33465,36200,69804,21590,25520,96466,1434,2767,0275,1991,480,75
QuangNgai,12-05-2018,881016,92565,10561,43413,57189,89523,28955,64451,39208,18227,57677,36161,9411,3565,2986,6203,124,60
QuangNgai,05-05-2018,221291,03573,56971,76925,56577,56350,71133,83887,60693,65382,54356,80120,6314,4031,4922,9434,110,63
QuangNgai,28-04-2018,448851,50996,36579,14061,18454,56469,30037,25214,67898,19493,83342,59873,6777,9474,7424,8048,348,53
QuangNgai,21-04-2018,471441,04063,34832,32124,01599,05103,78612,17487,16955,75965,72987,60182,8636,3496,3086,5272,803,93
QuangNgai,14-04-2018,089088,47130,00851,41482,46083,39412,59815,74940,41228,78995,96547,06691,4033,3212,5128,1633,806,38
QuangNgai,07-04-2018,345331,32209,49014,82366,24521,65720,75416,41851,30719,35343,29634,21474,3440,8810,8288,3674,060,14
QuangNgai,31-03-2018,835741,57420,44630,87130,36023,40847,28658,93271,77025,54491,05995,23207,1895,6648,9275,1995,500,29
QuangNgai,24-03-2018,678267,23983,58837,29003,88411,73827,07878,47794,26754,83944,00251,90565,7707,4525,3537,1178,778,14
QuangNgai,17-03-2018,809491,79149,88907,27032,78584,08803,63547,59830,54355,29520,69224,29000,6018,8765,2448,5032,900,16
QuangNgai,10-03-2018,397991,41454,72244,43734,22480,59733,17305,52829,32277,69131,93537,94592,3910,0662,4507,4841,643,49
QuangNgai,03-03-2018,752590,74044,23173,55554,79460,63985,18468,50018,18397,39219,83419,69140,4800,2589,1315,5723,935,25
QuangNgai,24-02-2018,004902,85000,24794,93905,59161,24994,25579,42831,96400,76176,65713,97089,5638,4741,8047,0920,442,61
QuangNgai,17-02-2018,655790,92197,43992,57796,60704,52522,24294,45611,03200,16139,26637,92080,9101,9964,7647,0613,181,32
QuangNgai,10-02-2018,015943,50571,45561,35250,69893,18144,47998,88840,40246,80997,90562,55490,3055,4871,6672,0394,583,04
QuangNgai,03-02-2018,964081,88406,95804,94703,80460,43339,15712,58588,40291,82685,92746,38745,2145,3580,0100,0583,637,09
QuangNgai,27-01-2018,546972,42053,64240,89581,49365,06073,66730,19065,60649,72592,31734,79660,2265,0719,3672,6585,405,47
QuangNgai,20-01-2018,111792,43385,79016,71091,67579,11795,00895,98548,62530,51540,63946,46572,1634,6132,6288,4265,376,72
QuangNgai,13-01-2018,013081,56200,46157,02960,57893,34888,30299,21725,46157,21584,72767,14066,9746,6842,5844,8020,671,24
QuangNgai,06-01-2018,596110,92147,86726,15280,97996,96680,36120,78746,50847,68021,02864,66179,8347,2744,7615,3226,637,56
QuangNgai,30-12-2017,797584,99013,11828,91755,34988,52581,07705,43991,29947,30036,34474,38293,8702,7924,8245,9705,124,99
QuangNgai,23-12-2017,391986,68656,45795,29034,98187,90556,65274,41619,57740,67739,96605,60786,9063,0099,2244,8099,786,13
QuangNgai,16-12-2017,417707,59237,46285,15819,28673,20349,76110,64403,13226,69888,08603,85340,1319,5609,2208,7836,159,65
QuangNgai,09-12-2017,820004,27076,62125,13363,12970,10584,98425,48275,10450,60722,41188,69299,1193,1794,2340,1920,444,18
QuangNgai,02-12-2017,918025,18798,57956,29232,35793,31925,06940,75457,35755,96595,76366,66211,3887,4772,1619,5500,508,71
QuangNgai,25-11-2017,462193,50400,95442,61051,22187,94976,91091,86935,34854,08138,53960,89201,3472,9987,8551,4386,945,80
QuangNgai,18-11-2017,398487,43827,38461,56332,41916,39752,51062,33063,89375,83765,83205,65310,5864,6469,4795,4250,437,30
QuangNgai,11-11-2017,438842,06475,90546,45974,84647,34543,75061,63464,06635,33853,00077,42769,5709,8381,4929,2295,277,71
QuangNgai,04-11-2017,528162,14377,45261,97611,63997,37743,74942,52474,69949,88545,57948,03331,8433,1229,0775,3456,929,50
QuangNgai,28-10-2017,152079,33275,50316,06860,57961,63160,86226,85421,90440,81475,07770,44373,6712,4185,8701,4643,255,53
QuangNgai,21-10-2017,400872,95253,78430,25438,62670,07165,99673,94659,70311,13735,80273,16011,7272,7004,7101,4941,184,96
QuangNgai,14-10-2017,371781,60969,45409,44958,86009,68665,35111,08930,73539,43325,66622,31435,8963,7562,6179,7840,725,84
QuangNgai,07-10-2017,996469,53632,69294,41538,15157,04563,40332,56781,85010,07692,77237,53250,3075,7558,8190,5386,762,96
QuangNgai,30-09-2017,849231,77247,09762,90236,52584,37475,17684,85190,69680,50854,92563,35188,3342,3463,6371,9431,602,78
QuangNgai,16-09-2017,434486,14888,66222,27116,44425,42175,06531,61626,37102,84289,91676,33360,7423,5826,6413,0302,110,55
QuangNgai,09-09-2017,312912,39469,29863,90021,26442,44873,50013,00095,86224,36002,61788,22997,1647,2115,7649,6293,723,51
QuangNgai,26-08-2017,702821,18455,35994,19870,42013,35761,94353,46235,23977,53584,14582,58673,1302,4519,5187,5756,548,98
QuangNgai,19-08-2017,382846,46927,40719,19381,70007,77415,04505,46314,13621,51805,98904,04329,3682,4510,4008,4286,626,23
QuangNgai,12-08-2017,959214,30971,53589,24690,33106,87146,83507,45527,77497,58491,50919,28217,0148,2482,7503,0617,305,13
QuangNgai,29-07-2017,218874,92610,26533,74497,37198,93737,08302,44707,14052,43327,19169,64298,4773,4964,9758,6710,884,62
QuangNgai,22-07-2017,742480,68151,73755,24933,67395,48299,44743,89351,43925,30410,61003,52459,6860,3805,2276,2008,826,00
QuangNgai,15-07-2017,326043,90290,15324,95792,20729,22641,67309,10074,95329,01401,36940,66998,4163,2220,2887,1261,803,84
QuangNgai,08-07-2017,841102,44866,44598,70411,88751,83544,11779,69039,17318,86486,72188,66030,6418,5653,4624,5894,382,96
QuangNgai,01-07-2017,747082,55097,76550,47516,19121,27460,44368,76841,43923,25453,19371,60714,5291,8109,8673,2474,566,43
QuangNgai,24-06-2017,107095,55401,38639,16750,00872,68679,10301,22327,69419,86897,13231,79915,7634,2786,3473,6455,416,32
QuangNgai,17-06-2017,883580,95780,53814,77833,88928,54340,21711,29291,32240,74055,52981,87361,3758,9988,4864,4632,765,54
QuangNgai,10-06-2017,681110,65051,62589,34823,25335,11473,73961,11140,87091,69400,24528,02641,7845,8712,9902,0887,241,61
QuangNgai,03-06-2017,120484,27110,93332,83715,15199,88484,12007,45298,89275,55014,30752,60603,5274,7252,2399,1584,502,45
QuangNgai,27-05-2017,148931,14757,63425,09355,31616,67646,52341,85326,39849,93499,30478,39021,5351,0388,0488,0029,821,43
QuangNgai,20-05-2017,664365,72663,22713,27013,75294,80620,57252,48109,33178,22781,29187,15494,8011,6967,8605,3760,145,94
QuangNgai,06-05-2017,604746,98459,40642,76358,68915,80037,48270,67118,23766,25461,93635,66955,3234,5958,3562,8986,940,30
QuangNgai,29-04-2017,602089,90127,76837,99628,56501,71206,15952,03849,24960,08919,76010,99079,0965,1180,9521,7399,584,35
QuangNgai,22-04-2017,738510,20132,38321,75133,06927,61652,93684,20220,25686,85548,02904,77519,2066,0157,4503,3312,971,39
QuangNgai,15-04-2017,123690,08334,53563,61429,11371,60188,53277,49990,95234,43120,40076,40140,2561,9478,5837,3316,034,53
QuangNgai,08-04-2017,705185,60891,13479,67142,29674,57769,57013,71616,79581,79783,41067,28522,7801,6460,0927,0640,296,24
QuangNgai,01-04-2017,149775,03533,48871,88914,58498,59676,88127,40752,26485,51514,54856,03505,1975,2772,4207,0115,039,49
QuangNgai,25-03-2017,51218,31321,42263,57939,48707,84070,42456,53786,10473,33943,97998,65067,9826,2541,3433,9172,899,02
QuangNgai,18-03-2017,23250,49195,46116,81961,43935,08276,97260,68797,98257,16373,41111,70279,1151,1250,8817,9563,525,99
QuangNgai,11-03-2017,86598,34597,02176,64055,53485,69599,49165,11421,56827,47181,90627,24425,9389,8393,0233,0053,149,64
QuangNgai,04-03-2017,69254,46988,85525,73913,30609,88060,11049,87862,44823,87636,33915,90848,0481,0163,7328,9960,766,74
QuangNgai,25-02-2017,43071,48096,13004,68302,85122,20481,65923,19820,52393,66432,13270,34523,0931,7121,1405,2332,850,00
QuangNgai,18-02-2017,67850,73057,78813,50537,29954,75039,64366,32501,18750,70775,98108,51905,0705,7740,7365,1123,779,18
QuangNgai,11-02-2017,05404,32198,80660,05147,00052,81582,32413,90966,20421,47813,26989,64588,9719,6511,8284,7671,027,69
QuangNgai,04-02-2017,12868,01649,88682,04176,74525,96392,31991,06882,65021,32951,90581,17699,0497,0967,0647,6553,222,26
QuangNgai,28-01-2017,42593,90908,98770,41415,56431,18627,87443,16223,30247,44634,06928,35546,0533,4993,3177,1120,759,29
QuangNgai,21-01-2017,47473,99132,50155,20295,76153,25878,24867,20609,97911,81479,34867,14459,0517,3217,2623,9872,736,65
QuangNgai,14-01-2017,18425,86458,35375,24785,10491,05051,35564,97224,03477,81165,27404,19133,3787,6295,9656,3876,711,61
QuangNgai,31-12-2016,45140,21205,15741,09823,94033,63595,64879,65604,10384,52240,82427,75355,2316,7255,5602,7393,327,68
QuangNgai,24-12-2016,06870,27709,42946,37932,61454,19281,06717,29765,58613,90537,48328,52873,0804,7453,2548,6666,516,59
QuangNgai,17-12-2016,17296,85715,28532,66561,47999,41145,59573,10989,41897,18900,69738,78145,3602,3333,5972,8018,276,57
QuangNgai,10-12-2016,18932,49330,12007,79834,03529,09350,71656,72474,84530,26212,57004,98664,7725,1180,6065,7241,659,24
QuangNgai,03-12-2016,47062,03668,74843,07477,71511,40508,76260,80502,57765,57727,85237,85018,5586,3855,1875,1839,151,63
QuangNgai,26-11-2016,84602,27863,30271,37425,99913,50966,84258,12158,75551,69254,80737,18718,9075,7979,1922,1142,374,50
QuangNgai,19-11-2016,87507,74561,70726,88752,32669,21199,52491,55803,13210,36369,16060,33145,6391,5503,8092,5739,392,20
QuangNgai,12-11-2016,18409,88794,26680,54892,17054,41339,96711,46644,76139,73409,49740,42863,2965,9429,2875,7314,181,56
QuangNgai,05-11-2016,49626,09692,45931,54598,64804,13990,04513,88117,08484,79283,13899,80639,2674,5619,0245,2943,039,66
QuangNgai,29-10-2016,88245,90278,07540,04396,19257,23672,54516,74390,94811,15960,71671,50286,9334,6278,3497,4619,863,60
QuangNgai,22-10-2016,09155,77544,06786,68939,54358,95593,03669,86591,03923,36892,00305,08859,6104,2354,9305,8598,373,68
QuangNgai,15-10-2016,32328,43070,13622,92880,43543,52319,89877,39476,65123,68014,37248,38470,1825,5915,3444,8306,752,49
QuangNgai,08-10-2016,83720,01011,34657,60325,36767,72579,76038,42516,88201,18466,06023,57950,5746,4864,6874,6069,343,70
QuangNgai,01-10-2016,19764,03038,18317,12785,54248,21447,38146,59231,23058,48159,93692,67887,5952,0323,3004,9939,342,87
QuangNgai,24-09-2016,48763,36906,03193,92024,96573,46451,80157,11027,22659,01694,76865,39439,9278,7835,9333,1907,705,63
QuangNgai,17-09-2016,73447,52408,66035,54512,65634,83305,06088,41230,11555,88151,32283,30609,2830,4951,5917,5051,850,80
QuangNgai,10-09-2016,37092,55617,86415,64777,85111,88573,74479,38478,57368,12225,47500,65452,1369,1775,9302,0285,017,34
QuangNgai,27-08-2016,42185,46582,66880,89339,41906,78378,28264,27837,98683,42857,58029,33216,7899,4880,5606,5299,807,01
QuangNgai,20-08-2016,19259,08188,55865,50745,19824,99226,05927,75824,68287,68731,34259,09004,2160,4452,0293,4603,687,98
QuangNgai,13-08-2016,00494,13786,29636,13867,25568,52910,13163,18163,82183,17732,80949,04794,4652,2599,1345,3448,451,89
QuangNgai,06-08-2016,51752,96163,01731,06143,87699,02628,52207,65468,21449,50308,28424,94423,8183,5943,3883,0380,974,95
QuangNgai,30-07-2016,32496,99971,68938,88071,91524,37949,02293,63817,05252,33359,99362,46508,3329,5764,5911,3703,173,82
QuangNgai,23-07-2016,76745,95793,99874,04117,92197,12607,37593,06795,87170,93360,48939,53380,5338,9630,8298,8927,062,84
QuangNgai,16-07-2016,67482,71995,68647,79231,79265,08820,67117,82309,81380,71281,24099,71285,9598,1991,4146,1459,449,91
QuangNgai,09-07-2016,72956,68721,03568,28395,97453,83885,75114,73604,01118,27571,71979,35194,6421,8614,8759,5861,726,91
QuangNgai,02-07-2016,06280,78166,96547,26570,47573,87697,02038,37919,49821,85622,82052,45828,3723,7803,1123,3059,983,07
QuangNgai,25-06-2016,15679,29356,20896,44420,57414,43251,11761,69961,28041,32194,48440,92362,2794,4060,0680,8034,992,10
QuangNgai,18-06-2016,88622,51321,88459,72433,49435,12011,34717,08237,66765,13879,68528,64895,6458,0898,4109,2688,996,19
QuangNgai,11-06-2016,29242,82514,20747,71274,66471,33027,65409,25772,95828,70998,32169,52967,1761,4868,0779,5225,328,34
QuangNgai,04-06-2016,77404,84709,81269,01556,47172,71819,70936,50211,31666,94103,43780,17982,6463,9942,2985,1124,329,96
QuangNgai,28-05-2016,44000,80445,58058,14384,60940,31988,64488,63878,24880,25984,08834,80366,6463,1003,0730,6476,647,99
QuangNgai,14-05-2016,12457,28681,11402,31543,00008,16926,24988,36240,09310,63059,21192,30515,3690,7753,4418,4753,582,28
QuangNgai,07-05-2016,63690,47574,48590,75879,23948,75842,84992,08148,31412,94471,44173,15557,4156,7802,5190,5349,789,65
QuangNgai,30-04-2016,30028,64230,34783,81210,22280,50086,14077,15055,83836,59498,81081,79240,1525,9802,0722,4745,411,91
QuangNgai,23-04-2016,01746,37497,04135,80994,93374,33596,39125,80617,44828,50013,72309,25525,3561,9395,2002,3845,290,39
QuangNgai,16-04-2016,56778,90142,04326,04708,10319,81304,40217,92223,34502,10311,38739,52453,1809,4313,4715,6952,967,41
QuangNgai,09-04-2016,85651,80308,34624,48122,62168,89001,96421,84306,04103,84171,28191,68296,2211,1782,3724,5260,073,35
QuangNgai,02-04-2016,94412,34400,84133,92000,50881,03391,57478,45505,71182,68418,94303,59966,3011,9357,1093,2318,287,81
QuangNgai,26-03-2016,676765,14924,80810,85177,80630,55287,76954,33507,90011,77128,60768,74135,8545,8000,5611,8718,221,40
QuangNgai,19-03-2016,318348,73268,85658,33776,22043,03863,45868,78130,71503,58480,40615,61968,5494,6069,2691,0141,423,24
QuangNgai,12-03-2016,173803,59640,47323,92879,83370,68857,11773,30084,04703,70408,05126,08547,6840,0769,1730,6911,375,05
QuangNgai,05-03-2016,678029,77141,71820,54774,51157,94742,66900,23242,05017,10840,39926,14984,4583,6071,5685,6235,109,02
QuangNgai,27-02-2016,353291,20114,09809,84250,48899,12748,20489,25291,37520,57819,86154,18824,7378,9664,2448,1446,155,54
QuangNgai,20-02-2016,729983,02427,42392,91762,04309,14395,09395,85862,12841,35198,72402,35074,2000,4896,8095,2582,534,15
QuangNgai,13-02-2016,865815,17767,41816,82764,69463,81837,51926,08098,04867,99163,42449,93293,2333,1701,8212,9594,306,88
QuangNgai,06-02-2016,609744,39684,15861,61355,88802,95181,83414,04893,40205,10482,36125,20160,4222,6542,1100,7794,679,56
QuangNgai,30-01-2016,484131,49174,83346,20259,36889,93251,93260,33054,06293,54701,66327,80898,8027,3106,7031,2701,024,85
QuangNgai,23-01-2016,152907,30285,50693,11532,60122,93040,32595,27206,08744,92898,30427,01272,5264,2617,7201,8942,710,90
QuangNgai,16-01-2016,030402,51800,27652,17057,61720,81491,15353,31015,66136,81929,97844,94701,7150,2973,0712,9217,845,77
QuangNgai,09-01-2016,587744,49166,73768,76490,92437,35579,22220,96379,84226,12812,25168,85235,7549,5452,5870,2601,784,06
QuangNgai,02-01-2016,017281,73965,52454,89792,62169,71528,54299,95082,80776,05180,38924,95799,6597,1064,9112,5282,552,35
QuangNgai,26-12-2015,083998,50750,03265,39914,41146,06775,78092,93365,89080,59413,10728,96243,2102,0984,3944,3459,327,40
QuangNgai,19-12-2015,678273,94708,18904,07399,21354,77406,27888,15274,31377,49042,53640,56766,7533,7768,5940,8467,633,14
QuangNgai,12-12-2015,312184,46528,38537,48747,90726,72130,48241,42564,83256,13993,87670,87149,3735,0982,1424,0846,634,05
QuangNgai,05-12-2015,359527,12754,35506,46327,53415,16033,37788,25954,37610,46296,93847,67825,0202,0835,3755,0902,721,41
QuangNgai,28-11-2015,084740,84066,39181,34269,59017,50268,68602,29013,17912,12569,92495,23390,8984,5427,2991,9244,386,76
QuangNgai,21-11-2015,256806,98328,24187,64263,43327,90880,30132,15126,65654,95817,24958,18974,1398,1647,2151,2052,410,17
QuangNgai,14-11-2015,926807,93838,08380,13348,00948,16987,97934,21773,61617,77516,72034,74002,6417,4888,6535,6232,729,33
QuangNgai,07-11-2015,748786,40378,97929,86572,57109,84662,15038,23942,18115,94397,55372,68374,5332,2830,4021,4697,255,40
QuangNgai,31-10-2015,68810,13447,02305,75780,67658,29766,43609,92107,64237,82486,37038,97484,7701,6578,1809,6898,798,60
QuangNgai,24-10-2015,80860,14732,53600,54533,81298,90500,72197,21266,31462,38637,66477,80458,8112,5847,7793,3201,587,67
QuangNgai,17-10-2015,27261,72698,23100,05788,73233,57953,49636,95076,45366,84608,40536,59740,5440,7511,5568,0211,635,83
QuangNgai,10-10-2015,578556,58296,26270,41354,53199,12958,93358,67824,16446,70970,24470,67127,4089,4773,9572,8887,787,37
QuangNgai,03-10-2015,71151,78096,68084,51014,87899,20386,54232,81288,86443,87678,71177,57799,1495,5996,5637,9446,397,75
QuangNgai,26-09-2015,92390,32504,87732,75841,48202,52695,58626,89256,93046,49835,05424,70524,4774,6152,6412,3989,623,01
QuangNgai,19-09-2015,83406,41011,32623,19257,68038,51064,98695,45715,25266,24684,81990,44520,2132,6369,6327,9229,230,85
QuangNgai,12-09-2015,71024,41888,79229,96045,05194,22900,51477,88601,14743,27150,01664,61812,8371,3936,7315,2487,061,99
QuangNgai,05-09-2015,80692,52977,44035,67680,27577,17900,27323,63917,82455,10231,74917,98711,4278,7878,9046,9994,298,78
QuangNgai,29-08-2015,84261,31085,78450,42538,28263,92179,54280,24376,33354,22636,68218,41353,7795,1946,4989,3760,121,46
QuangNgai,22-08-2015,77189,10324,89768,79168,24484,49242,51345,42336,52968,14051,12009,95276,5402,1831,1902,2861,758,27
QuangNgai,15-08-2015,70064,34938,47630,77734,77477,73458,19333,35652,55445,11079,40301,60663,5477,1365,0445,7454,852,29
QuangNgai,08-08-2015,72346,95007,01867,19780,50193,90407,67525,42316,17549,71280,43171,56493,2123,8880,0469,4636,761,75
QuangNgai,01-08-2015,96578,83371,59350,22247,69600,42479,38972,39112,96074,09021,11445,43332,5614,4033,1636,5874,491,06
QuangNgai,25-07-2015,22892,86230,21980,38495,85265,91919,52640,49755,76164,04639,18685,97976,1006,3440,8384,2991,565,05
QuangNgai,18-07-2015,24260,72750,12307,39272,96221,47072,17094,28768,87241,44373,00995,95209,3998,8488,5182,5322,327,68
QuangNgai,11-07-2015,09612,07721,90557,01749,29317,17289,79572,63444,76208,07206,97014,06746,3966,0787,2841,6436,605,96
QuangNgai,04-07-2015,74855,65256,04981,82367,90756,24827,39380,01450,25112,74227,98084,25880,7839,0889,6579,9104,608,66
QuangNgai,27-06-2015,32101,71300,96059,49474,28361,29245,53549,25403,24863,08612,01563,52093,9771,6764,4087,7926,173,90
QuangNgai,20-06-2015,59835,87277,42558,09732,81118,76509,70590,83816,18775,97536,87556,82504,3447,3304,6375,1269,566,86
QuangNgai,13-06-2015,00314,30020,96558,50144,75142,02571,07150,25492,73237,79199,71025,50619,6148,2223,4487,9743,467,05
QuangNgai,06-06-2015,08738,67345,03000,91624,03982,05137,16555,65451,64863,12636,45295,74112,6800,0654,0089,7671,386,22
QuangNgai,30-05-2015,09801,30601,83782,01521,91868,91731,01149,67070,48956,65096,88842,28784,1345,8880,6264,0368,505,04
QuangNgai,23-05-2015,80200,43298,56902,42480,75949,96005,28575,24091,40721,94665,36097,15267,9141,8208,4062,2453,819,16
QuangNgai,16-05-2015,77730,25261,25613,05659,97284,30501,93006,73354,80841,42369,01035,66717,0540,1384,2763,5889,693,90
QuangNgai,09-05-2015,03967,93556,97152,64957,21420,24009,10661,39405,48723,61164,30174,86254,0015,1374,5697,9776,824,09
QuangNgai,02-05-2015,95070,18467,07248,52280,93449,99256,90714,82737,14026,19408,32426,08498,6434,8096,0381,1243,516,28
QuangNgai,25-04-2015,61841,21135,79750,09501,47757,10503,80881,31522,54431,76822,86909,45508,3529,4304,6094,8657,444,70
QuangNgai,18-04-2015,36531,45853,77435,06684,05552,85280,93555,01921,77427,10390,63847,88225,7634,5593,5409,0701,221,25
QuangNgai,11-04-2015,17905,64081,29269,77880,95545,93005,19801,80155,86148,71875,88039,03774,3299,9119,7439,1772,680,65
QuangNgai,04-04-2015,24787,51234,48016,36992,32876,38178,21543,24854,18532,42782,34460,35801,2985,7584,7432,4079,886,32
QuangNgai,28-03-2015,25132,69946,64457,66932,73629,90632,83691,37166,85209,25604,37316,11486,6723,7466,0046,8975,430,03
QuangNgai,21-03-2015,21923,94505,46078,84182,61777,56333,09228,94713,57213,99305,71858,65831,6693,5949,8804,8324,850,36
QuangNgai,14-03-2015,94537,49630,96336,97819,82439,74180,63901,95309,71178,86800,42538,64113,4588,0666,3568,8379,726,08
QuangNgai,07-03-2015,41975,72033,77219,89196,34507,99658,73360,06050,09310,12028,55969,84113,3107,9756,0595,1943,653,71
QuangNgai,28-02-2015,99955,86587,93190,92982,07244,13128,60188,96197,64494,57823,86861,16845,9758,0698,5729,0902,508,58
QuangNgai,21-02-2015,15417,46821,39926,65779,13982,25176,73262,24951,43335,06003,51166,16422,3830,2380,3861,4415,556,67
QuangNgai,14-02-2015,57090,83719,85295,55471,53325,47867,50106,35295,88140,85647,34623,29534,3112,5140,5484,5105,834,09
QuangNgai,07-02-2015,85463,41881,00000,34462,77239,53792,01249,08145,05769,20065,27718,80404,8721,3380,4280,4245,373,14
QuangNgai,31-01-2015,92768,86237,91837,51461,67810,52899,44910,83941,91886,25477,92105,51741,2720,9365,0922,9102,979,97
QuangNgai,24-01-2015,70868,94373,24424,40261,52066,36974,58617,21672,59056,77257,83793,84852,5383,5788,1873,7971,621,79
QuangNgai,17-01-2015,25591,38246,11333,07523,98844,20828,43518,43399,02887,26802,10433,49728,8880,5046,3584,0342,738,92
QuangNgai,10-01-2015,82138,37130,38344,61464,05464,17509,58167,64000,90938,26880,53807,63622,7595,8418,1681,0254,773,94
QuangNgai,03-01-2015,82671,90889,36539,72528,82929,15886,86193,06151,59823,65107,99666,44471,8532,0181,3627,8969,692,30
QuangNgai,27-12-2014,15297,94048,61024,85043,56730,62499,96943,60100,54740,18324,12470,88069,0737,2835,0669,2458,688,56
QuangNgai,20-12-2014,54705,83339,21020,86210,72545,16739,69255,44661,99649,90294,03014,39149,3425,0553,6711,8304,288,59
QuangNgai,13-12-2014,38044,12335,18892,46114,01845,58106,10146,62392,90170,31810,97408,10484,7830,3784,9277,9179,321,23
QuangNgai,06-12-2014,63613,63745,72269,12659,40555,46641,15721,09419,62978,99991,60831,39008,6792,6548,7818,2361,628,47
QuangNgai,29-11-2014,01084,46155,20146,16628,32404,01398,88975,29113,86417,39023,60573,17256,1876,4081,6428,5870,684,50
QuangNgai,22-11-2014,69781,98805,84882,01846,35376,44728,24571,61635,91911,71456,35203,72572,9789,1386,0638,7403,950,45
QuangNgai,15-11-2014,98828,97223,23357,36219,72223,18318,58231,20896,58079,34539,41650,75366,8867,1583,8506,2013,264,52
QuangNgai,08-11-2014,67036,44954,46690,92475,11070,08086,66015,44779,94896,08556,79059,91009,5032,7769,7635,4508,069,44
QuangNgai,01-11-2014,82526,21588,93880,29529,77046,57623,29313,57618,37769,24527,35842,22925,6047,1762,6304,9972,411,68
QuangNgai,25-10-2014,74045,88706,70608,45596,91703,18941,33052,95372,30696,20048,53087,54863,4482,1494,8907,6366,817,98
QuangNgai,18-10-2014,58900,21764,22313,20432,86927,61918,37726,34328,34844,82016,60502,24651,7476,9776,9023,8131,570,34
QuangNgai,11-10-2014,49711,88875,56466,02924,91228,60984,18360,91151,18135,76045,85932,22975,0671,1514,6493,4623,511,34
QuangNgai,04-10-2014,05052,78936,28521,38674,64356,63533,11847,37059,97216,17900,92399,63176,0467,3455,3366,8527,185,49
QuangNgai,27-09-2014,61475,27093,65613,54080,01275,19602,54958,36694,95056,45780,12764,62751,8495,4052,1527,9244,869,42
QuangNgai,20-09-2014,67265,48328,51087,36892,24560,87835,03781,12675,03281,89866,76431,21557,1179,7539,6638,2182,595,09
QuangNgai,13-09-2014,09999,99366,10275,58707,87320,82372,14797,00044,95835,76378,88557,81449,7936,8920,9146,6762,398,00
QuangNgai,06-09-2014,22452,79975,51495,64493,84143,73982,39604,50414,60459,01277,04399,15466,2379,0972,8513,5993,538,87
QuangNgai,30-08-2014,65516,04526,32438,50902,30398,30699,91436,28715,06456,67704,16841,55031,7580,0668,7743,5835,252,36
QuangNgai,23-08-2014,09714,27075,16114,30439,08066,34982,13159,27595,96856,99543,87202,93259,2566,9101,9719,0201,649,05
QuangNgai,16-08-2014,71290,38137,57508,44467,21319,99984,03279,22191,45349,45703,17572,10159,4376,1228,5616,9305,850,79
QuangNgai,09-08-2014,83610,23742,87748,28823,26784,21360,70687,08413,89351,72570,25220,98422,6805,3648,6285,7022,231,86
QuangNgai,02-08-2014,03198,79457,91044,09339,05990,73284,45775,25890,97614,69966,45153,46512,3097,9368,7213,4851,780,25
QuangNgai,26-07-2014,08643,73538,16879,57640,08364,24559,15409,79391,49892,33610,98437,59096,5687,1968,5559,7474,615,72
QuangNgai,19-07-2014,39874,14129,71737,17466,70592,23326,05627,15061,78678,73842,13004,20419,8222,0089,3846,6703,199,45
QuangNgai,12-07-2014,46276,08991,54451,97567,02388,63255,82378,17023,31426,98549,65720,62059,2864,1000,7705,2924,176,02
QuangNgai,05-07-2014,61902,55159,25215,70998,27730,40520,18279,94477,74830,21706,98017,35391,1407,1622,9305,0618,745,48
QuangNgai,28-06-2014,97263,32686,48021,79249,56303,80460,39968,60134,14173,23405,82793,60780,6398,2202,6735,9337,701,15
QuangNgai,21-06-2014,72052,50659,59411,30778,77418,13135,26210,28406,25945,00793,36020,76669,1158,5257,6903,8854,067,15
QuangNgai,14-06-2014,26763,17265,12703,57984,52218,64627,70056,06277,69269,06202,46590,46067,4675,8444,3720,2383,763,18
QuangNgai,07-06-2014,22304,11329,79709,22104,17157,69083,04515,26080,49821,46669,23609,75917,2629,3506,5657,1306,281,97
QuangNgai,31-05-2014,00644,85964,21009,64256,51046,81750,13097,51463,64406,23365,76630,33317,3466,0712,8058,6740,327,77
QuangNgai,24-05-2014,44004,95706,96447,20689,05103,72121,16184,81901,84956,99396,08786,73443,9290,0840,1369,5910,731,96
QuangNgai,17-05-2014,19856,73434,42509,63801,54469,66465,25765,74475,13899,93682,05689,92205,4620,1626,9800,9752,339,71
QuangNgai,10-05-2014,48159,78052,71896,87135,55385,91951,09085,95975,54898,02948,44942,18446,1309,2885,2220,3858,509,13
QuangNgai,03-05-2014,14818,03208,91507,37279,21918,44553,46184,87459,46489,04469,42854,95336,2421,0133,5579,2753,340,61
QuangNgai,26-04-2014,41436,61155,41084,38441,56717,56751,91697,37300,97548,98785,69276,07851,5714,3216,3651,1792,895,88
QuangNgai,19-04-2014,38413,03142,65123,52108,04444,05038,20444,75835,92542,74548,60892,30435,3382,3570,4986,7012,190,24
QuangNgai,12-04-2014,96776,56175,54109,64182,08523,83672,05175,07371,21487,08746,20281,42771,3436,5508,6027,0363,129,18
QuangNgai,05-04-2014,08263,84750,75588,34570,63715,22449,24360,46753,54236,07049,12520,27641,5464,2952,9655,8300,621,40
QuangNgai,29-03-2014,23178,59791,08954,81936,88928,92251,16152,34895,97706,80702,06487,91931,1895,0747,6113,4256,862,82
QuangNgai,22-03-2014,22113,38129,91750,59726,16892,78109,90187,74156,72948,03481,18829,50232,0833,3676,1016,4585,333,06
QuangNgai,15-03-2014,80407,97195,22218,89113,98040,96633,10243,34636,68191,41006,43115,12498,6397,1129,4198,5229,270,59
QuangNgai,08-03-2014,43567,78083,52861,61844,91024,41247,43495,52319,60248,69518,67819,35883,8969,5422,5743,6395,658,86
QuangNgai,01-03-2014,01965,73119,87351,98775,88696,66098,91414,16480,73088,01071,42504,04504,0771,4139,6747,2054,678,19
QuangNgai,22-02-2014,41401,20250,58094,76711,64493,35885,02377,49654,16120,59266,31402,80716,8689,1038,9280,1729,418,53
QuangNgai,15-02-2014,47252,49664,96632,21115,20393,02592,00923,26352,03179,00759,46939,76440,2935,0799,2132,8738,681,53
QuangNgai,08-02-2014,54344,87257,71494,00481,86528,25340,56446,25169,42905,07346,83279,99791,0226,9488,8128,3784,046,23
QuangNgai,01-02-2014,09423,08408,96449,75434,95231,03341,25550,92649,62245,10673,63473,05788,5861,3227,2191,6431,404,94
QuangNgai,25-01-2014,98263,07729,26132,87861,35276,08665,74980,17437,44110,29873,61715,28699,4041,0989,7843,8531,018,13
QuangNgai,18-01-2014,19667,24554,54538,92006,23799,82548,22065,12583,48443,45179,46050,31219,0880,8090,5988,3192,435,44
QuangNgai,11-01-2014,74472,54948,98717,84910,68526,56339,51881,89618,20971,96670,99541,73854,0329,4826,2959,0976,150,33
QuangNgai,04-01-2014,88756,33120,57380,12240,98020,76964,43199,58533,49264,84182,51379,41316,7382,2323,1346,8981,314,51
QuangNgai,28-12-2013,53832,88464,41919,14954,38690,85392,31285,46619,30917,77275,50881,58238,8452,8144,8780,4707,217,70
QuangNgai,21-12-2013,81005,02001,90916,66020,19152,82672,38827,79984,27728,18657,08288,25997,8352,4548,3476,8231,952,41
QuangNgai,14-12-2013,59210,26962,42835,62567,43471,57916,07244,79270,84650,52031,73168,54995,3692,7766,3134,9135,180,10
QuangNgai,07-12-2013,40765,24044,14476,65597,07409,38842,95373,72128,57240,10979,28694,36356,5988,7852,6648,8628,657,31
QuangNgai,30-11-2013,28775,12693,76686,20389,37450,45456,34092,20392,39354,91306,78894,85909,4186,0078,9212,0993,966,74
QuangNgai,23-11-2013,82973,62493,84214,32122,51888,89192,88625,46129,21336,29567,87735,00564,8664,2533,5300,0595,287,31
QuangNgai,16-11-2013,27040,02067,54201,12294,23161,50572,89904,12770,31714,88422,79296,38545,1959,3978,0333,7504,990,76
QuangNgai,09-11-2013,87625,16233,94080,90921,79889,25813,96613,89028,82608,11144,28890,59289,4416,3605,4124,4535,108,27
QuangNgai,02-11-2013,01716,12806,03506,83020,16132,11891,13021,00238,13119,81055,67598,80024,1254,8490,2337,6934,972,42
QuangNgai,26-10-2013,90576,63540,67646,07241,74097,73884,04933,50437,22503,39004,70407,23534,6304,1667,3422,1555,184,50
QuangNgai,19-10-2013,57339,54122,61253,68089,05701,93822,81311,32456,70241,85769,43254,99358,4076,7034,3778,7192,734,56
QuangNgai,12-10-2013,33065,47974,63650,75810,10331,74387,84536,54463,71266,89840,69738,64993,8649,1962,6770,3328,831,83
QuangNgai,05-10-2013,02901,38544,73182,09863,43509,32418,58925,62001,42686,78155,49227,39007,5359,2238,6670,7561,262,33
QuangNgai,02-10-2013,16347,26149,31030,02536,62024,63199,40000,29464,66009,85599,54781,76380,1652,2619,4745,0522,693,12
QuangNgai,01-10-2013,16347,26149,31030,02536,62024,63199,40000,29464,66009,85599,54781,76380,1652,2619,4745,0522,693,12
QuangNgai,28-09-2013,16347,26149,31030,02536,62024,63199,40000,29464,66009,85599,54781,76380,1652,2619,4745,0522,693,12
QuangNgai,21-09-2013,37564,98079,44118,82123,28810,72793,99497,86208,00781,59681,11586,24973,2862,5491,2253,4790,073,54
QuangNgai,14-09-2013,73685,21749,81690,95058,21806,47173,81107,70768,53761,10079,13210,41503,8159,7149,3292,8121,545,05
QuangNgai,07-09-2013,05567,98934,13156,66488,31291,41477,69178,55889,71718,60930,68118,72328,7549,0675,5616,2016,942,61
QuangNgai,31-08-2013,31288,22962,95804,31120,28883,18703,02379,68293,96237,33705,24545,18437,1800,7778,1969,2727,673,10
QuangNgai,24-08-2013,81746,62806,89481,86511,42245,21184,66362,42145,61418,01650,88268,20693,2859,6575,9890,0095,261,58
QuangNgai,17-08-2013,25372,66275,68348,53353,12813,42710,40112,35629,73026,82739,39901,62579,4479,3979,3810,2571,231,50
QuangNgai,10-08-2013,23549,68766,66167,54230,60356,77351,08936,39764,31000,91454,24724,72432,0853,1917,8398,9176,510,22
QuangNgai,03-08-2013,37512,45295,76087,08768,43471,63824,72342,05038,77769,00905,25479,57280,7303,2617,3785,3748,035,42
QuangNgai,27-07-2013,35961,92862,82636,17015,07186,27115,62258,41874,86420,08134,57427,90832,2443,0695,5548,3603,765,03
QuangNgai,20-07-2013,74392,10912,53162,93200,63565,30187,37403,78070,89506,42883,24137,95922,5938,6725,1387,8337,858,85
QuangNgai,13-07-2013,78555,68804,03691,50583,46146,94405,20018,30017,62566,77320,31875,82148,5509,3274,9261,9893,246,03
QuangNgai,06-07-2013,78607,43635,67617,50217,51643,01349,80851,33707,25748,13778,82558,88650,4267,0008,0982,2533,065,27
QuangNgai,29-06-2013,73573,68679,07674,92165,58822,59770,51942,27882,41144,62445,26594,29211,6988,7014,2867,4869,643,91
QuangNgai,22-06-2013,01377,68164,77931,20353,66749,32541,25081,12208,10753,30013,12483,96532,0922,3203,4443,5580,460,56
QuangNgai,15-06-2013,86373,25353,43052,80426,91902,44871,68869,17382,27590,60445,66176,20714,7799,6727,6004,2261,962,87
QuangNgai,08-06-2013,89720,31527,20590,46540,68700,21604,86744,57998,40418,78406,22666,23693,5322,2751,6216,5911,028,47
QuangNgai,01-06-2013,02566,78110,80768,34509,91915,03273,40235,24696,88141,46538,46112,45721,9489,7545,0426,0739,322,37
QuangNgai,25-05-2013,43088,83423,86655,63510,61332,64366,25740,34360,50880,31261,12536,53145,4167,9184,2713,2416,107,54
QuangNgai,18-05-2013,50238,14106,31113,28220,92013,15919,39728,22181,04617,59827,89735,73794,2173,1595,1980,2542,668,77
QuangNgai,11-05-2013,32188,12883,48224,40501,56194,07010,76497,93797,85876,81606,74895,70586,5928,1525,0808,7868,367,35
QuangNgai,04-05-2013,81609,21660,76127,30928,98209,93123,06720,40977,03415,31482,10678,32592,2893,9811,4768,1440,147,43
QuangNgai,27-04-2013,30366,37528,26567,69382,35344,07625,52088,85824,18011,51880,08305,99582,7706,6566,1127,9102,381,89
QuangNgai,20-04-2013,35064,93463,09762,50039,13701,81628,75527,00229,89869,07992,72904,99187,9326,7194,5390,4728,043,05
QuangNgai,13-04-2013,56323,49977,12168,01254,70215,50924,56511,99053,83539,05315,17680,88347,0556,3862,8209,7453,441,45
QuangNgai,06-04-2013,99404,23557,10946,24444,83209,23980,88718,74204,32775,27798,53401,23524,6836,4164,5054,4388,200,14
QuangNgai,30-03-2013,97239,91175,86548,70210,67466,38946,64837,90728,00233,71757,22097,82171,2428,4421,2996,0110,652,01
QuangNgai,23-03-2013,31335,83879,16381,87842,12817,25707,65015,39148,59874,42468,94236,20670,5398,0812,8523,2006,616,83
QuangNgai,16-03-2013,31718,47676,40252,94049,85041,88117,03131,80675,57035,48234,94522,22376,4812,5965,8824,3425,948,81
QuangNgai,09-03-2013,22814,45664,14157,57464,84113,89440,51761,20845,41298,50360,46875,18066,8976,0282,6651,6554,777,32
QuangNgai,02-03-2013,58515,87031,11309,53027,78350,48891,17718,64857,15499,34609,07961,84017,4204,7500,1468,3010,779,76
QuangNgai,23-02-2013,05638,51057,83496,00179,08559,21924,17363,90830,47302,72513,60289,94936,8822,9447,1842,6923,665,07
QuangNgai,16-02-2013,24998,64886,01764,19667,71504,30128,23457,80911,55709,12420,48927,67499,3734,1560,5097,0938,207,07
QuangNgai,09-02-2013,88414,91601,18067,78584,66041,11950,02498,86685,17932,81429,07423,10518,7097,4913,7419,4918,222,61
QuangNgai,02-02-2013,26573,15536,51421,22329,60051,68125,13083,07713,75799,29574,92405,05434,3814,5739,7322,4605,363,71
QuangNgai,26-01-2013,67053,18619,52565,08979,72971,29079,10646,94277,49277,42911,15229,26014,9249,7146,3861,5838,488,46
QuangNgai,19-01-2013,48260,21768,59435,63911,46283,30184,46661,24555,47731,70502,61178,69399,7078,3411,0284,8476,845,11
QuangNgai,12-01-2013,20023,07192,37074,79318,62859,76180,38804,55372,97853,10213,21438,09652,4401,9636,0297,6448,569,98
QuangNgai,05-01-2013,09529,44695,53260,80564,13927,36934,03044,77266,71699,86405,75723,58690,6195,2228,6517,2530,482,94
QuangNgai,29-12-2012,04686,70241,58799,20850,42895,08578,05881,10698,81847,83944,18392,56254,4117,6409,3966,3172,457,06
QuangNgai,22-12-2012,28927,21989,79300,37362,56697,14862,36500,48509,50549,91350,67089,79223,0948,6369,6568,9958,460,61
QuangNgai,15-12-2012,31669,55505,96986,16225,42039,40692,44267,77890,51400,08804,73014,09873,6620,2222,0966,2974,079,23
QuangNgai,08-12-2012,18296,26467,21676,10453,60038,37635,58397,18651,68646,64510,68262,00365,8528,8253,2736,8726,754,50
QuangNgai,01-12-2012,94891,38222,77776,68368,38757,75399,88591,90919,26868,83107,16866,66615,8559,4007,0571,2477,797,17
QuangNgai,24-11-2012,39660,95972,87919,72406,80467,88942,48412,69899,81040,18515,89794,69242,4566,0106,6197,5138,317,48
QuangNgai,17-11-2012,85568,27143,29584,48254,15813,78356,46117,27937,40299,53894,71284,39508,5554,4182,4731,8023,700,80
QuangNgai,10-11-2012,05194,71753,14147,06022,61815,26775,10639,84766,59682,56542,10755,25081,1049,7454,9994,8418,675,44
QuangNgai,03-11-2012,37358,53693,50808,72683,94295,20985,86106,05517,91909,36754,29572,34544,4610,4464,6310,5502,268,25
QuangNgai,27-10-2012,98828,46125,32695,54738,71498,88987,64051,36630,54740,55817,04659,56549,0564,7127,9142,2539,275,59
QuangNgai,20-10-2012,43981,78011,47208,77964,80404,06934,76212,81802,30425,97071,35344,54516,3395,8207,0492,7193,126,38
QuangNgai,13-10-2012,88651,23482,01293,43128,64302,20263,61919,17812,74753,83071,37403,48229,7324,4864,7004,1134,032,06
QuangNgai,06-10-2012,70245,99391,33525,53218,00699,21433,42635,10035,46371,82413,96434,31285,8083,5389,5976,6971,834,39
QuangNgai,29-09-2012,96110,50814,78480,47766,52296,52831,36484,55643,70497,20896,06521,21010,8493,9187,2958,8953,485,67
QuangNgai,22-09-2012,44023,61638,01004,13369,67057,40073,90399,96507,19299,09391,94568,96599,2061,5943,6920,2395,980,59
QuangNgai,15-09-2012,80297,65672,32220,47226,84272,91519,18160,67167,96513,78679,10953,93765,1143,7662,6499,7510,682,71
QuangNgai,08-09-2012,78086,33980,37193,64741,34020,32133,44960,21712,48016,85986,96800,62456,6114,1620,9803,5363,155,59
QuangNgai,01-09-2012,24213,82765,95135,63684,94280,65670,98709,87261,51912,87413,02739,68731,3632,6351,6082,3513,478,44
QuangNgai,25-08-2012,40986,00428,85794,67279,39860,32093,68214,19482,65190,23349,51911,50865,6152,7520,4028,5526,566,27
QuangNgai,18-08-2012,28451,36599,33340,56668,27676,49208,80148,61590,65960,54733,21748,01395,8895,8582,0686,0341,825,92
QuangNgai,11-08-2012,35895,47404,50319,85769,06512,23365,48449,56685,10189,12302,13794,47333,4771,4191,6456,4757,660,13
QuangNgai,05-08-2012,56227,02569,56398,69768,57262,40902,78882,86909,75531,37202,62044,51712,3494,3448,3102,6654,251,45
QuangNgai,04-08-2012,56227,02569,56398,69768,57262,40902,78882,86909,75531,37202,62044,51712,3494,3448,3102,6654,251,45
QuangNgai,28-07-2012,74018,34065,11738,72655,48122,26323,95535,71506,34519,67525,57497,49209,6255,2582,5254,5592,012,14
QuangNgai,21-07-2012,45291,14897,66875,49272,88189,90904,68119,35517,52715,08259,24766,47476,6899,5404,8896,8497,269,86
QuangNgai,14-07-2012,82499,14719,84695,71143,41194,30053,12194,98668,30033,66560,75304,78861,0857,3675,1775,4497,134,46
QuangNgai,07-07-2012,82606,41219,38581,51402,87431,13195,86269,62809,09783,41182,89224,15723,7835,8402,1152,3104,232,03
QuangNgai,30-06-2012,02197,62431,38339,30247,49996,85973,81765,38847,28297,68995,00711,50872,3095,3859,8090,3954,153,70
QuangNgai,23-06-2012,80906,01362,15669,61886,15505,51685,22250,51124,20842,86559,11901,33981,0297,4573,2658,6868,956,02
QuangNgai,16-06-2012,43375,86944,13616,60742,50434,45050,33338,03180,96536,70965,18104,00062,7402,1375,7099,4503,655,37
QuangNgai,09-06-2012,59499,39582,23453,97405,37713,11072,34046,07086,03634,07898,81146,88264,6548,0229,3675,0302,934,64
QuangNgai,02-06-2012,27384,05118,79262,70142,93694,93930,31648,84467,83763,44188,15175,29461,8258,4944,3604,2659,118,34
QuangNgai,26-05-2012,35234,86558,81674,70433,73580,15452,71762,83923,01069,44986,79694,22389,8390,9330,5059,8497,382,60
QuangNgai,19-05-2012,04469,65683,79944,65552,25887,54495,82472,98764,06802,70131,59591,44909,4052,7736,9669,2113,221,67
QuangNgai,12-05-2012,68399,07746,84770,70864,49420,43496,43726,44683,02105,12275,46691,49759,4910,6404,7739,3233,240,55
QuangNgai,05-05-2012,65290,36972,75920,05114,96131,25252,01168,39233,68890,05361,15466,50589,3513,6287,8645,7572,913,44
QuangNgai,28-04-2012,78961,49054,49003,63054,43278,01153,91766,35525,03790,69166,64116,18425,6011,8830,7221,6723,769,43
QuangNgai,21-04-2012,72515,85085,33144,69260,60785,20863,69032,43787,52637,54443,18581,07405,5379,8887,5147,8277,358,42
QuangNgai,14-04-2012,67565,63524,21844,98109,23945,80667,39573,75764,89094,40327,99052,63644,7964,8819,4392,1427,436,80
QuangNgai,07-04-2012,86649,27452,51164,55944,68733,71207,16838,55334,03240,44901,93087,55806,5805,9546,1038,0794,760,18
QuangNgai,31-03-2012,78984,11460,78641,23433,14069,29834,04992,38723,37459,91421,78446,60258,6228,2008,8515,0330,051,37
QuangNgai,24-03-2012,06924,19621,88336,50589,64460,83557,82622,27000,64673,06059,39551,98543,3173,3741,3011,4759,570,22
QuangNgai,17-03-2012,82317,73118,03176,38226,39242,81904,65137,54184,42313,52865,50873,05926,0195,3068,2035,0325,026,95
QuangNgai,10-03-2012,92199,64056,75803,26527,29343,68446,04920,35446,48538,60803,93042,75896,7426,7411,7091,8147,389,34
QuangNgai,03-03-2012,77976,28422,97978,95906,89365,25841,25770,73033,59352,02936,75612,98715,2319,1136,5881,4893,835,43
QuangNgai,25-02-2012,83307,95811,71200,88010,19874,33981,80319,12662,52729,73898,70957,34586,7887,3796,9716,1568,370,44
QuangNgai,21-02-2012,76132,52275,27187,13835,20069,44087,92751,78665,53206,49560,49235,57768,2506,4817,5122,0966,811,42
QuangNgai,18-02-2012,76132,52275,27187,13835,20069,44087,92751,78665,53206,49560,49235,57768,2506,4817,5122,0966,811,42
QuangNgai,11-02-2012,96763,05372,18332,77863,83867,14360,26314,45818,43938,48398,43815,69030,4088,2656,5737,6999,018,84
QuangNgai,04-02-2012,85839,03881,01038,35265,43852,18553,53790,87575,05540,82827,64272,51179,6871,6431,6166,0222,827,31
QuangNgai,28-01-2012,94712,45853,83076,10862,54860,26734,53730,15798,22083,67151,84027,38645,2646,0588,0956,9550,619,25
QuangNgai,21-01-2012,76904,77036,58643,20940,27707,06290,20701,64641,56982,49685,75285,27802,1247,7798,6474,6118,500,42
QuangNgai,14-01-2012,85611,28576,74799,97624,39602,08370,90797,55110,69822,99411,98043,63634,2203,6860,0433,9621,922,72
QuangNgai,07-01-2012,53014,76819,02882,25960,89998,34018,79290,07272,73481,16935,42635,02466,3032,7143,4735,8324,362,33
QuangNgai,31-12-2011,10682,54055,82166,87622,12662,42257,64123,34460,79851,46347,03549,44493,3870,5799,2181,9171,211,29
QuangNgai,24-12-2011,40599,46639,90626,69501,11709,57989,19606,40468,52533,84841,23965,39976,0093,1633,7225,5802,523,00
QuangNgai,17-12-2011,81652,81496,41673,27364,58051,76173,01533,26394,58167,23000,36423,11048,5804,6558,7565,2501,220,05
QuangNgai,10-12-2011,39649,27067,66816,17170,02287,85533,67485,59552,30999,75651,44477,23646,3257,6155,0481,8848,708,70
QuangNgai,03-12-2011,77100,62978,76571,29775,60730,55199,01772,74649,74387,37200,74520,70479,0225,5522,5017,7058,359,42
QuangNgai,26-11-2011,23607,08248,02154,03248,01870,60929,71357,74958,57088,62738,31945,21197,6359,8989,7743,4299,498,22
QuangNgai,19-11-2011,27847,41593,56829,15663,31995,96859,71388,09087,09408,16344,13989,78062,4707,7827,4768,2648,067,73
QuangNgai,12-11-2011,90065,85004,54788,97352,53774,53621,71127,75266,73071,68840,54300,97015,7285,3106,8721,4856,677,36
QuangNgai,05-11-2011,95271,33030,61143,12305,94654,96378,84012,56195,56524,80728,77609,37674,5797,9431,9805,7354,394,38
QuangNgai,29-10-2011,73579,59982,78702,11429,20102,62329,00701,68923,83877,09530,18781,60192,3092,5858,0962,1747,842,26
QuangNgai,22-10-2011,49208,31627,52721,26361,93895,48185,51199,36430,84658,92116,60747,83245,6882,0985,3373,8697,309,71
QuangNgai,15-10-2011,25785,50936,79293,50879,25924,11603,45638,86986,80462,84517,26508,59416,0657,3694,8074,3592,240,37
QuangNgai,08-10-2011,13722,67124,20733,08257,74857,30464,15190,41840,74987,70634,62878,54985,4961,9508,5548,5598,727,35
QuangNgai,01-10-2011,05621,06762,18451,95016,63128,77134,78786,17587,05429,23587,10585,94052,3257,3940,1875,1739,188,70
QuangNgai,24-09-2011,29639,72559,09644,60968,05311,86551,52634,59186,46020,14456,17054,26934,8139,5129,5142,8326,174,17
QuangNgai,17-09-2011,25942,04567,84152,45083,72509,83780,32964,86719,62868,21807,18469,96803,5103,9911,9417,3856,970,57
QuangNgai,10-09-2011,69283,67766,81733,49485,74010,55554,42961,66797,86357,79759,40564,25539,4370,4703,0496,2866,834,28
QuangNgai,03-09-2011,92684,23691,98060,22981,95713,68441,25956,64155,03538,53798,43737,98827,8455,4725,9087,9430,175,21
QuangNgai,27-08-2011,55951,55716,05437,50439,77971,44999,22926,85136,40824,50081,16049,48678,9333,7750,1400,1766,887,86
QuangNgai,20-08-2011,00406,17215,72869,18091,75074,36639,87754,64336,48597,72689,26629,05182,5465,3631,9605,4019,010,58
QuangNgai,13-08-2011,98174,56609,81715,16086,02242,10205,57360,09489,00079,03449,98218,44181,2244,3430,7832,9078,763,75
QuangNgai,06-08-2011,33462,15981,04500,29960,28950,46057,48050,03362,16890,97103,00756,82485,9560,2754,1859,3783,283,58
QuangNgai,30-07-2011,72916,10685,72484,26617,53088,88210,63052,06503,06882,92772,45281,13580,5985,1553,1440,7020,080,92
QuangNgai,23-07-2011,99383,92622,10780,44898,64723,64760,55194,55373,09768,12199,06319,30734,8244,4539,2423,1511,304,37
QuangNgai,16-07-2011,60633,47693,08177,77406,43456,79240,22535,57582,78689,19934,60212,59231,1618,5795,1358,9611,440,66
QuangNgai,09-07-2011,62960,66706,52052,32723,93562,77080,30673,92441,57036,95162,72818,72771,0772,4126,8778,3384,405,77
QuangNgai,02-07-2011,71721,62924,62940,86375,73223,61596,73816,08335,47268,41912,52290,53704,4285,8073,0532,0695,742,22
QuangNgai,25-06-2011,56162,29167,57673,68871,13925,51340,83849,82552,67120,83766,81403,28884,9022,9764,9798,9685,086,76
QuangNgai,18-06-2011,31855,76046,20274,07353,68110,51413,22934,59745,77522,02838,06167,20442,9152,8921,9718,4036,776,48
QuangNgai,11-06-2011,76528,55411,28873,32213,95882,24361,22494,30268,55840,29855,06654,30514,4991,8885,0301,9050,185,67
QuangNgai,04-06-2011,56795,12962,15054,67497,77890,87294,21583,75419,40553,74919,68897,49588,0298,4996,9759,4304,819,57
QuangNgai,28-05-2011,18645,41392,23513,04740,82614,44657,74189,04623,91551,77460,07673,66057,0311,3481,8929,8417,401,09
QuangNgai,21-05-2011,70405,56010,95831,12557,12258,99693,92930,86926,53613,00360,00865,46804,0104,5171,3727,8166,714,58
QuangNgai,14-05-2011,07117,97857,97344,62966,32362,63476,92252,08670,37595,29530,22772,52562,2864,5526,4606,0075,432,63
QuangNgai,07-05-2011,68806,65650,83163,68831,30556,39124,39518,03346,18359,59283,98902,27772,8817,9313,2822,0998,197,74
QuangNgai,30-04-2011,16876,60759,88928,54980,82216,21679,67794,07567,92977,05685,24731,57781,4682,2327,7091,5673,266,97
QuangNgai,23-04-2011,08669,51889,71035,95596,32706,95171,06300,70940,51795,09408,51974,65151,4151,9358,9447,8928,778,36
QuangNgai,16-04-2011,22970,38246,85872,67349,33327,50284,93264,11952,44638,19979,63776,38186,6468,4998,3248,6913,794,29
QuangNgai,09-04-2011,40552,48471,90890,30210,23677,67595,72030,91921,06928,09044,85199,74169,1941,7690,7173,9923,444,90
QuangNgai,02-04-2011,73757,29005,34797,45787,17566,54874,85298,06708,28511,07417,46640,24228,9330,4572,0871,5608,719,97
QuangNgai,26-03-2011,30890,02254,55876,13762,03316,68535,85808,89113,02292,31453,65271,48502,5326,5069,3412,5122,896,62
QuangNgai,19-03-2011,58589,44298,66220,37762,83014,76052,38084,05727,28216,70246,56754,75042,9318,2233,5674,8990,310,24
QuangNgai,12-03-2011,54303,05610,21557,04276,53273,66516,16411,35170,46888,12007,84125,37138,2325,8398,6134,6080,029,07
QuangNgai,05-03-2011,21891,05193,65280,13359,29962,91472,57668,16487,52698,60483,93187,60888,5175,1352,3853,1387,622,65
QuangNgai,26-02-2011,88359,77982,04812,40476,30451,40651,50743,60549,42133,57833,03028,98702,2093,8041,6852,7021,712,28
QuangNgai,19-02-2011,16835,36639,30082,81669,67508,23484,16743,09667,06959,79330,20504,58932,1031,6672,0567,5375,010,83
QuangNgai,12-02-2011,33459,40023,32429,22734,50718,07495,46951,02507,86257,85897,17760,67526,1363,9351,1365,3404,657,09
QuangNgai,05-02-2011,50365,03516,05510,58192,46761,72340,57771,01003,28625,73366,53258,62154,8552,8967,6655,0917,114,71
QuangNgai,29-01-2011,40446,31958,00578,55307,81226,92002,00189,51611,10712,13100,74019,89423,7327,0437,9505,0599,734,20
QuangNgai,22-01-2011,84596,97934,99039,06051,49834,79584,60688,20691,49364,74170,01508,96566,1447,2398,1254,8658,363,67
QuangNgai,15-01-2011,87212,65355,87105,96626,43090,88030,57447,75095,18740,03591,30351,29864,9786,9786,8409,4458,411,31
QuangNgai,08-01-2011,96763,86025,37867,66740,94190,02318,28777,77828,01154,47299,93652,51689,1871,8725,0193,1903,519,98
QuangNgai,01-01-2011,22694,27159,23677,76180,54520,20444,14089,44093,78084,98917,08500,99697,0709,3183,8271,9302,558,93
QuangNgai,25-12-2010,71132,51015,35232,43004,11471,36379,75490,78997,27059,59446,60895,86109,8019,8856,3877,2240,284,35
QuangNgai,18-12-2010,19496,45958,78640,21678,38116,94495,98565,06913,27836,54066,59651,14823,3478,0721,6567,2270,077,40
QuangNgai,11-12-2010,71952,23054,53062,56623,98865,56739,86508,87346,48961,50993,24831,61611,5728,4174,6812,3554,328,96
QuangNgai,04-12-2010,24242,02336,22668,73477,05232,65695,08751,43359,58292,99549,52230,20402,2562,1456,3615,0111,121,09
QuangNgai,27-11-2010,39818,29045,77908,68983,11327,25971,36891,46803,28524,95325,42551,45600,3232,4327,1017,7621,061,40
QuangNgai,20-11-2010,71792,25801,13405,18618,67628,87348,35745,05862,78639,61654,91997,18134,4862,2149,5737,8617,976,21
QuangNgai,13-11-2010,91275,98809,43101,59092,48015,31853,89584,78148,12063,56837,57761,80434,0807,1193,5441,4399,425,26
QuangNgai,06-11-2010,02994,67057,76200,34935,94385,48325,84904,37113,80757,84265,04737,68334,1446,8402,3782,4870,188,78
QuangNgai,30-10-2010,94734,85791,45712,94227,39391,00256,77421,48656,39601,90812,91909,60066,2072,9817,8010,3098,586,81
QuangNgai,23-10-2010,70149,42013,55623,88232,56008,13993,95761,26978,65921,36577,03395,80706,3837,6787,2628,8454,372,42
QuangNgai,16-10-2010,03294,13536,83406,38647,21594,85882,65728,31144,64439,59036,46849,80225,7145,0596,3747,7747,747,34
QuangNgai,09-10-2010,94272,60425,31232,83003,46546,32292,68710,69632,31791,68438,57680,59766,7981,3626,5088,9034,940,63
QuangNgai,02-10-2010,28664,51267,32736,80992,18571,76223,66002,27372,69560,49127,54537,00180,8653,9464,7666,1686,550,49
QuangNgai,25-09-2010,60445,87004,66393,35628,62303,60525,34993,74791,80127,64456,72047,41788,3189,6146,2661,8905,260,91
QuangNgai,18-09-2010,32938,58503,07043,50609,52474,25820,50742,51303,51255,64057,64447,03544,8721,6827,5258,7102,561,50
QuangNgai,11-09-2010,05605,16293,30749,82918,31639,15616,42477,72479,78939,16143,46131,55412,3598,6294,2309,1065,162,19
QuangNgai,04-09-2010,17220,14305,97370,14845,85880,91313,58490,51260,28065,81160,17470,78082,2626,8223,6177,9316,874,01
QuangNgai,28-08-2010,26537,26259,44574,18712,52362,61241,42072,72987,36402,22402,58211,96003,2689,9956,7733,2011,095,02
QuangNgai,21-08-2010,16880,22836,88306,09545,37704,37929,89231,43159,27332,86051,64526,37324,8210,2696,7895,2609,450,09
QuangNgai,14-08-2010,87908,37236,55005,81735,64615,13663,36077,36467,99671,47367,50382,24298,4642,0244,3243,6360,444,87
QuangNgai,07-08-2010,47672,19709,55294,19366,23533,84022,08493,60522,77151,67475,47182,70963,2573,1762,8944,1033,147,17
QuangNgai,31-07-2010,35841,99968,46586,95821,48571,78084,18361,48962,91245,57400,70513,16509,8276,5672,8966,2833,509,64
QuangNgai,24-07-2010,95484,21712,48619,08618,89193,55267,15732,06151,17375,44908,14953,41715,0661,5489,0096,9565,619,31
QuangNgai,17-07-2010,09754,45506,12193,34641,83002,59205,17052,26434,47849,69407,84847,26841,3674,0417,3835,6134,410,40
QuangNgai,10-07-2010,72983,14656,10101,19819,18866,50664,56678,58059,39768,39115,12338,40212,0434,9114,9395,4358,195,10
QuangNgai,03-07-2010,38612,42933,45463,25410,33546,28536,75100,59057,38499,01414,71982,77338,7149,2853,0212,6836,194,54
QuangNgai,26-06-2010,08240,72723,72409,33688,32908,60204,30535,34587,79043,13742,69974,34453,2439,6013,7544,6029,621,53
QuangNgai,19-06-2010,91524,83951,91207,04081,53067,58161,45555,50071,61017,37325,29299,35207,9514,3795,6066,9780,690,21
QuangNgai,12-06-2010,53224,58428,67380,76288,54999,37611,97026,64468,34724,23653,16211,69351,7052,3863,7557,7848,110,45
QuangNgai,05-06-2010,53754,53470,13591,58531,66982,78748,22228,02050,74898,89477,63178,32049,6333,4389,4277,3271,835,36
QuangNgai,29-05-2010,48739,11137,36105,46502,05258,20375,36190,40482,45525,74293,96185,69983,7030,3841,7603,1477,815,61
QuangNgai,22-05-2010,47381,61087,34636,46316,60980,67576,03475,72000,89647,53190,55979,51956,3899,2195,0602,6934,069,67
QuangNgai,15-05-2010,79560,44066,05666,00153,19756,61618,06013,41901,98289,62711,83196,62985,0841,3129,5120,3634,508,16
QuangNgai,08-05-2010,99898,18887,68196,05959,52608,00845,39387,70400,21995,98773,84463,06496,3871,9044,3106,8756,231,83
QuangNgai,01-05-2010,43659,77755,17517,05819,70683,86465,15131,17852,77492,04639,02842,74314,1455,8205,1446,2138,647,28
QuangNgai,24-04-2010,92685,19511,25274,58247,66271,66616,85027,70668,81904,05379,98259,21861,8892,9619,7948,5851,326,56
QuangNgai,17-04-2010,64232,09433,42097,42876,75878,44564,43443,59513,36857,29620,44385,50739,9064,9795,3867,2817,838,78
QuangNgai,10-04-2010,40067,51312,84167,98973,21738,50904,44933,63551,88468,93137,82744,46949,4276,5082,8060,5367,242,93
QuangNgai,03-04-2010,41128,16978,17203,05533,76350,93043,13238,36898,06935,60292,80407,57706,7162,9009,7374,5075,547,29
QuangNgai,27-03-2010,70150,26293,52968,24701,22087,25247,71004,32896,61484,54787,35638,57819,6422,1823,3078,1650,348,41
QuangNgai,20-03-2010,83634,60355,23398,65320,74590,04220,57608,82571,84540,65507,30682,80737,1172,7637,8857,8516,983,49
QuangNgai,13-03-2010,02250,33766,59333,14059,17856,23587,11984,52954,02993,88199,80252,53190,6041,7391,6205,9378,467,01
QuangNgai,06-03-2010,78763,70599,47934,42579,92492,31614,56158,77878,86622,99514,38695,30881,9272,8999,5538,1076,409,04
QuangNgai,27-02-2010,96740,96695,38590,03293,24296,78739,86488,81772,47722,56012,78138,72657,6897,7180,9869,3255,519,49
QuangNgai,20-02-2010,07193,15225,16315,10706,99024,16847,96536,77413,96635,77092,62038,92321,3969,9186,2938,0980,247,47
QuangNgai,13-02-2010,68372,47984,15761,48483,66043,63711,06947,31791,99994,93570,27801,52078,0675,9450,5572,8674,966,15
QuangNgai,06-02-2010,94729,22504,64235,62140,23375,93839,00435,11090,22694,25575,46571,33984,6379,4277,2550,9568,055,27
QuangNgai,30-01-2010,75946,89186,29989,61289,58485,13576,07069,78166,67221,38566,30490,22578,5244,8429,8780,0915,305,00
QuangNgai,23-01-2010,11441,50159,53341,56137,91655,93296,33028,80476,13236,77693,71529,24117,6324,3073,3813,7610,037,15
QuangNgai,16-01-2010,85286,13290,69218,35207,14064,76648,06745,25692,33239,26742,27963,51271,0922,5374,1961,2711,893,13
QuangNgai,09-01-2010,07553,47156,17140,54525,77573,55489,17419,38195,66489,60320,31431,69070,7254,0241,4238,2331,121,54
QuangNgai,02-01-2010,42832,46913,25121,35264,08693,39395,31967,62102,76774,71089,47106,58761,3964,7809,8321,9304,699,24
QuangNgai,26-12-2009,88069,24700,31974,63969,90542,26555,02662,39324,84676,80376,85568,93488,0689,6932,2593,2664,685,74
QuangNgai,19-12-2009,55104,78406,34943,47346,95826,39376,48402,09744,29458,15337,64150,32710,1107,4724,7051,2639,633,66
QuangNgai,12-12-2009,58757,13439,82682,10761,91550,86703,60271,31302,77821,38540,31144,32990,1815,3673,9838,1274,549,71
QuangNgai,05-12-2009,81646,44916,89300,24017,73949,31713,26817,60288,49187,39054,16304,91215,8275,6406,2818,5726,186,92
QuangNgai,28-11-2009,37714,17459,15826,29211,24061,04268,26596,86643,59658,21305,13117,75790,0720,1421,1767,7997,050,99
QuangNgai,21-11-2009,52094,82871,14614,20594,29453,34674,03042,85329,14064,39482,36446,80101,6518,3823,2171,5013,593,33
QuangNgai,14-11-2009,23515,33131,67021,54120,22326,06088,74729,20860,73804,36633,99651,81800,2933,2367,2860,3426,017,45
QuangNgai,07-11-2009,88288,16100,58296,91912,02671,53940,32008,83320,03102,02966,04509,96258,2474,0313,7578,5893,535,02
QuangNgai,31-10-2009,48010,89799,61208,70504,76892,97132,19770,82090,12659,86066,56777,60674,0991,7983,0470,4408,302,21
QuangNgai,24-10-2009,82879,99969,37507,75063,10918,99930,72885,53648,95315,07083,00806,51437,3224,1378,5055,3682,827,68
QuangNgai,17-10-2009,63320,46102,41866,82304,17199,83181,41863,48944,44880,63995,30832,21799,7064,3368,5299,4313,106,57
QuangNgai,10-10-2009,09099,47726,80602,02941,24882,63003,39802,63886,37596,17083,69748,15087,1460,0436,3000,8837,248,19
QuangNgai,03-10-2009,18688,72596,96876,89920,89127,97946,09640,77760,36298,00912,89520,45549,5965,5955,3327,6271,786,91
QuangNgai,26-09-2009,69187,73701,91038,13750,03777,17479,04803,66778,14594,47497,23180,73354,1332,7287,6686,1889,378,28
QuangNgai,19-09-2009,93772,69426,83793,37822,00276,39057,12667,44003,75740,65148,92169,55805,2346,3566,7857,6783,646,95
QuangNgai,12-09-2009,04698,34886,80813,27853,93276,40673,80160,50531,34257,84740,84198,63491,0730,5140,5249,0226,417,71
QuangNgai,05-09-2009,35411,24086,08700,40018,08950,89888,50784,77686,04330,44918,79198,46824,8727,7226,2735,5760,511,23
QuangNgai,29-08-2009,06775,49481,21748,51021,03747,98744,66765,73611,67962,97444,57943,18688,8000,0286,1264,0210,489,11
QuangNgai,22-08-2009,83525,84293,16210,49333,42414,10839,40329,39089,22605,51972,17709,50336,3909,3295,7513,9322,276,03
QuangNgai,15-08-2009,73434,83600,61116,32104,60926,05300,65301,91069,12433,00431,61796,66717,9613,6513,6945,3617,841,45
QuangNgai,08-08-2009,42291,77341,76549,52710,20590,78755,41685,21199,93563,37869,90453,95634,6087,2725,2900,6945,252,56
QuangNgai,01-08-2009,42293,53234,99617,75815,96777,25445,96722,63469,25879,82746,07885,45824,4404,1480,0171,1989,269,05
QuangNgai,25-07-2009,87701,77224,22649,68732,17567,43832,62846,33865,44652,19797,97836,57585,6437,0028,2446,2007,924,64
QuangNgai,18-07-2009,12326,44526,69488,69488,18876,85979,17716,35848,31919,83463,17459,63724,0096,0096,9915,0665,867,66
QuangNgai,11-07-2009,04295,30225,43996,88422,05453,64812,03788,01837,85691,39751,66024,64238,5234,5636,1203,7338,399,04
QuangNgai,04-07-2009,08785,29975,66676,63715,67393,82927,38265,50023,48572,84598,71584,17426,4252,6655,7519,0608,248,44
QuangNgai,27-06-2009,02612,02390,44853,34624,54062,67741,80626,22670,35012,85155,60221,99563,9165,4708,3096,0652,594,86
QuangNgai,20-06-2009,41471,49504,48611,00563,29923,29012,52677,52094,65038,97518,60197,75086,5386,6895,6903,6943,223,53
QuangNgai,13-06-2009,75545,19238,87732,29835,99146,65051,18334,54136,60852,83415,36843,08313,8620,6331,4115,4441,019,53
QuangNgai,06-06-2009,88198,23131,69273,58489,18376,00867,93008,21990,95982,98811,67778,65475,1355,3279,5833,3080,987,88
QuangNgai,30-05-2009,51607,64220,52102,25573,17431,29091,53855,60539,25685,97228,69676,20843,9738,7650,1507,0081,893,39
QuangNgai,23-05-2009,29159,18697,55211,31442,89668,43845,42350,14800,98180,63362,18736,58348,6042,0891,3373,1703,250,15
QuangNgai,16-05-2009,51742,33503,68700,82172,04516,62670,44108,12785,30180,13697,11967,57585,4315,6642,5491,1821,056,75
QuangNgai,09-05-2009,33888,71767,92181,80726,03374,09377,55232,14456,76122,93676,40549,87914,9087,3322,5219,4260,883,48
QuangNgai,02-05-2009,14079,91250,54554,72083,81120,97196,65317,76366,03900,77604,33501,49841,9338,4541,6101,7604,188,69
QuangNgai,25-04-2009,60730,97839,31899,48885,52718,50875,08985,72390,82220,42301,82617,29127,1540,1146,2581,8905,211,85
QuangNgai,18-04-2009,00420,54753,99478,74833,96704,80328,32262,56702,19597,24272,19580,89640,4243,0235,7237,4850,080,78
QuangNgai,11-04-2009,05164,11291,23167,46550,17698,70492,27707,87802,76433,35876,31557,61634,6430,2576,4869,9047,127,80
QuangNgai,04-04-2009,72141,73126,98092,64935,87202,22801,38129,21059,88541,80987,34463,52036,4002,8891,8199,0645,741,08
QuangNgai,28-03-2009,13300,02555,26642,88678,23421,39661,59771,23571,82139,04175,68741,56123,4367,0600,7038,1753,021,27
QuangNgai,21-03-2009,79515,90999,48314,53819,65159,69098,06329,64982,94200,72239,33414,03069,2844,5557,8818,7218,660,77
QuangNgai,14-03-2009,14814,09836,92508,15512,43151,84636,41664,01795,98612,63270,99747,67238,1276,6286,8527,8084,934,83
QuangNgai,07-03-2009,38808,94694,45548,43010,64205,92436,45745,28439,42709,31704,11645,50570,5681,5376,6702,8562,113,81
QuangNgai,28-02-2009,49811,53940,01930,17805,07764,91100,08113,10846,54156,54535,85448,59295,6762,0347,8018,7916,021,02
QuangNgai,21-02-2009,47698,66262,51919,21450,03596,88187,91682,63224,05838,12749,00176,05001,1501,0874,0019,1068,101,54
QuangNgai,14-02-2009,21930,04988,00121,79200,38048,29902,12641,52512,55855,05320,39014,58955,8372,7979,1819,3293,328,71
QuangNgai,07-02-2009,04925,86572,93751,67214,51875,62649,45077,17647,22883,89712,43311,06011,1914,3541,5003,5483,617,33
QuangNgai,31-01-2009,04925,86572,93751,67214,51875,62649,45077,17647,22883,89712,43311,06011,1914,3541,5003,5483,617,33
QuangNgai,24-01-2009,69725,70402,42111,79098,49780,49766,35977,46615,43281,15340,58319,29444,1707,1776,5605,3787,299,90
QuangNgai,17-01-2009,65780,70226,98711,28023,49464,66282,43902,12252,72995,29591,93112,53413,9087,5876,2911,9192,237,99
QuangNgai,10-01-2009,51479,27172,76088,29381,57307,77748,64331,18817,23214,29646,28481,92693,7363,6999,5872,1473,204,57
QuangNgai,03-01-2009,40694,68486,14833,81503,28759,94271,17771,39718,81438,29950,37007,64234,5342,4342,2006,2688,160,69
QuangNgai,27-12-2008,29968,04034,70924,02642,11751,58785,59722,21005,92383,56415,58327,52985,3726,4550,6916,4873,158,34
QuangNgai,20-12-2008,86724,70533,25199,58502,47993,34964,36374,10409,11221,49805,27527,74820,5623,5124,3183,3219,832,70
QuangNgai,13-12-2008,90992,00658,26426,01467,11124,04586,42752,77210,64412,62731,86290,51670,8975,4695,5262,3196,578,23
QuangNgai,06-12-2008,11321,47160,61667,79001,40539,41144,52825,41286,47300,91681,63975,87269,1437,1116,0945,7521,925,44
QuangNgai,29-11-2008,25248,19110,38690,02195,05720,02061,10424,50648,05145,58924,99127,57237,3937,5931,9474,5407,391,09
QuangNgai,22-11-2008,02246,32448,36970,34654,89144,81936,23830,99508,23891,50822,33661,61332,1776,7057,7092,1647,801,02
QuangNgai,15-11-2008,33724,19647,71368,72449,28315,16050,66579,70984,16009,15184,38079,44800,8002,0448,2624,2304,496,00
QuangNgai,08-11-2008,14928,72108,57950,95172,29071,30090,63677,35446,93476,96476,56815,31223,7620,2881,7823,0315,720,42
QuangNgai,01-11-2008,56886,36893,35172,99347,16257,34187,03261,72190,64903,31149,55293,14509,5740,8492,5793,9215,549,79
QuangNgai,25-10-2008,25453,56964,16896,90827,06045,84186,35298,50525,07472,42842,15563,44154,6138,6963,7761,8448,618,86
QuangNgai,18-10-2008,02055,25271,18207,04683,77607,41281,47903,67771,76086,85797,93583,80359,9423,6911,1552,9840,669,17
QuangNgai,11-10-2008,49082,44142,26964,28645,05463,83068,49030,33249,98453,27640,63024,65781,6039,0763,4551,8406,454,21
QuangNgai,04-10-2008,02704,50363,51178,14327,14113,02689,50092,88095,38744,81109,48500,01155,2884,8897,2638,2883,548,80
QuangNgai,27-09-2008,86323,04478,37225,96454,03754,20739,96118,04176,85311,03062,22054,77709,9946,4825,4289,1243,169,80
QuangNgai,20-09-2008,71444,90117,51551,21543,30471,41094,82711,84920,59614,48754,51712,01889,9856,0624,1660,5689,978,74
QuangNgai,13-09-2008,35236,70948,42141,89902,47510,66978,56965,61956,00326,24218,79915,37537,5788,6794,8312,1899,410,91
QuangNgai,06-09-2008,55685,87843,81303,57218,33886,52477,34035,40285,90018,28265,36968,49696,3278,0922,1586,2132,806,51
QuangNgai,30-08-2008,41396,75449,56223,55178,25958,24253,73588,65564,69194,94794,63760,14246,2657,7792,8896,0166,152,91
QuangNgai,23-08-2008,40416,80953,61980,41904,72581,60414,98147,40242,93932,99177,82195,63552,4129,3068,9439,4132,753,57
QuangNgai,16-08-2008,67724,53474,10472,87073,88421,35543,47474,55823,52421,76202,61660,71450,1244,7887,8351,5334,520,91
QuangNgai,09-08-2008,30329,23293,98915,91040,69673,48421,98798,48809,21521,72812,28913,06261,7318,3057,2233,2176,765,89
QuangNgai,02-08-2008,27853,24349,41702,21299,68060,87251,96512,62835,89172,12550,61338,24197,6790,4572,7876,0382,804,95
QuangNgai,26-07-2008,62328,81901,92827,92382,15341,30554,37437,36198,48917,47110,48610,15725,4277,2316,4177,6625,309,95
QuangNgai,19-07-2008,84727,36479,39821,17074,66639,67758,77090,26321,68404,16444,55765,57381,4956,8602,0242,0819,812,79
QuangNgai,12-07-2008,99747,07296,52487,18677,89466,89753,02580,73373,14729,29483,22038,00273,5890,2196,7146,7646,629,03
QuangNgai,05-07-2008,36388,42112,57811,52170,50366,14173,72998,85748,25215,68481,11435,95957,4852,0901,0155,1852,855,98
QuangNgai,21-06-2008,50017,12955,66146,79049,98241,64056,60897,15361,62105,53205,98625,29854,8670,3119,1064,4238,840,50
QuangNgai,14-06-2008,44009,77317,35262,70847,36255,83762,45326,24040,41595,55989,71632,38712,4706,1582,3698,6160,037,23
QuangNgai,07-06-2008,07085,50831,82345,64274,53303,32710,55423,33219,88658,64007,30964,71177,3183,8976,1943,1668,560,39
QuangNgai,31-05-2008,21551,74955,77227,61964,38767,70433,48810,24884,66736,69467,87178,71513,5173,9534,0952,8194,691,03
QuangNgai,24-05-2008,01215,88905,62340,82002,64962,86183,28486,28083,63834,49164,27691,31565,5791,0811,4477,5920,071,14
QuangNgai,17-05-2008,87294,43758,22454,59497,47122,34886,75299,46128,02086,97983,04508,63305,0490,0008,2538,2187,437,73
QuangNgai,10-05-2008,88009,81181,29215,97101,00587,50666,73298,14636,81690,24368,17303,24544,1436,1401,8947,3595,704,73
QuangNgai,03-05-2008,54288,61450,17777,05212,67522,38917,81763,33699,23652,02158,12323,16105,9612,1909,5426,7119,444,86
QuangNgai,26-04-2008,84610,04034,05771,16978,50541,64201,41271,01130,63483,39108,31833,7258,3495,3107,6276,9419,901,23
QuangNgai,19-04-2008,39470,33964,72107,92403,10854,21380,66177,24904,58373,48655,95632,2320,4653,8863,7107,0284,610,14
QuangNgai,12-04-2008,24937,48566,67453,27933,82639,77015,01502,69933,34597,94054,34699,9336,3844,7165,8433,9543,089,89
QuangNgai,05-04-2008,72521,57922,15833,44610,79873,73799,73643,66698,94167,06197,21605,6229,8156,3667,2777,7622,229,90
QuangNgai,29-03-2008,51205,72206,44679,92102,17127,31511,53335,80048,03760,43936,17741,8574,1618,8189,7699,0575,034,52
QuangNgai,23-03-2008,57862,96613,83677,45662,58355,61724,23274,95182,63198,56012,07156,6904,1193,2029,6451,4039,361,77
QuangNgai,22-03-2008,07484,74054,89695,09735,94952,03618,13674,61195,99266,18064,75787,5952,4033,0233,5883,9451,904,02
QuangNgai,15-03-2008,06836,56740,63561,83520,36598,96176,97851,06928,07473,98011,41677,2620,6610,0093,8764,6695,868,26
QuangNgai,08-03-2008,02073,86395,88199,60541,76318,32113,71743,99165,36337,80249,96367,6815,1967,6590,5491,3367,023,50
QuangNgai,01-03-2008,70916,27671,68108,45061,48715,56020,46334,05128,94755,29920,26220,4612,8068,0148,5095,3951,490,89
QuangNgai,16-02-2008,70594,23574,13365,97272,59690,24860,97179,53498,53433,37448,58379,8736,3863,1230,1158,1461,415,11
QuangNgai,09-02-2008,64962,85421,14959,02544,46499,58693,06849,15492,55223,03885,45891,7985,8313,0952,8550,9150,096,43
QuangNgai,02-02-2008,62556,83410,91288,48833,25037,08627,72886,91295,19758,48903,03966,5904,2804,6294,7539,8205,045,10
QuangNgai,26-01-2008,92198,04512,21617,36441,58465,73763,12596,31958,82139,38108,04696,1160,2137,3835,8236,2013,554,63
QuangNgai,19-01-2008,81954,70704,74762,56066,54421,83703,48691,37439,52436,48438,08053,3517,4411,0320,2781,1578,140,31
QuangNgai,12-01-2008,45720,34690,65798,72706,61008,04005,29555,13250,60085,70106,93035,2123,7543,6994,5731,9823,703,22
QuangNgai,05-01-2008,60872,08189,86096,70609,02774,55896,61616,82060,64042,36248,78142,2243,4204,0963,0403,8156,334,37
QuangNgai,29-12-2007,58262,90871,85329,14148,48770,45636,36253,76645,95875,08332,16591,14805,9544,1776,2417,4012,264,13
QuangNgai,22-12-2007,92116,26193,21580,15976,09850,85180,95664,86017,48019,02799,29539,49904,8560,5251,6528,7902,755,18
QuangNgai,15-12-2007,17757,95514,34165,41346,44872,08749,67935,71352,63944,99670,61220,64215,9486,6253,5657,5486,415,75
QuangNgai,01-12-2007,43747,21739,09379,21273,75409,44886,65401,83027,60262,01494,68113,74472,8467,8580,6166,9628,383,73
QuangNgai,24-11-2007,53065,22442,36468,62151,43465,79697,21518,01947,38770,52076,05971,71547,7599,2191,8230,8641,684,29
QuangNgai,17-11-2007,66558,60148,26764,51535,87076,77917,16064,48558,91987,76933,14617,25370,2895,7728,8683,7729,997,85
QuangNgai,10-11-2007,34941,78382,32297,94087,56933,80612,69167,55293,81909,99236,71910,72367,1514,1115,6000,1830,996,09
QuangNgai,03-11-2007,29556,57429,93667,62219,88687,87649,84687,21142,53267,63761,29339,83636,6070,1056,9664,7233,125,65
QuangNgai,27-10-2007,02749,40132,16723,74571,21544,51687,89954,67627,95726,22442,88459,24445,7927,4742,2436,6724,873,81
QuangNgai,20-10-2007,10501,11783,23973,13334,48018,27303,35784,48358,86931,57407,23135,73346,1499,5791,5991,0453,647,03
QuangNgai,13-10-2007,75488,00946,20411,45136,11921,50359,94867,96013,35836,27296,92142,65061,7836,8186,5649,8546,438,04
QuangNgai,06-10-2007,29294,71820,85594,64526,63645,52762,80518,83556,39774,08461,75478,48419,0363,5112,5526,7023,600,98
QuangNgai,29-09-2007,75798,65566,40945,49784,13940,37525,51618,76740,29734,01156,02064,85123,0900,7465,8914,2994,822,78
QuangNgai,22-09-2007,97906,70871,22967,16410,67597,90111,79292,30260,66538,69386,93863,26094,6071,6707,6212,7579,639,41
QuangNgai,15-09-2007,59474,30217,87077,47520,76584,30325,52685,06315,33573,35618,81880,11307,8261,2217,5631,7863,745,11
QuangNgai,08-09-2007,94719,41997,10136,35127,78613,42609,14673,94397,09804,23162,59572,15628,8592,6215,4965,8443,407,03
QuangNgai,01-09-2007,34751,56902,68873,10512,28667,65472,13867,98083,55607,07200,34407,37527,8195,5987,2017,4289,933,04
QuangNgai,25-08-2007,48913,22738,46087,42995,88860,46940,39642,58426,93983,28994,17963,91082,9903,2754,1739,8585,854,81
QuangNgai,18-08-2007,65674,92712,45399,12872,78711,75155,99264,68459,69324,94586,35815,30190,6484,3635,0724,8490,579,38
QuangNgai,11-08-2007,89094,20414,33648,57502,20092,92207,64733,04537,65888,94481,67243,74660,2052,7197,6178,9143,037,66
QuangNgai,04-08-2007,72143,95211,55205,41875,45219,83510,55680,34289,43575,94446,05310,89961,9312,4779,0133,2404,625,38
QuangNgai,28-07-2007,24677,35996,96800,42320,42910,62844,99193,07691,11402,97964,75039,64676,5464,8920,2167,5389,369,52
QuangNgai,21-07-2007,78044,44964,48499,99030,42971,12081,25106,73335,96729,61197,28442,56871,1684,1961,2564,3749,022,84
QuangNgai,14-07-2007,10946,74305,90357,04526,06272,09674,82520,62151,38446,30209,13240,07249,7794,5173,4678,2325,256,66
QuangNgai,07-07-2007,23375,93543,63884,58465,44861,83363,98318,04722,26626,82887,97504,72228,9367,7257,8134,2001,905,50
QuangNgai,30-06-2007,37550,87669,57783,16310,05116,19798,66158,34587,61717,11842,00318,00677,0891,7580,4638,3548,443,23
QuangNgai,23-06-2007,24460,23986,32875,28598,24145,50426,65232,00458,43813,75507,79473,24592,7863,4084,7658,8645,203,59
QuangNgai,16-06-2007,22097,19173,43702,42522,22723,99637,32139,70626,84473,92880,38170,18463,6472,5346,5809,5382,691,14
QuangNgai,09-06-2007,49300,23483,04149,33701,04940,58771,14299,39474,29670,32788,45891,30303,8244,9213,5379,8771,040,76
QuangNgai,02-06-2007,88487,05853,87603,51566,22937,33187,95539,05391,43328,89189,25697,67268,6830,2309,2055,4674,938,61
QuangNgai,26-05-2007,07463,71782,42357,81829,11341,35072,09756,24852,53526,93979,88009,26974,6560,4346,5035,3716,519,16
QuangNgai,19-05-2007,66310,46797,24247,82322,68756,12612,71633,93156,12916,64983,63798,88063,4680,4775,4418,9531,643,76
QuangNgai,12-05-2007,53437,22272,79301,58993,69722,80278,52204,38475,26918,18576,40712,98135,9343,9146,0568,8279,033,94
QuangNgai,05-05-2007,15382,47336,76769,35287,81558,67218,61837,74533,57719,21377,78847,86415,2803,4366,3239,3141,035,14
QuangNgai,28-04-2007,19669,96804,14706,24541,18005,58226,57814,90906,14540,24980,52489,01833,3804,1348,8990,5279,227,08
QuangNgai,21-04-2007,43214,79331,71037,40844,65923,64508,99476,96830,04898,55276,60746,08811,7771,5815,0601,8385,971,68
QuangNgai,07-04-2007,22487,56191,75942,56463,64682,74393,41060,65698,50071,42090,58221,35665,2005,9302,9096,0920,957,34
QuangNgai,31-03-2007,29117,51244,05028,44312,00813,26000,81385,84034,78729,06349,73375,65052,9217,2059,6714,5774,279,81
QuangNgai,24-03-2007,25267,92425,15758,60541,93041,74209,25364,28190,47310,45765,06988,31552,4319,7680,1548,3839,614,54
QuangNgai,17-03-2007,43020,73678,29137,71388,16138,35545,47162,85846,10739,00949,09289,61447,5830,5545,2702,8161,227,10
QuangNgai,10-03-2007,35676,17098,06059,35189,43663,59398,51811,50905,69783,34002,11500,22373,7143,0566,0059,9218,989,25
QuangNgai,03-03-2007,51024,86054,33220,14537,48853,02938,76607,31880,36322,73792,73670,23785,0963,9381,5684,3848,226,44
QuangNgai,17-02-2007,56099,40160,35716,66098,45147,30697,19632,81272,27973,70013,66818,02294,1751,5582,1256,6591,312,87
QuangNgai,10-02-2007,63824,57256,90739,23690,36106,82181,94565,62561,78851,36190,22617,10851,3020,4494,5848,0793,856,96
QuangNgai,07-10-2006,02633,55300,98257,18734,75495,35678,29882,23899,86435,09061,68098,44355,7592,9462,4305,3011,959,30