QuangBinh,11-07-2019,086923,98302,19914,98543,43087,94709,83969,48173,68988,09614,74166,90088,5719,6404,5261,0484,079,25
QuangBinh,04-07-2019,656884,61226,85766,62956,62396,35012,62410,07343,62647,23332,10749,23379,7491,3611,2088,1803,754,56
QuangBinh,27-06-2019,202262,10575,08393,71718,40728,49384,98456,99638,59992,95415,16287,23472,3522,8737,7156,1867,795,28
QuangBinh,20-06-2019,245680,48365,35945,94814,49836,08260,56548,01362,27933,65230,98584,16956,1303,2191,7691,7864,680,20
QuangBinh,13-06-2019,952742,12760,82844,66201,78192,56056,38005,06290,04766,87306,03264,38781,6155,4937,4851,1103,972,75
QuangBinh,06-06-2019,364611,63934,08098,64621,24936,31373,74150,63051,10921,88692,40180,57946,0011,3147,8566,6401,354,27
QuangBinh,30-05-2019,287178,61868,15151,24704,34950,40893,35469,10539,92902,20707,09092,47445,9847,4259,5379,7244,200,53
QuangBinh,23-05-2019,174772,75971,18603,00295,13613,69067,65307,22244,19333,26373,59185,89126,3120,7686,3902,8181,155,17
QuangBinh,16-05-2019,123631,17552,33884,77492,30141,67864,15799,49115,83541,67255,00570,39932,0327,1966,5755,3679,871,50
QuangBinh,09-05-2019,844730,85124,26977,81890,27519,40397,00272,80605,66251,55289,95365,17238,8660,3387,8097,9901,942,54
QuangBinh,02-05-2019,938961,45787,02191,67182,53262,27506,30207,77469,26951,32570,89538,16759,6206,0331,6379,1519,723,62
QuangBinh,25-04-2019,250809,90667,76872,68042,96342,14174,77819,16866,39183,92084,83536,37675,2753,6327,1922,6993,784,79
QuangBinh,18-04-2019,221215,63729,44936,85809,96885,09958,61861,32491,15714,69105,09933,71170,2658,3499,4642,9908,851,26
QuangBinh,11-04-2019,492586,51048,38723,60385,76100,92325,04410,33448,68181,25144,71193,35661,9217,9530,7855,2003,870,97
QuangBinh,28-03-2019,171805,49424,15275,90546,32866,83856,12414,34858,21666,18568,57162,81733,0117,9299,7653,2972,326,95
QuangBinh,21-03-2019,044515,07432,95691,18146,43697,16612,55822,38000,43942,29260,17924,98996,7124,0551,0565,8912,945,97
QuangBinh,14-03-2019,759287,06499,38900,09997,82376,56047,53229,15031,87046,02995,67245,61722,0335,5482,6577,2208,530,48
QuangBinh,07-03-2019,326701,44245,66285,22490,45015,30292,24197,17989,06821,21155,50605,77007,8014,5424,4566,9225,180,91
QuangBinh,28-02-2019,330334,64269,44807,41018,30781,26563,53907,50581,98439,61232,47712,54151,2853,5782,8002,3113,228,22
QuangBinh,21-02-2019,081633,48928,30126,88737,86781,20460,79132,14465,71387,90790,02692,02354,7488,5371,9195,2880,166,25
QuangBinh,07-02-2019,693985,22739,45245,98036,03387,45894,21118,07257,12547,68952,48843,94713,7754,1469,7828,1321,071,72
QuangBinh,31-01-2019,456458,90852,09151,59103,37624,21301,53869,01191,56841,80294,24288,59056,3548,8771,3140,1516,226,59
QuangBinh,24-01-2019,248928,31895,60650,99883,72800,43243,17053,06360,84131,64754,32954,47592,2608,2789,5161,6449,126,60
QuangBinh,17-01-2019,327706,24811,16649,84692,12374,71647,58271,79693,97054,10485,85068,38971,9948,1388,3086,5403,996,76
QuangBinh,10-01-2019,206967,82352,46959,12317,61548,24170,32620,48314,70274,02343,54792,05364,7690,8418,5875,3326,510,71
QuangBinh,03-01-2019,587998,63224,38050,12895,00012,79152,19065,78069,38359,51472,57096,79343,0235,7910,6497,1794,548,87
QuangBinh,20-12-2018,843851,63555,40876,24528,78022,86279,06215,39382,81592,42556,81374,07306,1583,1312,4833,2786,423,31
QuangBinh,06-12-2018,399852,07967,94956,69060,10069,16360,14878,11712,40502,49102,30926,24200,3084,0767,3973,1390,543,56
QuangBinh,29-11-2018,664552,82696,59161,71642,42705,21319,19185,71943,14539,76731,77797,12864,0010,9962,2398,1229,396,68
QuangBinh,15-11-2018,385960,90933,38296,63907,79370,56197,17461,85884,59403,54745,77879,35285,7985,9340,4336,9787,794,99
QuangBinh,08-11-2018,163728,17044,89898,61623,34038,73016,82007,02924,83864,03316,20059,32915,0984,5426,3748,4040,338,44
QuangBinh,01-11-2018,646758,47115,09453,21614,52563,65001,88671,34995,32547,72356,52014,93342,0108,6078,6337,1122,929,46
QuangBinh,25-10-2018,795291,98568,65985,89202,78069,81822,03925,68918,90664,80739,27674,40063,3822,3649,5496,0640,456,73
QuangBinh,18-10-2018,178459,05853,49694,68210,62414,79020,10401,38029,25515,90964,46972,60193,0705,5583,1141,7346,773,09
QuangBinh,11-10-2018,250098,42332,52494,88344,34049,65500,13734,59023,57560,85862,97405,75499,6399,4703,6666,0920,254,87
QuangBinh,27-09-2018,082960,78684,24507,62479,48522,55398,77351,80931,27713,69434,64487,32743,4560,2677,2691,9824,716,17
QuangBinh,20-09-2018,495312,44845,05616,07429,50150,66568,76184,21388,81940,08660,04263,22146,1973,1181,5532,1613,866,02
QuangBinh,06-09-2018,463521,88516,87321,60317,78812,84391,98692,14003,38093,79320,85031,30011,7984,0214,4873,1204,567,19
QuangBinh,30-08-2018,447315,84518,58091,47816,07151,79157,23844,12025,73553,10091,53155,26692,5601,6055,7046,7167,404,46
QuangBinh,23-08-2018,063444,29168,06103,10938,36154,10009,65854,13513,41739,77772,01343,80578,5194,9755,5459,1431,133,31
QuangBinh,16-08-2018,246236,05553,65473,99051,00457,91799,25557,77601,89837,67291,26459,84022,8860,4211,7680,2577,724,13
QuangBinh,09-08-2018,523863,44798,98439,07600,09965,20431,86674,55581,15210,88406,04181,34934,8227,6822,4960,7957,167,25
QuangBinh,26-07-2018,945181,16590,32028,07186,87608,32586,21646,06110,90693,16827,31782,80905,6083,4752,9898,9606,553,66
QuangBinh,19-07-2018,299508,37674,39735,87566,09407,06215,63208,13775,70619,63671,27311,66131,3496,0755,3286,7811,829,15
QuangBinh,12-07-2018,550229,02996,72310,61772,52985,56010,01113,13459,25760,58029,96301,82333,1707,2221,4931,0480,017,54
QuangBinh,05-07-2018,259700,36277,13459,54972,29404,81549,03736,16503,37278,72789,41705,55052,4267,0070,8960,8385,452,77
QuangBinh,28-06-2018,011877,46595,74322,09997,47894,19196,46129,44035,63991,89150,71696,02979,1973,3088,6878,8361,351,26
QuangBinh,21-06-2018,465818,99604,06472,72121,57249,90802,99991,45543,07647,83171,00436,01495,4238,6800,1395,1343,967,36
QuangBinh,14-06-2018,051495,16203,80703,32042,12968,06115,96281,11094,25822,88051,00394,54354,0118,8256,3853,0745,223,84
QuangBinh,07-06-2018,942549,37174,10919,55917,62817,61129,58480,94356,96101,42858,24571,24954,4014,3367,8729,0561,044,41
QuangBinh,31-05-2018,574709,42892,36630,36176,86319,81204,55656,85071,53223,68743,48687,63816,4006,3540,2590,8064,012,78
QuangBinh,24-05-2018,672394,60121,75688,73145,58035,52668,50895,28546,98872,27267,80934,39122,1136,9719,5533,8982,935,46
QuangBinh,17-05-2018,095667,11332,09251,68072,76968,42682,71825,90676,41816,92907,04064,92746,9986,5552,7599,7561,715,12
QuangBinh,10-05-2018,513859,30530,82125,50570,52390,47217,08773,53235,84021,29698,14190,20447,7208,2162,3353,5741,306,85
QuangBinh,03-05-2018,613146,22375,46557,35261,98861,48046,88633,43637,71868,88261,07032,71532,0381,4941,6347,9737,940,84
QuangBinh,26-04-2018,353445,80952,08733,71046,74323,38339,37498,72796,14205,87417,35422,31127,0155,4585,3777,3974,094,98
QuangBinh,19-04-2018,625693,85163,03562,86267,25517,04927,47785,93278,92392,46546,24734,69185,1406,9756,9258,1836,389,76
QuangBinh,12-04-2018,002073,39646,98710,07864,23614,93616,38134,41753,95136,99346,80058,54624,5516,4238,9986,8870,507,35
QuangBinh,05-04-2018,965704,65077,65074,72029,64219,04552,98787,14571,11942,46421,10068,36189,0827,1143,2992,9130,192,92
QuangBinh,29-03-2018,895708,68993,32532,90993,65720,80560,27913,95476,88964,92212,66956,99301,7437,2398,5887,3020,950,67
QuangBinh,22-03-2018,901469,61030,48409,28432,79877,12043,68556,55223,11851,94034,29267,83716,4833,4328,0610,1862,529,11
QuangBinh,15-03-2018,981107,24108,17832,97286,97852,47101,03196,34374,60007,16340,92778,77436,8093,8853,1453,9601,753,06
QuangBinh,08-03-2018,023111,39754,20744,21745,66081,28127,66242,16811,96697,85125,42660,86844,3019,1262,2020,5943,667,78
QuangBinh,01-03-2018,977597,27469,62155,11348,56253,93838,35752,50472,15868,60351,86458,59160,7450,2111,0774,6661,686,45
QuangBinh,22-02-2018,544684,46296,98225,80269,01649,90887,76500,79907,87473,40865,26944,94433,2545,5086,2647,4004,650,15
QuangBinh,15-02-2018,290528,84389,69028,18539,37106,16843,78429,89371,65754,91361,66820,10990,0452,1009,6074,5410,843,97
QuangBinh,08-02-2018,316232,36900,16495,41137,90247,64488,07742,95016,82379,54196,15110,43480,3173,2932,2236,3363,361,35
QuangBinh,01-02-2018,269143,26717,58335,76772,69007,73243,62457,18704,92616,35275,53228,48991,9864,8713,4669,4547,704,31
QuangBinh,25-01-2018,933697,90762,85659,72632,80253,49300,67276,45283,04260,57840,51544,15114,4920,9796,7600,7943,423,75
QuangBinh,18-01-2018,643874,81205,56663,56079,72044,02941,73718,33258,92570,55941,36212,70538,5643,1685,2700,9745,961,78
QuangBinh,11-01-2018,073605,60324,02688,83299,08933,25095,46796,74514,45403,27576,12885,57523,9958,0333,0036,9776,112,44
QuangBinh,04-01-2018,793010,44528,27814,26904,57373,00178,56071,34080,40788,59049,03406,55623,3599,6427,7717,7060,943,67
QuangBinh,28-12-2017,734301,07843,28120,73672,19677,21287,07736,98314,95102,52483,51845,31562,9426,1841,5391,8097,217,88
QuangBinh,21-12-2017,387500,10873,49388,45662,47735,61308,87160,95627,62990,16745,37153,34817,8973,0096,1470,4235,165,68
QuangBinh,14-12-2017,478254,33597,33727,27218,93355,74589,63199,28752,02267,53509,59571,51252,5647,2298,0500,7880,598,94
QuangBinh,07-12-2017,987383,78812,32755,25300,65980,12309,96980,76662,86501,74953,38471,96418,3750,7405,9618,1730,035,99
QuangBinh,30-11-2017,512663,80242,89550,62062,45251,44102,42850,62846,63639,56886,57934,96831,5376,4021,6021,5851,323,23
QuangBinh,23-11-2017,944525,82016,60722,12946,08807,51122,94622,80998,15872,64796,79041,52115,6314,9324,1398,9891,313,52
QuangBinh,16-11-2017,625704,35154,99286,23305,92533,39053,05332,23070,99866,91054,97689,75737,0719,5672,3095,7499,668,66
QuangBinh,09-11-2017,167042,74549,47679,65014,11135,26984,40432,07043,29036,60116,46413,33143,5989,4815,7412,8769,999,03
QuangBinh,02-11-2017,037578,21875,76233,12710,79843,53554,33425,68810,15945,96882,42748,32919,4850,7711,9290,7686,862,56
QuangBinh,26-10-2017,023273,21480,67490,84881,20019,03132,43550,14215,29915,77280,40926,14855,7540,1166,3090,8611,415,18
QuangBinh,19-10-2017,907432,55963,08526,48129,39479,01208,60577,08305,47765,18268,04844,61528,8705,5562,6465,7915,413,10
QuangBinh,12-10-2017,929112,30537,02569,18818,09422,75530,13666,73130,66552,19739,26306,82303,2179,0844,5565,2561,304,39
QuangBinh,05-10-2017,200647,73151,42497,55549,61603,34192,93719,28965,97874,78507,48758,25480,0784,1267,0750,8403,795,89
QuangBinh,28-09-2017,292529,87317,91013,95129,75720,60344,63942,28532,70268,74615,69478,93185,0945,3624,7716,2510,970,23
QuangBinh,21-09-2017,231874,48005,14730,40492,42992,26808,42559,24811,16553,23076,96527,18242,0766,8530,7497,7874,165,44
QuangBinh,14-09-2017,206347,29621,63288,49994,99002,82545,49664,74562,15671,99809,79937,21723,0960,5811,2483,5013,087,99
QuangBinh,07-09-2017,862178,08009,01074,09735,02890,17379,40441,49167,59836,49960,07660,98357,3747,6945,3066,5553,055,83
QuangBinh,31-08-2017,803563,00331,41465,95314,04119,69771,76703,61336,05914,20317,95393,78180,3075,2022,6145,8533,742,07
QuangBinh,24-08-2017,277534,48055,32478,89363,71217,73069,60190,25440,93897,17526,14384,65808,5269,7053,4636,8683,886,24
QuangBinh,17-08-2017,319939,20747,57454,22685,08060,44628,81764,54129,35755,43071,07956,21625,6354,9929,7417,9054,466,42
QuangBinh,10-08-2017,417542,32106,13405,63625,73420,38642,81092,63297,62934,64321,47957,10122,0125,7758,3030,2875,007,01
QuangBinh,03-08-2017,536081,56923,17238,31308,52440,68188,18293,00985,09353,91304,79104,76674,4268,2699,7646,8703,708,51
QuangBinh,27-07-2017,344306,95707,84793,93686,63584,26739,03394,33645,55346,92970,22058,13314,5231,5724,5059,8698,425,00
QuangBinh,20-07-2017,944087,69399,74674,62129,12362,72526,80694,86436,64883,00946,69251,46431,7859,8133,6473,1495,593,04
QuangBinh,13-07-2017,393207,47973,13312,73210,09027,92780,42269,89986,94719,39325,35324,82258,7094,8142,5514,8441,946,66
QuangBinh,06-07-2017,920911,63620,64364,90317,60465,93707,57804,76551,59992,00597,60882,25617,9781,8345,8355,1731,551,83
QuangBinh,29-06-2017,830241,01365,60928,11653,61762,17892,85439,33417,06579,09475,64726,10841,2673,3887,5301,5432,853,18
QuangBinh,22-06-2017,482498,40356,65734,83620,91066,17197,44395,88823,07242,82876,94345,94726,6903,8110,2215,6956,115,95
QuangBinh,15-06-2017,539147,13139,43511,00379,30082,10653,92018,23236,20498,04569,57890,47268,0285,4580,9651,8922,478,43
QuangBinh,08-06-2017,431221,80189,94652,66455,60023,43445,61377,34572,43769,22717,68199,67053,4475,1633,3648,3492,559,68
QuangBinh,01-06-2017,658194,30688,17525,69885,79627,60619,53844,44216,29993,82467,75113,57973,8110,9555,2724,6094,101,98
QuangBinh,25-05-2017,257121,42745,83195,87989,19077,24754,63162,97381,61583,59588,53797,45948,8187,8101,0212,6583,299,42
QuangBinh,18-05-2017,120078,60455,77962,14796,26786,15825,73773,77338,21741,61742,06730,79036,2731,7274,9848,4773,517,97
QuangBinh,11-05-2017,537604,81763,78791,97269,28594,17214,81602,77128,37026,60384,64953,35133,3468,1620,5334,0770,992,32
QuangBinh,04-05-2017,814954,80305,87395,83180,62323,02379,72417,97233,29587,91654,43818,92213,9387,3138,6557,2607,959,26
QuangBinh,27-04-2017,248290,49033,15192,96332,54573,64354,87400,19411,08621,95193,23398,01794,0860,6460,7335,3607,623,24
QuangBinh,20-04-2017,788334,58735,75827,22769,82441,30171,32266,40021,48703,41799,81055,04357,5337,0894,3752,0807,729,97
QuangBinh,13-04-2017,074531,61503,74904,14333,07925,86697,89943,99652,42747,35076,41742,22686,8596,9386,4096,0941,236,34
QuangBinh,06-04-2017,563669,05515,61000,22314,69899,89327,86423,97392,59029,79922,41225,46211,7106,3725,0577,5906,916,92
QuangBinh,30-03-2017,71712,39673,25969,47079,20251,38197,90962,07149,34792,85348,59080,40411,7683,4440,8017,7709,030,06
QuangBinh,23-03-2017,71379,15132,81046,59227,52662,50028,31006,06974,89934,10784,63750,52733,0674,4983,7332,5262,669,06
QuangBinh,09-03-2017,67760,19338,73328,33549,29177,25868,99599,90489,64972,59197,45955,99069,7544,6534,2372,9832,340,44
QuangBinh,02-03-2017,39762,06426,40866,27039,76188,09529,49802,02018,32952,17859,04758,78581,3316,2186,9047,2118,314,22
QuangBinh,23-02-2017,82705,13834,62299,03761,11509,02655,75272,19298,83866,80858,32404,22681,2035,2120,2369,7987,579,81
QuangBinh,16-02-2017,54765,07217,35454,52916,71225,15594,23243,72320,61838,12551,21886,91373,7546,9231,4078,1927,311,54
QuangBinh,09-02-2017,46666,17638,55272,10178,42108,46521,94898,87905,79421,89811,50772,39554,1628,0667,2357,5816,003,11
QuangBinh,02-02-2017,77770,53399,34662,03856,08036,77834,87319,50285,37646,50965,47380,21643,8412,4577,1627,5462,956,37
QuangBinh,26-01-2017,33322,06496,26758,05677,80858,19027,86362,56589,54079,41622,50146,20005,9474,9621,9236,9165,201,66
QuangBinh,19-01-2017,66334,91397,47107,09081,24787,09544,42360,13630,39122,18470,62069,65478,8221,0018,0084,6698,399,38
QuangBinh,12-01-2017,30160,51886,89769,47344,95358,70967,19435,67776,91202,85852,39791,99630,0491,0754,8031,4213,627,60
QuangBinh,05-01-2017,60607,44608,64540,79351,08847,42823,10617,21676,27769,43781,18027,91455,8327,5320,8857,2361,167,53
QuangBinh,22-12-2016,16828,21209,56206,72555,55049,27092,50281,03422,36930,48447,36376,47192,5353,8508,4738,2292,405,36
QuangBinh,15-12-2016,17386,37349,35398,25332,45792,46910,79159,61434,31160,81212,41712,70720,9674,7537,0139,0828,085,66
QuangBinh,08-12-2016,11992,29779,57018,71802,16910,55611,11773,22548,36503,12555,07686,56901,0009,3384,1781,1937,508,47
QuangBinh,24-11-2016,43211,62542,73059,65373,33612,38552,32524,85337,26025,28732,28040,52118,6935,8360,8367,5995,639,30
QuangBinh,17-11-2016,28587,97026,92490,21605,98595,33359,74572,95709,68861,24509,89728,16572,1528,3709,5708,5285,056,95
QuangBinh,10-11-2016,55512,95988,33066,96147,94117,22222,64252,65805,85127,45023,05788,80220,6383,5160,6298,4485,809,13
QuangBinh,03-11-2016,44280,30628,12731,17061,17087,86554,05118,71872,18206,08485,12545,78460,9255,1434,3315,5806,239,47
QuangBinh,27-10-2016,05890,28154,43156,79151,14603,89758,66051,11166,43728,01940,44813,28683,1364,8342,1680,4784,572,37
QuangBinh,20-10-2016,65457,86012,69128,90489,90606,89594,83117,45820,37611,35529,61396,18657,1819,3088,1956,9116,486,26
QuangBinh,13-10-2016,72050,14551,79614,43132,96025,70443,98758,48555,19785,77379,13987,36319,9865,2836,6770,6083,410,82
QuangBinh,06-10-2016,13305,48587,41482,61061,82791,44330,39868,44241,02440,01721,20510,16279,1629,1224,4282,6917,725,08
QuangBinh,29-09-2016,86531,88116,63675,47727,50687,84206,37350,24375,41385,60022,32715,62252,3763,6815,1513,3451,071,64
QuangBinh,22-09-2016,26321,82541,71052,51390,01527,30496,81992,95553,12178,74307,38238,89063,0731,1247,1186,1490,046,22
QuangBinh,15-09-2016,61595,25535,06396,24691,05162,85520,72009,71916,79991,49742,48785,75208,0000,9054,1790,1872,073,27
QuangBinh,08-09-2016,27971,67228,95264,60226,68146,58876,57709,54137,09586,32399,42487,19733,3649,4163,4369,7708,994,84
QuangBinh,01-09-2016,49089,31616,12454,31833,76770,26449,65681,99870,86642,04994,44345,64837,3606,1333,7764,2961,473,51
QuangBinh,25-08-2016,44370,65896,81981,37514,98063,24177,63040,29839,24353,54028,79084,73717,5490,2952,8582,3261,039,97
QuangBinh,18-08-2016,11610,72886,50146,16745,30545,34861,36572,69034,74411,23761,71203,44739,6057,4045,1410,7423,289,82
QuangBinh,11-08-2016,30058,41761,61348,35386,49905,33951,88682,42242,98281,10138,69862,19321,3889,5422,6666,0152,426,76
QuangBinh,04-08-2016,72683,52723,41141,58134,29615,85027,64614,41572,83789,63489,29140,93985,1088,9564,0529,5829,655,35
QuangBinh,28-07-2016,32925,96666,53098,20531,87560,46154,91523,66801,56012,52434,63886,36707,4223,7808,5319,7977,486,60
QuangBinh,21-07-2016,88938,47653,02570,06556,66181,01499,11635,94845,25206,68367,96541,49996,0327,3295,8135,0068,558,32
QuangBinh,14-07-2016,56590,60648,21894,91977,08472,22589,26097,57082,07989,04731,19285,41346,1927,8323,9206,6955,789,57
QuangBinh,07-07-2016,97676,55531,58904,26379,90516,65868,34308,25472,25014,54960,93880,44327,3788,7951,6093,8323,374,03
QuangBinh,30-06-2016,72190,55262,32330,71817,24740,86504,08856,20672,17537,77368,77863,32484,3891,2251,0684,8946,817,78
QuangBinh,23-06-2016,59543,95810,93337,70227,51674,76530,95334,72789,03981,05986,48482,54344,1436,8313,2089,1515,605,83
QuangBinh,16-06-2016,03646,40493,49436,83859,54911,63510,41345,02205,69376,96107,78455,74242,2605,2191,8274,0474,523,86
QuangBinh,09-06-2016,15079,82593,26747,72554,74537,33575,65437,09869,50639,96894,67214,77189,1103,5865,9531,1661,028,18
QuangBinh,02-06-2016,50469,98800,41285,81390,46439,52223,98637,44806,71143,86568,11985,79034,4465,9199,2207,3621,157,04
QuangBinh,26-05-2016,52333,81534,83177,84160,92206,97350,90545,66783,14232,91017,30527,99714,3733,8113,6648,7304,386,66
QuangBinh,19-05-2016,74605,56693,53842,56940,37654,36427,07301,60484,81140,04123,01329,60542,4347,8312,2820,0427,179,34
QuangBinh,12-05-2016,17878,64424,90907,06849,61348,74491,37274,94417,19838,93401,10528,84125,8533,7088,9547,2300,105,45
QuangBinh,05-05-2016,79335,83384,60307,63046,87445,36441,07026,74019,16672,99208,30064,21276,5599,1463,7678,8561,483,73
QuangBinh,28-04-2016,40183,88905,73949,76010,39669,77577,98852,76847,34988,55795,04858,00263,6398,5268,2687,8081,092,31
QuangBinh,21-04-2016,38721,90216,30539,19515,94852,30727,13820,05039,09220,17382,17019,48836,9895,2856,1428,8484,180,50
QuangBinh,14-04-2016,63993,98123,88274,92083,70020,94129,70876,83434,84142,61901,21157,06329,2214,3387,3803,3086,018,55
QuangBinh,31-03-2016,260811,39044,53296,18725,17993,82121,37894,05985,96641,37831,03363,54894,3573,0165,5708,4499,978,41
QuangBinh,24-03-2016,631940,06701,35889,04167,10111,57998,34613,22395,76033,21244,72908,72620,2394,4275,9459,8682,976,51
QuangBinh,17-03-2016,183892,28550,39147,20419,44471,58852,24769,61410,23449,35321,65070,70674,9813,3195,9328,7990,418,84
QuangBinh,10-03-2016,387554,32770,77560,25384,17272,23512,59187,27857,32756,28360,91370,89470,9223,8399,4953,9750,305,86
QuangBinh,03-03-2016,681520,64614,15196,07351,41097,54619,70449,30829,55036,92384,78703,72366,9700,6870,7024,1929,167,79
QuangBinh,25-02-2016,828694,13663,60405,70498,94466,03862,04132,55876,02684,32224,51675,03227,4159,5466,4083,6058,325,19
QuangBinh,18-02-2016,491222,15628,73848,32083,75939,94993,45354,71366,73476,69183,23384,57575,7134,6149,3713,3991,946,51
QuangBinh,11-02-2016,254162,20124,57668,29607,18190,50054,23447,60902,48021,64204,74379,96547,5135,2994,2490,7134,144,61
QuangBinh,04-02-2016,981026,29443,18253,36319,10046,71855,11754,40581,19314,75139,31442,13897,5977,7147,5954,2450,626,95
QuangBinh,28-01-2016,534753,46068,57795,84122,47222,06460,66672,70573,47586,26002,40685,95175,3826,4571,2509,7873,513,96
QuangBinh,21-01-2016,156643,52818,64682,28940,76006,41587,62779,03063,94254,53746,42004,59012,5953,1798,8985,8097,095,70
QuangBinh,14-01-2016,664744,49585,21085,73824,66883,50759,17380,70838,67307,16664,70002,45440,5522,6561,3925,9086,342,61
QuangBinh,07-01-2016,087640,89451,60683,34171,11133,11590,36127,61142,37683,82430,43588,83826,8447,9696,3353,4436,082,31
QuangBinh,24-12-2015,429135,21752,63597,25112,29758,85451,08925,94703,07655,76413,78727,93625,2598,4016,7398,5764,439,49
QuangBinh,17-12-2015,259259,84807,66627,28086,70065,34732,26519,52303,59094,44684,88103,86056,9177,7887,6081,2856,542,19
QuangBinh,10-12-2015,756419,58665,64747,54245,85103,34248,75826,88276,95195,85082,15623,24070,0159,2929,8127,5876,522,35
QuangBinh,03-12-2015,166294,60358,61859,45360,30168,50095,70321,79620,64506,43558,24024,67372,6602,6783,7610,9210,435,41
QuangBinh,26-11-2015,629196,34565,83211,16943,84529,02089,26119,90610,09372,76722,50362,42489,4760,1929,3976,8332,360,25
QuangBinh,19-11-2015,388588,59533,71710,40351,18766,03827,65479,03260,04774,78782,16434,42998,6929,5031,2618,2129,591,60
QuangBinh,12-11-2015,648951,96674,53121,11043,58982,58799,33860,52785,60458,43521,06142,19947,9084,4410,6667,1977,727,04
QuangBinh,05-11-2015,13899,68304,02903,45069,39864,64262,72556,56518,95321,86257,13252,93087,3962,9886,5011,7190,507,54
QuangBinh,29-10-2015,36476,29231,88546,24503,38550,70867,93352,92995,99659,14960,96845,96748,0022,6195,6931,3398,359,81
QuangBinh,22-10-2015,28950,26425,98008,85478,33953,45415,87220,22027,07710,34478,15603,31733,1299,0143,7465,8204,408,56
QuangBinh,15-10-2015,27630,42307,90754,66122,57922,56970,24301,47760,69563,85260,98782,38506,0802,1594,1840,1339,888,28
QuangBinh,08-10-2015,46453,53881,11512,59162,20050,87872,87691,47593,75842,03955,05843,41241,7278,8772,2691,7684,389,61
QuangBinh,01-10-2015,53008,26241,35029,85251,33522,41948,59806,42324,31173,77286,97730,74927,6501,1988,0773,0801,573,12
QuangBinh,24-09-2015,11587,77692,85622,59171,77157,99855,48148,73416,81795,91564,04379,69504,4337,4871,7874,6336,568,18
QuangBinh,17-09-2015,45894,28994,43736,69728,07315,35256,09115,47502,44295,50165,27330,96576,0196,6797,7777,9336,887,44
QuangBinh,10-09-2015,79940,09777,84892,25540,59088,83978,81846,67034,91229,71904,17264,83916,4453,5314,9814,2979,178,27
QuangBinh,03-09-2015,30018,71416,29982,21773,63362,84371,87925,21743,48661,73387,91183,58911,6106,1030,2379,8976,422,86
QuangBinh,27-08-2015,55050,64840,04650,64395,50938,40014,14615,82213,77866,20023,29892,67263,5633,0436,8118,6291,567,40
QuangBinh,20-08-2015,84504,00673,80302,43809,45583,22912,18141,00484,44777,28086,44477,62183,5629,3115,5864,6979,340,40
QuangBinh,13-08-2015,95883,94337,15026,42826,07346,02909,55541,85486,08822,53901,28962,19195,6553,8768,2301,8696,761,99
QuangBinh,06-08-2015,94085,43457,81580,31156,58132,43004,59115,54811,30545,24633,45836,79936,4976,1311,6754,0633,304,47
QuangBinh,30-07-2015,17590,82454,11290,24056,38078,43105,99186,52458,33271,20835,71074,18626,5273,5837,4853,8160,385,38
QuangBinh,23-07-2015,72797,80534,12263,31123,14315,05182,50290,43646,85800,71370,40611,12743,7356,4780,3065,6625,047,75
QuangBinh,16-07-2015,66338,37733,22275,73464,54637,11758,55791,59479,10788,22727,15478,64466,8549,2309,5041,7883,023,15
QuangBinh,09-07-2015,21500,41223,44564,41500,49893,60799,04795,60581,51612,61269,91910,08607,5935,0547,0439,4424,816,29
QuangBinh,02-07-2015,81395,25365,54719,89770,79866,89376,62568,82796,24805,00698,61257,33880,5361,7128,9905,7419,003,38
QuangBinh,25-06-2015,75738,28712,83957,18844,28437,24073,88093,36197,13856,40960,40696,43752,3114,6278,3858,4323,526,33
QuangBinh,18-06-2015,98359,57081,40011,32397,11710,44740,72282,88631,09824,71330,79044,59055,7247,4266,1437,6361,708,60
QuangBinh,11-06-2015,12228,71071,19983,54980,93814,01772,76244,65068,33580,92953,59850,19176,4166,1972,4135,0309,225,49
QuangBinh,04-06-2015,72962,24354,58129,64807,12876,51289,12073,27410,75454,67444,45065,92910,8069,5664,6192,6270,618,94
QuangBinh,28-05-2015,47266,20434,92999,45382,20196,28179,43182,88031,45631,63480,39858,60427,0690,8691,9053,7768,436,80
QuangBinh,21-05-2015,73067,41116,11494,82668,30432,78929,06836,85048,11040,21527,17385,98919,3993,0249,6153,4929,300,39
QuangBinh,14-05-2015,97556,80319,34155,79146,01432,25588,00613,33720,04960,36241,27402,84297,6733,8559,7804,5203,298,29
QuangBinh,07-05-2015,62801,36883,51546,46802,43941,18546,83169,83457,02729,71086,16177,19522,1055,7014,8620,6834,597,72
QuangBinh,30-04-2015,01515,54769,12923,34472,64877,74848,26520,49941,91314,39434,17509,14628,1859,9747,3871,7338,946,76
QuangBinh,23-04-2015,58338,73815,70971,15639,07108,91554,51696,38160,39012,21898,22637,27837,6227,8912,8385,1778,907,07
QuangBinh,16-04-2015,43863,29477,20257,36901,74700,21454,23399,79495,19097,67565,68345,48972,3241,1513,1673,5124,501,71
QuangBinh,09-04-2015,62416,94264,75057,61134,02135,01135,36785,48760,23643,03206,00082,87696,8188,0902,0638,8473,793,10
QuangBinh,02-04-2015,10935,06396,55417,96062,37938,27866,05268,54340,73104,52410,80211,66125,6054,4238,2833,3690,962,26
QuangBinh,26-03-2015,76719,89265,08801,88320,38694,06384,25936,46539,19620,00993,64614,91696,8113,7652,1616,4538,258,27
QuangBinh,19-03-2015,61598,58638,69743,51463,58090,89624,05672,87198,02365,44129,16721,04019,1194,1709,6880,7645,580,39
QuangBinh,12-03-2015,24155,82647,17790,42938,49622,25010,74095,85765,11197,30477,11970,31714,5707,8338,5943,1247,580,61
QuangBinh,05-03-2015,92343,63492,38072,64692,94485,45712,17845,94869,95161,49184,70426,72409,9702,1228,1660,5215,548,89
QuangBinh,26-02-2015,80592,36628,69246,20882,69711,36553,90249,49435,09451,67348,85737,43281,9884,3936,9603,0092,755,49
QuangBinh,19-02-2015,31684,13585,85601,79181,53013,23598,64884,14787,66859,96618,51086,78952,6678,5554,5098,1540,153,40
QuangBinh,12-02-2015,70860,60388,63216,96175,94463,11167,44590,11648,89203,44763,65663,49814,6844,9847,4241,5141,036,75
QuangBinh,05-02-2015,12263,66835,13906,12316,89076,49578,09760,29879,12113,09764,73387,04944,0817,4004,4854,7938,683,69
QuangBinh,29-01-2015,36269,40777,38445,81424,84726,27995,98482,39183,89385,26298,20071,03709,8328,0180,9520,7629,896,80
QuangBinh,22-01-2015,96373,65291,84845,02848,75641,21570,22640,93736,10616,12783,13941,12327,1665,8154,0288,6115,322,83
QuangBinh,15-01-2015,92369,85219,20799,33492,67017,46749,49178,70386,70100,27643,32162,20519,1547,8322,8757,1119,468,41
QuangBinh,08-01-2015,31611,64700,01492,13919,52353,48320,77999,87232,98627,99934,37943,11947,7767,3199,4343,2302,838,94
QuangBinh,01-01-2015,28947,21684,17326,50465,68934,00081,31713,15669,62869,09233,70687,44008,2741,0123,4473,4278,936,06
QuangBinh,25-12-2014,76184,00558,31100,59314,64961,87252,77757,35005,55549,90618,50710,11191,7132,1840,2958,2188,256,06
QuangBinh,18-12-2014,05854,51400,53314,22970,84542,20468,92154,92905,00303,89552,36609,46393,9872,9288,8226,5446,624,36
QuangBinh,11-12-2014,52220,87626,61753,74968,99389,39745,08550,09004,88088,86656,16064,01861,4888,1178,6076,1420,421,51
QuangBinh,04-12-2014,28255,19145,20215,72378,75548,98067,57918,55357,39075,57355,07691,28799,3851,6627,2755,0010,080,15
QuangBinh,27-11-2014,20744,88952,02862,04778,25124,39912,27062,92276,71257,88758,26631,29775,8399,4302,8352,6050,581,96
QuangBinh,20-11-2014,10893,98961,60113,61900,07760,44455,94816,79846,48372,34196,40830,61332,1504,4222,2994,4318,247,94
QuangBinh,13-11-2014,99224,70039,96034,07920,27851,33664,58987,62439,74335,35732,66555,81988,3591,0454,3317,9053,686,90
QuangBinh,06-11-2014,52125,42285,45691,13495,78956,04703,80442,13860,57362,54271,05278,07257,2252,7587,7312,7585,103,31
QuangBinh,30-10-2014,52265,87910,93586,85697,35821,32408,78653,50429,02008,43157,73568,28445,7280,6946,4534,1243,361,10
QuangBinh,23-10-2014,60456,71337,61920,70705,61152,13779,42832,16306,79060,27424,31270,78742,2373,2976,1512,5126,471,13
QuangBinh,16-10-2014,87441,67057,29709,72485,00350,74016,23196,83234,03503,33969,51373,45254,4011,1333,8817,6188,923,63
QuangBinh,09-10-2014,21736,73518,81102,16791,62046,84538,66719,14840,71728,29350,31903,40386,3918,7064,1081,6924,341,26
QuangBinh,02-10-2014,87889,52929,54699,60917,05799,45601,76245,62167,28907,99155,86040,37881,1938,2164,4928,1590,155,41
QuangBinh,25-09-2014,51148,13239,74744,75384,68012,51717,92469,54228,44536,91247,47103,07521,4108,8916,1664,9810,498,54
QuangBinh,18-09-2014,57901,35198,97036,85621,67459,34990,23780,18034,57893,23081,63241,26667,5165,1254,7201,2915,665,90
QuangBinh,11-09-2014,77150,52503,27908,38886,85496,06595,23090,20179,26286,27724,52540,80867,8637,0627,9949,6735,036,08
QuangBinh,04-09-2014,89638,54694,18278,15052,19458,95089,38491,96998,26987,76663,41128,44057,6408,1204,7735,0268,671,19
QuangBinh,28-08-2014,55703,93096,14899,55978,22734,41031,30662,19359,71139,15183,17834,86825,6433,2330,9331,3342,724,51
QuangBinh,21-08-2014,07803,05269,21707,41522,49202,51514,37953,72929,73140,69571,27664,82174,7227,6765,9371,6877,666,18
QuangBinh,14-08-2014,63085,88820,30145,61846,96408,58883,31438,77515,96603,49985,37185,52113,1885,8163,9299,2649,082,21
QuangBinh,07-08-2014,05712,70746,12957,70137,14675,60541,24665,65615,88773,12603,26928,89448,4441,7095,3685,4267,221,68
QuangBinh,31-07-2014,58108,62447,08231,56851,70216,73300,69704,12350,51481,70729,27684,59628,6819,4011,4031,8885,276,89
QuangBinh,24-07-2014,67070,34545,89703,89663,39099,16087,66061,29730,19421,25206,28488,99485,5216,3119,1054,2538,750,75
QuangBinh,17-07-2014,42994,90041,50027,95752,11405,76153,14102,99522,02732,49932,01056,74636,7238,4616,1394,8406,425,04
QuangBinh,10-07-2014,37781,19952,92328,92611,83228,17223,19773,05582,74525,85321,82180,28092,8587,2534,1522,9596,394,26
QuangBinh,03-07-2014,75726,37486,46126,06815,26515,12720,39061,88166,07500,01740,52854,76362,6158,6501,2270,0201,927,60
QuangBinh,26-06-2014,26363,26873,00229,11913,16058,20734,69353,85714,20618,52696,38469,48091,6924,8717,7737,7059,498,10
QuangBinh,19-06-2014,81636,77440,03238,67063,01343,88152,95800,33866,26614,90875,03655,96756,1121,2333,6748,6366,778,18
QuangBinh,12-06-2014,12397,48813,42858,60007,57350,44235,43410,95987,78092,15562,71880,13364,0745,4396,1298,3318,471,75
QuangBinh,05-06-2014,36613,42904,21768,06171,45953,84148,95586,40275,29819,20644,41414,77092,3408,4288,6774,4508,717,22
QuangBinh,29-05-2014,33884,44860,63704,56835,11095,60329,00143,10480,97273,99440,67014,40664,2299,5094,4216,1228,806,45
QuangBinh,22-05-2014,05594,70304,64354,80843,46560,06414,04524,38239,79810,77710,93774,54253,7824,5955,8311,5139,840,72
QuangBinh,15-05-2014,97176,73418,43237,16964,29188,20385,98459,63517,06108,51947,16181,86436,3289,3360,9611,2555,139,43
QuangBinh,08-05-2014,33511,30639,41657,05056,54681,74394,50114,10160,49496,58235,64375,61499,5821,7822,5355,3489,210,99
QuangBinh,01-05-2014,50280,29561,25793,51755,11864,86377,22614,00672,05712,07717,70077,71245,9784,1349,0353,7180,370,91
QuangBinh,24-04-2014,30624,75813,70134,07345,26139,29871,17228,37788,58089,29033,13398,63285,8495,9787,8201,9842,951,34
QuangBinh,17-04-2014,57897,82829,57866,84446,46295,46046,51945,30756,18054,52778,34297,36346,4769,9248,1075,2183,782,51
QuangBinh,10-04-2014,26309,96307,24917,03042,67564,29112,03123,40870,99776,91533,32205,41299,3379,6554,8103,5116,982,17
QuangBinh,03-04-2014,19366,12283,50470,83654,23373,93241,49823,25709,51575,54415,71275,91205,1897,1282,5661,1040,229,42
QuangBinh,27-03-2014,91525,37225,89872,59560,58774,54549,82924,03120,08140,38779,27344,38580,0045,7747,3339,8931,900,42
QuangBinh,20-03-2014,35806,02106,73237,72045,06273,14712,40660,43122,50659,26427,69069,94411,0387,4419,6614,3617,059,65
QuangBinh,13-03-2014,60321,11765,03238,20855,16817,96606,31150,36724,23406,09728,96817,25427,7018,6815,0187,9868,339,91
QuangBinh,06-03-2014,43894,47234,83516,20134,48335,93539,34688,17021,72715,33772,11612,10151,2519,0893,5913,8149,847,91
QuangBinh,27-02-2014,37014,45241,54646,91193,26104,64302,73520,81726,03739,43354,03000,71639,3774,7995,3175,2541,052,91
QuangBinh,20-02-2014,72662,22050,77288,54072,91552,35173,30236,39170,30938,82208,98061,38801,0685,3574,8258,2606,663,48
QuangBinh,13-02-2014,02987,93643,52850,56777,48466,33024,66777,06189,79936,94233,34561,04857,9175,3317,4543,0655,261,84
QuangBinh,06-02-2014,89332,49589,98963,22889,89331,70432,08121,68897,10896,08686,99323,62093,4647,0867,3749,2209,790,49
QuangBinh,30-01-2014,86451,05090,66279,61683,81923,74398,13740,45587,95938,07675,78002,06505,5355,9550,6295,1553,485,49
QuangBinh,23-01-2014,68545,75389,21122,78881,63109,84919,09088,90983,28380,91958,87801,90853,1243,9067,4881,6023,342,67
QuangBinh,16-01-2014,62458,90122,09741,16184,80966,67636,95533,56845,76794,25902,47044,71978,6384,1412,5150,6335,929,34
QuangBinh,09-01-2014,05315,44679,09073,31697,41770,35844,11516,62685,81898,35229,17521,38860,6261,0866,8585,3001,671,21
QuangBinh,02-01-2014,14096,36452,01721,96488,40822,72105,23791,71073,96728,13337,01795,37507,2974,4324,5202,7269,274,76
QuangBinh,26-12-2013,27616,36368,75220,37732,99277,80711,74157,48495,13586,71776,47638,01971,1130,4450,9192,6316,366,91
QuangBinh,19-12-2013,79943,35828,28730,84193,35083,64155,94435,45209,64269,50210,72038,61025,1349,0753,6298,0614,334,12
QuangBinh,12-12-2013,56182,85998,71361,35996,75369,88893,85172,30470,88379,33681,66125,86103,0026,2685,0011,8361,354,26
QuangBinh,05-12-2013,84298,48163,24986,76746,14691,38833,43924,30067,27335,70421,81483,32723,8801,7709,1855,7289,552,57
QuangBinh,28-11-2013,94806,23358,93673,88303,47466,14443,52410,50025,52937,05916,31100,99709,1330,3076,8345,0781,268,60
QuangBinh,21-11-2013,79444,91479,83681,10378,36913,36396,68938,99016,50968,00708,38888,79195,7928,1327,2156,7641,485,75
QuangBinh,14-11-2013,52939,98186,99124,86888,96422,35428,62427,99404,78197,24726,13821,47459,5313,9571,6612,7127,950,02
QuangBinh,07-11-2013,90266,77734,05480,05254,96156,70844,35650,22685,41530,31058,72087,87411,8356,4668,2816,9080,974,28
QuangBinh,31-10-2013,83459,64379,69474,33542,01587,77102,61580,82496,62957,20728,38755,50245,4908,9743,3181,7374,919,13
QuangBinh,24-10-2013,14721,75114,81659,70254,61121,42793,13459,62419,83556,21555,98473,92020,4756,0838,8613,9615,590,10
QuangBinh,17-10-2013,23984,82112,73172,60487,26625,25953,30945,39638,88052,58541,11927,14432,5638,1183,8978,2405,039,95
QuangBinh,10-10-2013,40621,59046,65911,17507,86117,08630,76692,44155,33668,90338,11413,02507,2445,2439,9977,0214,617,34
QuangBinh,03-10-2013,25626,96707,87968,58938,31719,09965,70262,98243,55608,53553,97289,45825,5423,8492,4000,3312,017,37
QuangBinh,02-10-2013,33112,84618,20503,03062,61528,05401,89029,56118,22067,18365,45695,56004,7112,1567,4435,8044,882,19
QuangBinh,01-10-2013,33112,84618,20503,03062,61528,05401,89029,56118,22067,18365,45695,56004,7112,1567,4435,8044,882,19
QuangBinh,26-09-2013,33112,84618,20503,03062,61528,05401,89029,56118,22067,18365,45695,56004,7112,1567,4435,8044,882,19
QuangBinh,19-09-2013,68441,05686,71074,04625,74630,01469,79451,00312,32684,79271,73507,56916,4360,7090,3919,2416,329,49
QuangBinh,12-09-2013,96013,52910,53259,37390,32063,68572,38669,09721,14718,72479,13965,71838,7205,2594,1465,8749,316,70
QuangBinh,05-09-2013,31128,48980,71661,01378,64625,12550,79001,95750,28289,87612,27406,16402,8812,1229,2147,1020,215,82
QuangBinh,29-08-2013,50573,26425,84188,87367,17862,41645,77422,80438,92424,41335,96470,62584,9613,4431,3750,6659,291,58
QuangBinh,22-08-2013,45608,89198,85320,79793,18388,08715,96858,14890,63962,49021,77954,07047,3620,0394,5024,0147,035,28
QuangBinh,15-08-2013,18758,91873,00362,41722,83348,20001,33766,94260,52322,83364,72382,74788,3323,3684,2214,2548,817,86
QuangBinh,08-08-2013,10382,49190,39668,08141,05971,89946,45067,29094,99753,03203,10897,32063,4220,7853,2817,1253,279,37
QuangBinh,01-08-2013,42832,46176,83317,77337,39067,86369,25643,49128,57191,29434,88106,65246,2552,8530,9662,5914,952,49
QuangBinh,25-07-2013,94264,81903,06321,33022,91499,37893,75444,53989,04630,35806,76722,98286,3403,4114,1475,3097,730,15
QuangBinh,18-07-2013,84052,54309,08616,57116,05325,13385,26648,92990,51108,08115,04546,60826,7619,9801,6563,9296,608,92
QuangBinh,11-07-2013,31053,35329,60655,49261,97419,68101,84263,99301,63925,40362,44640,73397,5214,2589,5082,7907,555,44
QuangBinh,04-07-2013,11284,24447,09898,58518,48742,79259,24300,39703,21949,73925,29413,23407,6988,7429,3717,1037,716,68
QuangBinh,27-06-2013,45744,55298,02960,63934,17874,44027,25487,54631,60595,57346,93298,80949,7511,8763,4826,9012,575,31
QuangBinh,20-06-2013,32191,11936,48151,74061,05207,14031,55350,86588,85325,51728,73827,86179,9364,2289,6959,5302,977,65
QuangBinh,13-06-2013,67783,85860,91634,69217,36945,86197,14377,78186,22932,94879,09648,88209,0582,1059,1378,8063,786,48
QuangBinh,06-06-2013,77444,34484,39822,40891,49888,96950,64297,18781,43092,69051,92791,30632,5892,6535,0117,9323,077,03
QuangBinh,30-05-2013,85136,90578,36549,59388,38483,86373,07833,38996,73679,09458,96596,89970,2797,5405,8632,3071,598,66
QuangBinh,23-05-2013,00334,04861,81992,66023,90532,92403,93600,73440,62927,65209,98039,26476,0664,0137,0975,7965,755,82
QuangBinh,16-05-2013,20019,55757,19679,90183,28651,62290,51063,85840,34914,75413,70021,56837,8236,6009,4796,5226,923,20
QuangBinh,09-05-2013,18453,04745,59261,28777,14196,29263,73860,21009,05715,18446,12865,17550,1946,4901,9251,9113,110,15
QuangBinh,02-05-2013,82424,23610,54846,92395,62836,56429,30734,70782,28501,39735,79324,47285,1317,9012,5008,4708,117,74
QuangBinh,25-04-2013,92681,94287,96284,40468,83962,75686,74621,05192,66505,10004,23351,39535,5202,0893,2573,8795,542,70
QuangBinh,18-04-2013,97358,30810,65882,66981,24894,10068,22867,09779,03343,77693,11379,94581,6142,7242,1611,3434,827,84
QuangBinh,11-04-2013,55730,94566,75532,92416,28869,23663,01555,32616,36264,29724,31777,98437,7434,5829,0701,5852,157,21
QuangBinh,04-04-2013,10735,02206,34538,26691,23624,86307,08348,74233,71967,07073,55291,83868,4672,9142,0907,3060,022,49
QuangBinh,28-03-2013,47938,97903,93619,58866,25205,84306,06009,96373,76182,01139,25446,80398,2762,7792,6020,7399,488,03
QuangBinh,21-03-2013,31798,89054,54245,15373,68212,79087,38289,58882,16722,39026,38082,48521,9083,1984,9317,3534,056,53
QuangBinh,14-03-2013,84242,83909,52704,87529,36995,91745,68861,19251,50033,50643,78798,63344,4340,1282,4499,5872,776,03
QuangBinh,07-03-2013,61319,79410,68398,42845,38509,73870,67788,69595,87768,17289,18037,18504,2937,3676,8271,1638,888,30
QuangBinh,28-02-2013,34615,56459,39400,21725,97868,51508,81315,52417,64274,87031,28168,45017,0334,8880,3336,5577,926,73
QuangBinh,21-02-2013,72874,38697,49266,39190,68605,32357,08798,46564,78557,48329,04596,81396,3185,2007,1447,6729,933,78
QuangBinh,14-02-2013,86164,55430,68060,56078,63343,72985,84082,48828,33773,27375,02275,45516,3652,5987,0364,3546,601,75
QuangBinh,07-02-2013,13170,44703,08685,79703,59881,28749,77754,68273,63742,86866,42797,26449,7351,2962,4476,9832,268,58
QuangBinh,31-01-2013,18075,67026,89674,20175,95358,28461,77492,83152,42589,81319,31545,99693,2303,4131,6830,2950,684,17
QuangBinh,24-01-2013,35101,73961,61202,35264,47716,31110,82416,03648,12276,59871,12573,96600,4754,8351,0934,6524,939,22
QuangBinh,17-01-2013,87982,74589,73335,90010,78064,79733,26512,90602,23557,38636,71814,66899,8548,2765,1119,7310,824,39
QuangBinh,10-01-2013,08146,10662,47911,33369,41935,62126,31213,58553,53815,63799,75157,76994,7074,2462,8642,0416,229,00
QuangBinh,03-01-2013,41162,98756,43902,96996,33897,98311,01911,12524,84877,63807,91778,43477,5443,6062,4108,5665,344,61
QuangBinh,27-12-2012,65794,43481,90546,19554,39362,53374,64554,23135,09514,85160,37917,06075,6690,8984,0212,5808,316,67
QuangBinh,20-12-2012,84273,56457,10024,21058,64168,17116,32469,12981,56175,56943,39358,27527,4499,4052,5708,0788,124,29
QuangBinh,13-12-2012,24379,99538,51655,83416,12115,16074,00561,52756,90031,25150,78414,28850,4809,1160,0334,5292,680,55
QuangBinh,06-12-2012,04560,65160,71312,12925,44999,64925,58163,78797,02489,97291,81424,10956,3731,2713,1531,6768,333,03
QuangBinh,29-11-2012,75345,49099,58698,61554,96976,49012,92594,89051,64854,54935,43122,18275,9638,9037,5876,3027,333,96
QuangBinh,22-11-2012,40270,91081,94095,20861,91087,72300,29147,89735,83713,09181,07463,79249,8658,6375,0331,4981,616,45
QuangBinh,15-11-2012,08751,27200,82298,28821,18282,23908,07870,32576,23873,32199,33206,44972,6299,7909,5939,2097,050,86
QuangBinh,08-11-2012,14745,33264,29605,92278,15537,39687,68331,65420,74513,44018,47183,03073,4726,5439,0917,0960,218,34
QuangBinh,05-11-2012,74793,91930,14862,43827,20876,83838,25364,23602,20374,91717,12024,37594,4144,0023,6244,4793,920,49
QuangBinh,01-11-2012,74793,91930,14862,43827,20876,83838,25364,23602,20374,91717,12024,37594,4144,0023,6244,4793,920,49
QuangBinh,25-10-2012,41071,90376,36630,32241,62582,70827,08543,14779,14045,62733,44312,28747,5322,7543,6990,4195,072,20
QuangBinh,18-10-2012,28294,16244,08571,44999,46579,66596,59125,63135,93837,93938,72947,05368,9375,3089,6467,6097,873,21
QuangBinh,17-10-2012,24063,21062,49815,94291,75312,07846,54688,67325,28174,43019,78851,74569,5426,6232,3801,1212,902,99
QuangBinh,11-10-2012,24063,21062,49815,94291,75312,07846,54688,67325,28174,43019,78851,74569,5426,6232,3801,1212,902,99
QuangBinh,04-10-2012,63436,85970,75156,86494,06873,69462,59238,37018,55553,61417,23129,22609,5325,2733,5316,9366,352,22
QuangBinh,27-09-2012,06724,30136,06547,61895,97287,37183,40836,58409,35746,90970,07582,10273,9163,5515,9690,5433,675,90
QuangBinh,20-09-2012,60403,94077,72334,30590,40983,32531,81188,24821,00479,35343,37025,77524,7808,6761,1537,8571,500,21
QuangBinh,13-09-2012,79611,63008,80524,65729,37004,61853,31599,05357,20343,54767,43152,57742,4685,9909,9788,6012,054,92
QuangBinh,06-09-2012,07127,24112,99453,97688,93404,95909,81889,33901,18363,21859,25576,98117,0170,7486,9252,3020,203,56
QuangBinh,30-08-2012,48705,63939,90857,27941,73994,63417,50069,31452,64537,09027,58352,44065,4371,7303,4901,7822,090,34
QuangBinh,23-08-2012,15928,28377,66144,39722,65382,60997,14652,58549,01306,37350,10389,92413,2349,2807,1300,9784,941,62
QuangBinh,16-08-2012,96005,97310,80313,36633,78144,86826,61812,14853,04507,93481,00929,04465,6556,9386,3905,6459,464,52
QuangBinh,09-08-2012,25795,08599,93753,44174,76105,09417,77798,25645,14955,97141,06640,36972,4455,7316,7503,5316,720,23
QuangBinh,02-08-2012,75209,34633,58161,95597,41579,00978,12339,32318,69910,97154,26696,92916,0794,7388,6029,5894,140,35
QuangBinh,26-07-2012,32591,74797,01384,96546,86699,07444,47680,01720,14916,29571,14704,78416,0041,4690,4640,3099,257,55
QuangBinh,19-07-2012,85306,12832,09130,32134,19688,84702,36025,78696,29024,75660,69075,84892,1693,3889,0943,3879,157,96
QuangBinh,12-07-2012,00847,12617,67731,92799,94503,67989,89954,27211,16288,62792,94630,82221,2585,3103,5667,6645,735,41
QuangBinh,05-07-2012,72981,49520,68938,61052,67570,18723,21755,49375,23935,20537,58642,97287,4167,4539,8438,9413,187,33
QuangBinh,28-06-2012,16465,55109,57748,75375,20260,11034,86401,66249,44032,33145,99236,12411,7728,0641,6871,2030,477,55
QuangBinh,21-06-2012,93780,60355,71717,75403,91510,24139,24942,24815,35160,56232,66628,36393,4098,0322,2113,6953,866,89
QuangBinh,14-06-2012,79832,68835,83481,53558,50360,29850,17232,49986,12866,38830,54817,73972,3974,1991,6257,2134,247,59
QuangBinh,07-06-2012,17903,39182,20530,08019,59063,92432,24278,33758,72469,47148,82964,21579,7290,5958,9166,2111,991,02
QuangBinh,02-06-2012,35258,71748,82493,24027,65853,64917,43195,35480,99436,50020,20451,52614,5647,0207,0316,3097,380,07
QuangBinh,31-05-2012,35258,71748,82493,24027,65853,64917,43195,35480,99436,50020,20451,52614,5647,0207,0316,3097,380,07
QuangBinh,24-05-2012,67543,77047,06171,20486,68220,61530,57211,79277,90801,46163,97608,67553,1484,5842,8482,3904,531,33
QuangBinh,18-05-2012,39821,75098,75318,95611,13863,98871,39027,33826,28471,95339,47309,51135,1113,7870,9908,9782,557,08
QuangBinh,17-05-2012,39821,75098,75318,95611,13863,98871,39027,33826,28471,95339,47309,51135,1113,7870,9908,9782,557,08
QuangBinh,10-05-2012,17682,38054,69645,17028,37232,55177,54019,80329,26666,46592,56022,81988,7548,4651,8506,5883,387,20
QuangBinh,03-05-2012,31572,26764,57204,19770,46759,44241,01308,91904,41927,38953,90508,90608,1409,0597,8724,5910,466,16
QuangBinh,26-04-2012,34663,64084,86887,28212,77226,71084,33337,32767,99451,37692,11541,26208,5159,1651,4836,1644,545,59
QuangBinh,19-04-2012,07909,22677,09315,14448,62091,27266,57500,37742,40024,71481,80574,09472,6549,5347,2451,3022,702,94
QuangBinh,12-04-2012,23547,43333,49026,13438,16979,55570,82842,96301,17186,49609,23454,22061,2221,2384,8067,9306,055,33
QuangBinh,05-04-2012,35513,34538,86727,47587,98572,65726,12880,54258,32771,89917,66947,40010,3876,8687,4169,3848,835,79
QuangBinh,29-03-2012,69284,76548,13741,07534,18238,99201,30372,40876,25333,28899,06819,15752,9048,5321,7196,8649,347,17
QuangBinh,22-03-2012,36082,79897,69257,66123,84339,88338,33863,22612,41831,00625,42027,11287,2002,1593,0959,7891,499,53
QuangBinh,15-03-2012,51917,19848,11583,82115,45521,49229,97315,60806,64454,38378,81474,42815,2397,3760,7619,6423,192,39
QuangBinh,08-03-2012,42079,53042,83861,82000,94045,53963,36687,45908,30482,41490,96995,18420,1357,3795,6627,9047,932,75
QuangBinh,01-03-2012,77716,81045,94192,16761,63290,24172,42140,83273,91079,27250,55805,16233,7864,3589,8039,3716,486,37
QuangBinh,23-02-2012,90249,34829,14934,52638,21710,96502,02407,37145,84700,65670,01162,69922,9095,7666,8965,7160,255,29
QuangBinh,21-02-2012,01674,98424,58906,87768,61427,68787,04953,40226,39245,27504,28195,71291,6926,1657,1748,5729,228,90
QuangBinh,16-02-2012,01674,98424,58906,87768,61427,68787,04953,40226,39245,27504,28195,71291,6926,1657,1748,5729,228,90
QuangBinh,09-02-2012,52536,49110,21451,57841,31570,05791,66961,70065,74732,26467,37668,63000,0498,5363,6997,7575,953,17
QuangBinh,02-02-2012,96065,52245,49632,50551,17990,81798,29225,10328,87999,72548,66724,60304,9274,7232,2702,0192,447,60
QuangBinh,26-01-2012,17513,16288,91171,12070,57668,66436,92508,88197,69460,45605,54668,53179,1788,9986,8166,7815,867,66
QuangBinh,19-01-2012,76738,81899,24983,14078,85757,32491,65072,37838,11195,47746,90057,87155,3696,9709,3492,4775,919,19
QuangBinh,12-01-2012,58924,50555,01293,42839,88697,09801,58993,20370,91308,45509,16110,13932,7653,8643,6697,7651,167,81
QuangBinh,05-01-2012,61225,32828,65145,02752,86443,72194,17644,91062,32631,90907,22559,08682,2193,3003,5222,9775,030,60
QuangBinh,29-12-2011,44623,98904,14160,69574,77798,52735,66413,23113,52735,56406,12014,07007,7007,1956,3108,6817,200,60
QuangBinh,22-12-2011,71066,85723,22125,50326,51849,89168,50892,23461,31354,35468,91873,43270,6664,4077,3607,3431,950,57
QuangBinh,15-12-2011,44695,27623,37702,00342,29883,44435,72629,65341,33400,29284,47762,67744,8967,2948,4882,7783,510,40
QuangBinh,08-12-2011,98669,71371,40450,68555,55365,21007,89047,35076,04530,49203,26846,28469,0371,5747,9777,3630,494,70
QuangBinh,01-12-2011,14286,89354,25861,85859,30632,55335,91731,26711,94809,23319,82951,02853,4408,3679,4820,5018,224,98
QuangBinh,24-11-2011,69346,10436,34020,33329,40032,83685,12992,40101,13497,49690,07950,87776,3908,3876,3247,1973,765,75
QuangBinh,17-11-2011,42051,12142,92372,76574,34705,59703,83768,96657,25230,87832,54096,94865,0147,2055,8914,2318,946,72
QuangBinh,10-11-2011,40108,96580,01558,25392,03944,55968,62921,85011,97966,76942,54373,33618,1342,9147,1875,3457,504,95
QuangBinh,03-11-2011,98072,29935,25826,65884,75596,07128,00210,17653,51639,08819,18613,27873,8661,5918,6942,7380,056,98
QuangBinh,27-10-2011,87966,63956,99991,71330,64410,85163,89491,47796,68999,45216,32601,25616,9136,7255,5823,9023,491,53
QuangBinh,20-10-2011,48019,07846,51895,36081,75997,00821,36077,59605,53869,69714,38844,43376,1770,8491,8820,5789,559,51
QuangBinh,13-10-2011,16399,76045,07118,54579,60550,07642,12589,10123,88758,85803,03009,61196,0980,8575,2293,7114,697,85
QuangBinh,06-10-2011,49632,90614,27027,14168,93929,60835,25419,06649,09393,22200,14264,57669,2152,7987,7171,2839,970,03
QuangBinh,29-09-2011,42504,26210,51649,55737,54095,07667,35904,10255,25508,54402,70631,74126,4007,0291,5166,4289,814,33
QuangBinh,22-09-2011,69317,33969,44798,40126,96896,12744,37992,42302,59810,41339,93209,31868,2834,8862,7942,7918,115,63
QuangBinh,15-09-2011,01065,68508,51583,75906,42129,24448,78883,38481,81593,39198,49335,56704,0272,7513,5432,3971,289,02
QuangBinh,08-09-2011,09238,76003,68935,02488,01745,90941,17298,74487,93775,01429,80919,99559,9146,6322,7311,8457,547,14
QuangBinh,01-09-2011,69287,99853,62918,95757,50164,13259,87112,23500,57622,81470,04819,68396,6771,7290,6914,4708,935,01
QuangBinh,25-08-2011,45333,13563,84780,40009,29398,65052,93572,46740,39056,10555,33944,42168,3166,1585,0218,9475,608,93
QuangBinh,18-08-2011,25306,99132,91004,03550,70948,57694,80273,87958,99087,28456,83703,41805,6468,9200,4465,2030,887,64
QuangBinh,11-08-2011,32868,06955,03359,25223,05120,58318,98426,96047,03639,93853,25813,82306,2154,1858,7024,4273,779,75
QuangBinh,04-08-2011,43602,04581,62387,14794,67671,93947,36949,27881,51846,70844,92103,30832,6051,2085,4797,3912,903,18
QuangBinh,28-07-2011,72084,72886,56390,42409,23723,55934,86807,57942,77707,48667,80119,65745,6368,0781,2332,5026,831,64
QuangBinh,21-07-2011,87120,20942,95972,48055,98361,46421,31372,47883,29319,58008,32512,20451,3266,7704,7386,5286,356,21
QuangBinh,14-07-2011,76782,12843,51967,05668,97222,85991,88634,97167,65007,50853,77147,50708,1057,7041,7011,0586,209,74
QuangBinh,07-07-2011,60668,52445,61630,99598,26343,33401,46154,40022,93888,48447,52364,05390,6395,0153,9686,5627,229,67
QuangBinh,30-06-2011,55219,36108,05779,74858,88446,54200,69341,10296,98218,94624,21371,23518,5937,9296,2212,1348,931,25
QuangBinh,23-06-2011,80243,88849,43118,41711,97115,76704,02762,09368,29752,86446,61975,74853,9646,7432,3978,0101,227,99
QuangBinh,16-06-2011,35313,45150,55957,17134,45546,25790,47008,87493,58978,81662,66705,72357,0736,5285,2564,7657,588,36
QuangBinh,09-06-2011,87247,53489,82050,18959,13248,91043,88170,41167,95279,09305,72825,40787,6229,4456,7762,6964,112,90
QuangBinh,02-06-2011,39448,51827,83068,61395,88768,57083,04404,68774,20912,04846,32767,61114,9299,7104,3303,4978,402,08
QuangBinh,26-05-2011,82882,30059,45575,03061,07721,58557,39267,43609,98000,53614,87290,61628,6192,4067,9124,2450,192,12
QuangBinh,19-05-2011,17449,66975,58005,92050,64721,04535,83717,67574,89586,22395,07090,55505,1339,6464,1146,1463,291,03
QuangBinh,12-05-2011,32270,86548,65019,77645,44068,43041,20415,29407,86283,07725,75551,83989,5411,4297,2577,5500,539,61
QuangBinh,05-05-2011,50969,82970,23458,47814,28790,57288,99653,77047,48958,64547,61919,58249,3900,9136,1959,8608,716,46
QuangBinh,28-04-2011,61858,11238,37521,09507,53904,01219,66363,54047,68639,57454,55621,68121,6975,2253,5347,6281,628,34
QuangBinh,21-04-2011,76733,44578,49709,98745,60490,17138,32474,44070,05539,10130,33477,36562,1949,7761,8892,2329,297,41
QuangBinh,14-04-2011,79333,25312,94268,95100,19723,62436,47038,94903,16277,44472,79469,15705,9920,3844,9010,0926,501,92
QuangBinh,07-04-2011,36942,20547,00523,15048,71050,38200,61476,18143,80795,24059,77665,86178,1476,9018,3093,2026,436,33
QuangBinh,31-03-2011,53195,91895,51251,23943,95215,30569,31398,53333,03770,90858,65872,65098,0873,0594,1775,2003,993,66
QuangBinh,24-03-2011,53349,89041,30345,79219,81108,40035,22734,06288,83015,89165,55402,59243,4750,7761,4278,6032,229,27
QuangBinh,17-03-2011,65293,05634,31313,02319,58785,03714,38718,15822,61272,00448,78648,33494,5329,0430,1680,9485,175,63
QuangBinh,10-03-2011,52061,61978,78025,69332,06269,78596,22897,07226,62348,90019,05911,67486,4871,1720,9864,0035,705,04
QuangBinh,03-03-2011,38037,46226,18303,07777,02793,73480,53641,95543,80403,57356,16700,58960,7089,9569,3691,4986,865,58
QuangBinh,24-02-2011,98532,57931,30859,90540,46486,47465,34011,51157,32668,72137,57946,82611,7680,6692,7787,2505,359,66
QuangBinh,17-02-2011,76300,97402,42011,35369,13863,52542,44192,95174,94038,12924,50947,49575,2612,3749,6244,9580,192,83
QuangBinh,10-02-2011,50676,37838,57520,15839,76444,04775,42668,45542,48463,60223,62948,79454,8699,6618,1236,1750,035,81
QuangBinh,03-02-2011,10203,38053,87637,98810,58588,03321,94897,08786,28647,97624,79386,38700,5144,7347,2107,6768,288,48
QuangBinh,27-01-2011,44722,58407,66679,06117,02623,52131,78133,22469,52878,08204,90846,95431,0243,6681,0224,0870,953,38
QuangBinh,20-01-2011,01318,19549,15009,84098,18840,91917,23143,75427,07803,58803,33581,13341,4313,7357,3883,9306,187,58
QuangBinh,13-01-2011,11629,95611,89943,76496,06974,50092,83645,56685,73725,11825,37483,43878,7090,9984,0170,1190,672,75
QuangBinh,06-01-2011,86819,19612,35664,77502,35163,89273,27652,03304,94701,67588,76411,57985,7039,8844,6922,7293,910,20
QuangBinh,30-12-2010,86066,53845,74029,10080,78865,13380,66239,66756,12248,23225,60453,69381,0494,9675,5575,0387,274,62
QuangBinh,23-12-2010,99459,15469,80358,72532,02394,65824,91942,29394,50792,45606,60525,03192,1150,2567,8366,3162,044,76
QuangBinh,16-12-2010,32781,90756,07798,10443,79721,98154,75960,57678,81635,33536,19370,88866,5647,9751,0029,2490,185,72
QuangBinh,09-12-2010,92946,23471,91493,44410,92908,12266,85518,18377,89592,26920,29888,63288,1573,7347,6115,1081,551,40
QuangBinh,02-12-2010,46946,73892,97435,71810,79107,34885,45677,61002,81380,61002,45677,34885,8974,1822,0214,6791,364,06
QuangBinh,25-11-2010,61081,46868,35872,88989,77508,16734,01468,37130,80604,59391,37798,00537,6923,7659,6503,0525,256,58
QuangBinh,18-11-2010,21680,38904,62230,11637,32481,32282,96490,02941,18648,33103,75351,64731,5922,2689,5118,9710,112,27
QuangBinh,11-11-2010,93806,25591,48561,47356,40999,09732,27255,76379,02914,06814,12965,69855,0386,7939,8145,7824,800,36
QuangBinh,04-11-2010,76477,96424,93889,90463,44464,98406,93642,47752,63094,76317,49873,08252,3161,7415,8247,5122,914,71
QuangBinh,28-10-2010,82686,59629,77085,76009,41648,94639,96746,65720,72330,07136,86794,85122,0409,9463,8334,6045,032,85
QuangBinh,21-10-2010,43089,78448,18820,74305,73925,11339,66343,89688,12195,42360,60142,74673,9465,5276,7028,6397,965,42
QuangBinh,14-10-2010,09698,65200,10296,19736,61862,48231,21565,63834,36458,69420,45842,44082,5200,2289,7538,5111,211,58
QuangBinh,07-10-2010,92279,09914,43794,59154,91058,64244,97498,95289,77278,77831,71653,18053,8155,2899,5824,6904,623,99
QuangBinh,30-09-2010,71313,61048,70416,38974,75175,95616,27001,58874,01533,38899,35581,86093,2239,6995,4503,0210,197,07
QuangBinh,23-09-2010,33729,05422,29693,30581,23060,19654,59428,55323,66834,55242,05266,91789,6037,8596,0591,9230,579,71
QuangBinh,16-09-2010,29445,61225,85969,29427,96049,78321,37355,11430,83235,13999,45226,64956,3924,7062,9111,3851,642,41
QuangBinh,09-09-2010,32329,67517,13425,16420,43543,56221,07624,89103,71815,44796,92236,79193,5438,7188,7358,2295,818,90
QuangBinh,02-09-2010,81816,95407,25634,26153,25818,13263,99091,26018,67858,48500,42223,62658,5606,2128,2511,8450,385,31
QuangBinh,26-08-2010,33703,72865,89730,14334,68466,33761,95346,04163,22259,79745,41620,32136,6461,7986,8553,5297,378,23
QuangBinh,19-08-2010,59158,83226,53959,78217,47501,14834,45915,76864,03175,08719,54407,57805,4212,4004,3173,8088,152,96
QuangBinh,12-08-2010,94540,18195,90470,19645,22514,60953,98583,81379,28239,99510,32513,81833,0285,6285,3269,7751,581,55
QuangBinh,05-08-2010,73773,95202,70606,97358,84624,47929,85098,93350,55248,36104,82989,77020,9162,2861,0318,6608,565,98
QuangBinh,29-07-2010,38970,62405,03543,90199,51503,93363,73031,32799,91646,75476,17441,66413,9590,8260,6295,9918,216,83
QuangBinh,22-07-2010,35208,56868,03393,79619,57700,91633,15369,29023,95765,01540,09790,04158,7951,6671,4509,5173,171,33
QuangBinh,15-07-2010,73862,07651,77936,85766,55649,12595,17687,28744,01293,01990,51504,11691,7806,2584,5302,8622,402,70
QuangBinh,08-07-2010,15312,32681,23884,76799,60512,97924,64501,77807,47025,44468,91676,44370,0520,0259,7590,9112,526,87
QuangBinh,01-07-2010,97420,78300,26370,37408,06687,91632,31504,03137,59619,27551,47697,24653,9548,3738,9091,3401,196,51
QuangBinh,24-06-2010,02679,58412,17282,48682,73163,53596,95000,82544,82731,54239,30991,33761,5168,4066,7090,2256,308,69
QuangBinh,17-06-2010,06134,81559,98057,42276,05794,43497,91211,90055,40847,92936,49206,54906,7918,4441,5774,4318,599,33
QuangBinh,10-06-2010,23574,29533,95880,35598,59903,65808,87737,30601,84538,58899,21331,93610,2721,4091,1209,2581,877,57
QuangBinh,03-06-2010,72812,84941,31967,58431,14939,52858,05705,87991,88970,24785,55880,27365,2000,7690,3039,0726,648,70
QuangBinh,27-05-2010,66371,27325,67962,26754,73828,63979,18017,93436,35902,95245,53210,20171,6932,9184,4296,9864,476,33
QuangBinh,20-05-2010,82291,16954,33663,82451,60903,23426,31156,72424,83955,17555,43428,68714,6847,7970,9138,3374,717,21
QuangBinh,13-05-2010,80124,39610,56513,77549,35787,44919,66891,09185,92717,80854,23902,12170,8637,5925,1828,2550,465,12
QuangBinh,06-05-2010,97428,20455,16221,32342,09592,51660,28270,11140,88686,05392,24241,71297,6162,1442,7085,9156,373,44
QuangBinh,29-04-2010,05010,79897,01202,82974,94994,27530,33006,76514,13322,30107,41357,49963,0677,6886,8813,0675,813,81
QuangBinh,22-04-2010,54801,40183,78071,98439,99573,67812,08568,40984,10575,36200,26823,26194,3395,1110,1062,2824,547,14
QuangBinh,15-04-2010,11092,37023,07307,09703,24191,08581,00406,05366,14406,45191,74416,97267,0420,1876,1317,3682,105,52
QuangBinh,08-04-2010,78034,19479,54013,76881,75983,43019,85172,97095,55114,98811,00896,46075,6615,7282,8173,9471,401,30
QuangBinh,01-04-2010,07352,61013,02820,50052,57801,01276,56868,28035,76239,16334,58568,94615,2227,9376,4191,3979,750,56
QuangBinh,25-03-2010,88877,89811,08894,10919,39588,55009,55100,07367,92302,93473,09316,35218,2879,7985,0441,7864,598,39
QuangBinh,18-03-2010,57067,10960,86254,83212,41656,76970,95591,41609,98323,93654,22368,18329,5154,7135,4212,1627,407,89
QuangBinh,11-03-2010,72833,22617,63343,14168,83142,79216,78759,06651,67238,00255,72810,45414,1754,9554,3878,0772,434,16
QuangBinh,04-03-2010,68982,70609,89936,37042,09513,90678,78702,20240,69169,69271,93089,64847,9876,5141,5222,5955,095,81
QuangBinh,25-02-2010,20425,17325,10627,24787,66569,95228,07949,74869,36578,35117,59283,78227,6372,5934,7559,0507,865,62
QuangBinh,18-02-2010,80621,71950,85487,29540,58425,49133,85905,00204,14328,15749,25602,37712,1159,7301,2147,2379,733
QuangBinh,11-02-2010,03034,04611,94904,73210,98874,15956,09827,97199,96015,62664,68533,61960,5667,0001,1034,6965,518,08
QuangBinh,04-02-2010,78108,08002,44178,68248,13743,02438,74450,06985,65497,55563,95149,11716,5120,8044,5610,0898,524,12
QuangBinh,28-01-2010,71656,80820,67033,10335,52851,79768,16145,80032,31514,34344,00357,01608,8234,8379,4227,3638,764,28
QuangBinh,21-01-2010,25443,98910,47341,82605,72334,15788,26455,19646,72472,89701,93864,19640,7702,3696,3157,9818,071,33
QuangBinh,14-01-2010,18104,82903,77684,36531,43149,42725,57677,97350,75966,62246,03723,01011,2314,2390,5375,1929,182,54
QuangBinh,07-01-2010,59396,56933,99408,91985,02315,85772,89060,97695,18340,56609,35223,42577,0958,5914,0245,0373,679,92
QuangBinh,31-12-2009,31615,07706,63391,89059,73691,40958,06790,74407,65451,94411,00810,03983,9024,1408,6643,8500,862,68
QuangBinh,24-12-2009,49527,78211,39857,90110,01399,69009,64789,61826,72814,90062,36639,42413,4487,1969,5202,1930,887,86
QuangBinh,17-12-2009,31283,78964,56491,96713,92300,07939,44251,78529,00886,99856,33478,97301,7882,4900,1830,9631,704,61
QuangBinh,10-12-2009,68941,50092,51707,45231,05905,29785,73672,33773,31579,07331,61120,99943,0952,0215,1996,9516,580,02
QuangBinh,03-12-2009,20583,13540,13276,29262,99272,92054,48780,53798,25185,22444,65053,68890,8622,0873,4500,2413,679,56
QuangBinh,26-11-2009,32411,26591,82329,24661,29883,27533,45977,57853,79474,76393,09008,50792,7067,7473,5435,7496,396,95
QuangBinh,19-11-2009,70598,81769,92358,95804,64036,47681,21182,02848,84971,49969,15649,90996,0606,2326,1364,0625,468,72
QuangBinh,12-11-2009,42476,68298,80339,32208,02217,06737,51081,75859,07948,55586,46748,28437,6234,2471,9854,1940,253,93
QuangBinh,05-11-2009,90003,12174,76407,10314,22521,24151,28239,88851,56620,85555,43729,63851,2019,7726,3951,4600,086,20
QuangBinh,29-10-2009,58717,54690,32303,21851,01372,24172,87221,69620,06019,59943,91846,11314,7205,0811,2276,4189,339,79
QuangBinh,22-10-2009,43046,05243,93693,04092,62370,73278,28193,64666,59755,69652,49990,97889,2891,8385,6108,8435,129,13
QuangBinh,15-10-2009,13822,77312,21280,05647,99622,77989,14387,69747,40266,27018,94190,28375,1797,3856,2886,3077,371,46
QuangBinh,08-10-2009,62262,53715,60290,93127,63394,32468,17326,15235,78880,91988,08018,15296,6737,0829,3541,1756,607,97
QuangBinh,01-10-2009,20151,16620,16844,49947,03892,83124,77933,56432,35478,00192,91394,97724,6186,8995,9843,7195,590,84
QuangBinh,24-09-2009,05500,17915,21687,31958,65922,15183,30700,17573,27033,86985,74261,07635,9739,0855,9320,4621,965,76
QuangBinh,17-09-2009,67294,32122,59441,14487,42212,59748,31646,14481,92875,99386,82391,44018,8926,0769,8260,1427,533,64
QuangBinh,10-09-2009,66667,51090,41136,79492,64359,16508,05054,95224,35714,30813,09456,10265,8209,4604,1706,5957,997,44
QuangBinh,03-09-2009,80757,70984,84829,90549,39253,59293,37265,67667,76971,99251,24571,02919,6893,9008,5546,6771,530,30
QuangBinh,27-08-2009,52256,82298,83995,76670,66845,42442,22816,60379,47126,24186,54327,93501,1876,0058,4154,4252,138,31
QuangBinh,20-08-2009,73737,73099,75775,14643,64653,54781,56424,40355,66371,27248,40730,42435,5678,2901,7553,5916,731,23
QuangBinh,13-08-2009,92258,98777,87732,27969,35726,45563,72545,01871,61163,61770,06139,48255,7379,3676,3424,3655,299,76
QuangBinh,06-08-2009,96979,82635,73680,60621,99449,87848,32686,83281,67867,87798,33312,98674,0113,1680,8193,0259,507,83
QuangBinh,30-07-2009,16063,52788,84076,04003,65983,05057,39938,54875,18559,03105,34085,89674,9096,2980,2055,6376,786,00
QuangBinh,23-07-2009,53938,45822,98873,36167,81293,95642,46064,46737,17250,24570,43531,43527,8784,9918,7490,6143,435,67
QuangBinh,16-07-2009,81761,88678,24508,65805,07456,17522,41666,31434,38479,11052,02737,42600,2964,9989,8797,6387,133,55
QuangBinh,09-07-2009,66432,32496,66007,21041,83046,07916,12259,00842,77765,94385,01134,28414,9526,3675,3885,1173,815,81
QuangBinh,02-07-2009,93371,16747,70300,48253,33544,64585,39245,90874,94886,09922,72738,38608,7911,8398,2492,6971,056,07
QuangBinh,25-06-2009,06008,32114,45946,46434,59934,73487,13926,49878,17477,00470,84576,46563,9044,4055,4639,2693,942,54
QuangBinh,18-06-2009,75106,85266,03162,21040,23606,91446,10465,94231,94653,59375,39079,83497,2416,9817,9323,6852,944,92
QuangBinh,11-06-2009,13292,65200,48556,89229,72477,03560,68192,42860,46184,49160,45956,44415,9976,3097,1513,9665,412,00
QuangBinh,04-06-2009,27627,92116,70400,40394,84733,34285,34907,79278,50140,11478,49019,89472,6195,9288,7250,6099,988,52
QuangBinh,28-05-2009,47166,25507,14720,81653,23033,68765,15407,06345,23774,37227,78675,66156,3034,6931,1688,9292,766,48
QuangBinh,21-05-2009,43948,30990,62767,02261,19077,41276,72153,20422,28738,06478,10129,66152,0387,2679,9303,2596,003,73
QuangBinh,14-05-2009,30353,23761,35312,83513,00395,57539,49404,55075,24863,14865,03716,80492,9267,9278,9568,9205,722,36
QuangBinh,07-05-2009,36358,45860,63442,54613,79912,71325,58915,73635,05318,85145,95223,83357,4194,7877,1159,7613,100,21
QuangBinh,30-04-2009,88687,11600,82453,16747,45592,74108,49792,97631,29101,83277,66206,67809,7467,9313,7032,7711,755,31
QuangBinh,23-04-2009,00688,21737,89447,86775,07027,36843,92754,80076,38132,97130,80694,54190,4629,5896,4784,7528,650,60
QuangBinh,16-04-2009,43128,78513,18008,58039,30118,91341,92324,06934,24647,60328,12888,71852,6405,1228,5748,1979,639,36
QuangBinh,09-04-2009,57635,01525,63665,70087,75814,51833,28749,49821,44112,97303,38342,72166,1317,2986,8017,7247,942,05
QuangBinh,02-04-2009,77266,44897,92900,47199,95570,09531,26047,76057,67779,08936,51113,34713,1390,3806,0371,4111,390,67
QuangBinh,26-03-2009,59194,20331,08042,80348,48151,15448,03674,32699,32533,65936,66142,11548,1421,6277,7249,6902,949,82
QuangBinh,19-03-2009,10272,55527,27364,20327,53078,59364,48411,45507,74203,86120,63265,01891,2239,9307,2383,5448,928,32
QuangBinh,12-03-2009,82579,70211,85295,65688,95292,61253,38755,89114,16333,82275,40468,71453,5402,2349,4964,7355,930,27
QuangBinh,05-03-2009,30820,89560,20054,28261,92286,72535,17873,71844,14416,40538,98234,71632,5094,1206,0401,1302,275,56
QuangBinh,26-02-2009,81603,66393,37692,58354,31922,84159,10331,36547,90143,77437,71807,06873,6274,9660,8599,6779,714,09
QuangBinh,19-02-2009,45765,48027,97182,15765,91389,45212,24368,95292,65787,56043,86678,98546,5451,8821,0793,6531,979,64
QuangBinh,12-02-2009,19092,71475,96891,42992,88449,19332,91976,97773,26849,10306,28595,12928,0680,9600,1846,9500,093,84
QuangBinh,05-02-2009,33988,45608,59459,14187,75963,33664,78021,97312,18885,97732,31932,58937,9059,2136,0698,5743,090,04
QuangBinh,29-01-2009,30983,49636,34020,46677,51951,08205,52615,47151,44780,81637,02623,03039,1986,9049,4069,8096,826,98
QuangBinh,22-01-2009,08420,72020,21157,54523,83701,94466,34954,67423,55469,30414,39019,69847,7419,0548,0506,0581,772,96
QuangBinh,15-01-2009,39217,55899,85134,92864,79464,48159,83613,45751,65929,16839,68727,10830,9115,2935,0574,8269,591,31
QuangBinh,08-01-2009,27425,02289,53157,07409,00660,37719,11571,99107,01435,32508,70036,85587,8645,2769,2082,9679,919,56
QuangBinh,01-01-2009,39501,58636,53496,57423,04806,80798,46963,08782,13351,00302,77156,25518,0428,7879,2709,8377,475,62
QuangBinh,25-12-2008,36452,86753,02397,34168,64451,71184,02723,62328,95602,29588,94108,62505,8762,7555,1765,2608,420,74
QuangBinh,18-12-2008,44388,24914,10530,31397,47914,58083,38386,05351,88829,84690,10730,24314,6283,1902,1373,8090,394,04
QuangBinh,11-12-2008,83211,89182,26886,20268,81083,01167,53204,33917,68365,50468,98276,28517,1273,9434,2405,6470,346,93
QuangBinh,04-12-2008,77235,70060,60331,40254,67241,71650,81344,83536,08046,51648,67497,75446,7439,0798,8056,3805,381,48
QuangBinh,27-11-2008,59428,84857,33755,50857,30809,56371,41088,25393,55485,34412,84503,49527,9564,3564,6533,3039,995,52
QuangBinh,20-11-2008,26173,89953,06774,15470,58284,55302,86498,15128,63987,96558,68423,40046,5798,9064,7639,2337,883,55
QuangBinh,13-11-2008,19758,71538,26345,56613,41993,14178,58978,18117,44016,65066,80604,00957,3712,6239,9740,5128,951,79
QuangBinh,06-11-2008,41208,18672,87724,99719,33390,48118,43750,66667,59011,82266,39820,03228,8897,2671,9582,1560,369,36
QuangBinh,30-10-2008,98434,39973,92885,01198,00346,96444,84158,27861,35135,08557,08795,79539,1807,1881,7553,2171,535,39
QuangBinh,23-10-2008,25249,74439,79988,98478,31139,04613,46792,68844,25993,51628,99886,07264,9067,7204,2094,2328,554,02
QuangBinh,16-10-2008,50678,80712,89627,29383,21877,72131,54017,69631,19929,02331,55904,80193,2606,7696,5549,4390,710,37
QuangBinh,09-10-2008,15398,96815,17151,97955,89910,68254,79512,02131,97853,18676,79652,86033,6743,9475,7517,1226,128,56
QuangBinh,02-10-2008,75242,47317,08419,13377,88645,94479,35130,92479,00788,59443,25322,49345,6267,2124,0228,5501,193,68
QuangBinh,25-09-2008,80477,93595,62810,41010,91042,50799,42215,26307,66821,86793,60217,17247,3622,1236,3636,8764,962,60
QuangBinh,18-09-2008,59829,09284,27784,83278,87236,36082,00900,49230,99726,86382,94929,64508,5118,6963,3847,9372,543,39
QuangBinh,11-09-2008,21789,91531,00435,75827,38739,74165,56578,19962,46718,06137,22706,74046,5099,4833,9215,2526,043,05
QuangBinh,04-09-2008,61355,26456,00299,45465,18328,41325,46065,20756,59710,50779,91753,64683,0613,4647,5635,5801,470,82
QuangBinh,28-08-2008,85472,94821,34730,98949,07329,18751,47055,99144,26454,58126,26385,87783,7429,2746,7825,9083,564,89
QuangBinh,21-08-2008,58595,01190,18289,07013,16418,74444,45073,18837,95883,18555,38932,84068,2130,0587,1587,8026,587,16
QuangBinh,14-08-2008,98227,75791,73209,21522,36975,41547,62092,67364,52693,43897,93116,76778,6285,1072,9024,3158,256,68
QuangBinh,07-08-2008,49799,63532,08485,24071,92280,19460,91312,89694,50892,85091,38401,19139,2536,9136,4736,1677,351,54
QuangBinh,31-07-2008,72850,48100,80231,73099,13796,88455,30501,06211,55603,83171,10398,04155,9001,9096,5933,6611,573,35
QuangBinh,24-07-2008,64169,94201,70586,72172,23623,47633,97420,32379,30943,85951,05157,64852,3597,9650,8729,7534,683,27
QuangBinh,17-07-2008,40543,86077,19198,11513,25225,64841,69441,15012,20298,63236,05489,23873,5581,5207,0418,6347,583,24
QuangBinh,10-07-2008,33131,18254,91077,28778,84837,16362,54071,46307,73367,60734,24202,81949,0346,5982,0441,9764,949,21
QuangBinh,03-07-2008,01458,38823,86647,82754,52930,73296,12606,01913,79484,03580,81394,02440,2140,1489,9149,6191,602,52
QuangBinh,19-06-2008,58108,52994,66627,46793,08691,83021,01221,14144,51226,11955,30933,50419,1240,1214,9302,6937,942,83
QuangBinh,12-06-2008,65363,79713,59541,18890,12854,24017,10574,51088,11742,37941,91382,07933,6383,6288,6008,4548,230,67
QuangBinh,05-06-2008,89255,67933,10173,00201,07111,71942,91975,10733,70632,28802,84556,49672,8262,7592,5336,4336,363,06
QuangBinh,29-05-2008,57244,29943,02574,38179,43591,35274,37222,50109,85720,81812,42116,06927,2789,9250,8502,9046,503,10
QuangBinh,22-05-2008,25400,46967,84421,97726,30688,17912,08887,98773,03555,83145,16555,43086,6921,8470,2706,2594,752,92
QuangBinh,15-05-2008,47031,79063,46344,50092,62143,43731,58194,96739,96376,37118,81465,65886,1347,8000,8200,6245,590,85
QuangBinh,08-05-2008,56106,53286,79396,00377,66413,57927,72058,50541,50638,81260,57734,29515,8274,6736,3764,3533,131,10
QuangBinh,02-05-2008,85341,28712,28328,32619,58985,90937,75928,99618,38331,81292,88458,89256,5989,2421,4190,8028,374,00
QuangBinh,24-04-2008,13746,49219,49614,80646,65029,07632,75838,85101,65354,96704,59923,8877,5584,3870,6927,4518,264,47
QuangBinh,17-04-2008,61454,23555,27701,44017,35960,70909,96266,78924,12931,77890,84258,5482,2987,6104,3224,2491,680,10
QuangBinh,10-04-2008,49494,22498,58230,40079,73914,60146,62515,09517,26689,49040,92912,1202,2834,7084,0393,2615,326,83
QuangBinh,03-04-2008,65390,26768,04091,73180,16889,98272,43982,47769,87923,88819,85255,7262,1202,0704,7717,1559,406,18
QuangBinh,27-03-2008,17505,84824,67714,52425,46877,65723,12638,12206,06687,37606,28003,5420,3021,2259,8674,0216,565,24
QuangBinh,20-03-2008,41352,45636,53886,05497,75490,09915,78112,99178,77533,03463,22261,1253,6595,7821,5997,7351,070,46
QuangBinh,13-03-2008,12528,98091,11580,20053,34494,75808,64310,48332,26469,75378,25869,3982,5001,8878,2501,1697,248,24
QuangBinh,06-03-2008,39625,88328,79307,01102,91120,83760,95028,32546,08156,46504,05062,0726,2808,2463,7104,4607,072,70
QuangBinh,28-02-2008,01332,01332,35404,61231,88405,75789,21379,55880,37248,71016,75692,6680,5671,3759,0634,2510,076,26
QuangBinh,21-02-2008,51580,24974,55907,26125,79198,41351,31611,00350,78196,39475,98858,3213,9877,6315,7461,6257,880,93
QuangBinh,14-02-2008,05154,01262,54658,91513,12580,91089,73858,26159,64290,90542,14535,3455,3383,4637,0813,2149,596,17
QuangBinh,31-01-2008,67702,64424,58946,44739,54595,14752,35031,46472,74328,62313,66223,01266,8660,2862,0245,8691,134,54
QuangBinh,24-01-2008,01694,63100,66466,71109,27627,41059,07916,28171,98991,40750,92525,51905,5632,3620,9273,8175,638,21
QuangBinh,17-01-2008,71327,20387,72151,17609,10353,40729,39007,52304,41349,52175,01706,24252,9369,5939,3210,7013,238,04
QuangBinh,10-01-2008,91220,97645,40772,51815,59300,18804,86082,03425,06599,33507,26451,03883,9665,0124,3162,3573,926,19
QuangBinh,03-01-2008,58771,02309,47716,01045,09171,76550,12803,60491,54356,09796,86481,32729,6982,3252,4909,8093,470,22
QuangBinh,27-12-2007,94048,67851,86291,24706,49392,17615,35794,20416,22588,54785,53800,28614,9106,6948,1868,8570,128,71
QuangBinh,20-12-2007,57181,42755,34483,09645,26934,83350,39136,56907,63032,77336,02906,21299,9983,4281,3827,9626,005,18
QuangBinh,13-12-2007,98303,75319,17268,91168,09115,00126,62495,69011,39400,50589,11578,97437,8974,2771,7972,7600,592,63
QuangBinh,06-12-2007,83318,12049,36584,13329,54332,32023,39868,66344,57765,15318,73585,73361,7511,2205,5935,2136,223,78
QuangBinh,29-11-2007,10607,96630,92425,37151,99333,55829,36102,22237,39814,78847,92994,53547,7986,3604,1335,9741,396,25
QuangBinh,22-11-2007,19049,33030,35863,65899,71806,10224,13765,21085,69122,60587,36107,41714,9812,5322,8378,6967,096,93
QuangBinh,15-11-2007,89094,63893,90888,42334,46426,60438,84558,83057,46945,11085,44677,56182,2360,5202,0478,5820,381,54
QuangBinh,08-11-2007,41022,13506,55669,58821,49117,64373,20737,74990,09371,41546,28474,10008,5393,2765,0794,2898,515,26
QuangBinh,01-11-2007,99782,68765,84873,63372,70585,79016,36877,66449,60483,91260,34386,07012,4230,3122,4602,8205,903,95
QuangBinh,25-10-2007,09407,74289,13763,09433,07323,39136,67072,88144,15491,60384,84061,40769,4908,5652,1275,9505,673,11
QuangBinh,18-10-2007,35590,84190,17630,98830,79160,43447,39126,97569,56777,35761,14492,29026,0675,2057,3615,2247,077,09
QuangBinh,11-10-2007,12172,13801,23973,57153,26673,28963,09920,33851,63384,77352,91901,06032,4181,2552,8505,6904,471,50
QuangBinh,04-10-2007,64359,78887,89055,36080,58143,73773,46830,58482,86570,27018,31308,52926,2253,5400,8559,1607,379,61
QuangBinh,27-09-2007,67547,03319,57327,52271,33824,99186,41368,19977,51168,95665,10741,91303,1897,4660,6837,4471,505,00
QuangBinh,20-09-2007,94148,05688,33545,13814,88067,22242,57857,32840,08383,98916,34367,14626,2096,6469,7710,2897,700,21
QuangBinh,06-09-2007,89228,88066,50449,65395,74362,93325,83837,05800,17171,15057,06528,46457,8025,5291,2002,0481,630,09
QuangBinh,16-08-2007,20435,44196,63568,32797,07678,26665,09902,11065,88438,48110,75908,92565,0861,6456,9319,4238,978,07
QuangBinh,09-08-2007,43582,93888,77351,34673,40218,59090,95736,19518,70819,91818,36734,85533,4895,4174,5597,7659,375,00
QuangBinh,02-08-2007,19730,59441,00085,73586,64836,01069,50324,94776,17497,56450,25850,94796,2930,0751,1476,4280,139,87
QuangBinh,26-07-2007,33778,95790,74385,89269,05277,44621,85345,08567,20871,43426,39069,19433,7291,0137,7094,9617,644,89
QuangBinh,19-07-2007,05476,65047,35060,58914,17046,68386,12588,15269,55144,39809,66337,45210,6698,3576,2413,1032,941,65
QuangBinh,12-07-2007,58757,26677,33953,99328,93981,80757,38336,61944,55921,77674,32778,50378,9790,5634,6451,0037,816,97
QuangBinh,05-07-2007,49258,03321,75386,55479,27556,68424,23667,38837,02322,63968,07061,33990,8530,6597,6820,7724,332,40
QuangBinh,28-06-2007,31772,01369,21950,51328,90108,48622,84684,45424,18347,32995,28122,96263,7110,7420,9948,5535,474,02
QuangBinh,21-06-2007,32975,90483,64117,41033,57960,26303,89580,75229,06922,69919,41199,53340,2945,9533,4772,1999,077,15
QuangBinh,07-06-2007,62745,10198,08147,72587,89436,31984,06956,18602,25688,77458,40132,96418,6958,6315,4554,6710,132,41
QuangBinh,31-05-2007,25594,46676,09608,41020,45722,91345,98851,98551,20693,31085,20736,54301,3132,0939,5947,3010,601,40
QuangBinh,24-05-2007,01731,55912,18745,42832,59652,68413,09018,18641,26282,24302,10961,89457,7051,8502,5480,3257,172,12
QuangBinh,10-05-2007,72395,75137,20462,20788,47585,61686,40357,26306,19656,87080,90032,35607,8800,6893,6338,8041,475,93
QuangBinh,03-05-2007,91493,20538,18596,31417,96347,60431,18723,38958,10774,00895,99429,00991,6215,0042,8320,1360,632,58
QuangBinh,26-04-2007,87054,82637,60373,46032,92353,36816,39803,54317,91539,87679,95692,67264,5009,8782,5069,6998,284,26
QuangBinh,19-04-2007,66150,70333,67035,56428,55477,85567,99357,78748,74584,64980,10186,15317,7132,1013,2073,8248,502,99
QuangBinh,12-04-2007,47369,93110,06260,26001,37761,00141,14157,78129,80439,24621,86985,59660,3895,9147,6029,1896,036,52
QuangBinh,05-04-2007,80287,73962,78583,18930,68024,94110,75688,88700,61793,60026,22710,29415,3219,6156,6792,7081,843,18
QuangBinh,29-03-2007,53291,76354,70526,57044,08270,37319,61175,91770,04561,10024,27997,94474,6839,1125,1583,4734,040,69
QuangBinh,22-03-2007,64363,59271,46963,02381,97329,34530,78052,53938,19855,96217,14616,80700,9458,8818,2719,0611,030,12
QuangBinh,15-03-2007,63304,25717,08569,36151,78558,14600,78933,38014,25256,79343,69846,30287,1104,8805,1193,0296,232,72
QuangBinh,08-03-2007,44576,22467,79588,94759,70694,00610,58748,22950,75055,17709,65953,06423,3280,1484,7211,8850,721,88
QuangBinh,01-03-2007,62379,21407,37965,98354,58085,46854,17393,06383,14181,69112,37022,30567,7472,2610,2287,0302,264,85
QuangBinh,22-02-2007,82512,00182,74782,06205,91831,23866,82686,05864,82393,90260,16804,24199,4981,0093,8071,9159,029,54
QuangBinh,15-02-2007,39681,78647,93051,12968,44185,00085,73924,15832,07112,39134,32093,87743,0636,5062,1920,3191,688,66
QuangBinh,08-02-2007,10966,36299,36966,23511,89825,53968,52097,05780,49261,14275,46487,70720,7420,6488,2299,2233,533,90
QuangBinh,01-02-2007,58262,15663,95234,03178,59300,30393,46293,98315,06804,39428,92250,38289,8660,6388,7557,5789,763,91
QuangBinh,25-01-2007,30897,83074,43541,96130,66196,72683,35175,44489,23677,11225,78718,26534,7562,0260,6355,9394,987,19
QuangBinh,18-01-2007,72888,63021,90916,52859,95282,46399,60194,26242,14026,93941,63551,21226,9166,7062,7183,5396,928,10
QuangBinh,11-01-2007,59401,21879,46688,63533,75133,12372,99417,65798,73554,41489,52119,14423,6672,6666,8046,9056,428,04
QuangBinh,04-01-2007,38246,92137,48194,48062,35793,69401,04978,32193,99277,07262,03445,52859,4231,9212,6969,4758,282,45
QuangBinh,28-12-2006,57190,05114,01596,23542,33981,79633,17759,05498,36906,76521,68127,83538,6660,9635,8059,1236,964,67