SocTrang,14-11-2018,015409,55135,96113,40337,02955,55879,66695,09081,23407,89139,56224,38862,5050,7538,9022,6858,138,52
SocTrang,07-11-2018,068146,58277,14379,76169,30128,50887,99772,55529,50799,93961,95026,81364,7056,0241,4478,4661,368,09
SocTrang,31-10-2018,361451,57004,49155,33375,71838,48528,88389,91690,60030,21785,89766,05914,0862,8873,9362,0263,645,35
SocTrang,24-10-2018,144856,93048,24542,42623,50025,74121,14411,29355,87505,67822,90092,43227,3308,9039,3525,3059,796,31
SocTrang,17-10-2018,184789,04235,15381,34133,80357,95601,87435,06086,18765,09120,35500,77863,0383,7038,7194,2393,217,81
SocTrang,10-10-2018,328901,87224,81445,72884,29992,28329,26604,28244,84567,63016,82533,13147,6042,1038,0039,5475,805,59
SocTrang,03-10-2018,357490,82770,50712,76359,53186,89059,12190,41464,64973,01957,72404,31885,8847,8461,1333,9620,948,03
SocTrang,26-09-2018,651191,78975,74488,85498,10263,86083,37651,68564,33088,35886,18897,92703,9576,5253,2129,5848,740,44
SocTrang,19-09-2018,738231,44521,80755,37836,45081,65776,36891,93853,81546,96672,02865,24640,1859,0627,3759,1987,991,18
SocTrang,12-09-2018,221569,87419,97186,06595,30820,57622,57364,05023,80890,45075,42677,93046,9732,2717,2024,4603,388,53
SocTrang,05-09-2018,893618,94178,51173,90314,37466,11445,77462,89639,21712,24563,47222,22023,6179,6728,2660,8431,510,34
SocTrang,29-08-2018,613443,85479,87735,75971,20548,47564,52025,63417,60720,34279,77059,98490,2656,7645,5674,3534,730,64
SocTrang,22-08-2018,265399,92037,26860,77805,07888,00255,69291,43093,75106,63705,91908,42539,6418,2621,8993,1384,483,25
SocTrang,15-08-2018,580991,24193,01806,81784,11814,73241,83412,08177,89791,24354,44566,34528,3424,3012,7854,4798,621,11
SocTrang,08-08-2018,358173,05905,75066,36029,56537,05359,82221,92511,12453,99939,80861,89641,8433,4147,1727,0431,183,97
SocTrang,01-08-2018,398216,80955,62394,84485,78941,03983,09049,11970,28582,15063,87495,29626,9322,0604,1976,3225,697,38
SocTrang,25-07-2018,309131,36540,04080,82441,44035,48626,54441,79508,50649,25637,57660,20169,8951,2860,1502,9652,982,86
SocTrang,18-07-2018,505326,88137,29089,61147,82525,70293,41281,31930,37504,17881,36081,57155,9398,1158,4448,7701,909,87
SocTrang,11-07-2018,949987,92670,49543,89675,26194,06752,57604,33711,28047,66875,70058,50000,0135,7321,8808,6985,961,23
SocTrang,04-07-2018,752532,22525,09826,58580,71196,59815,39663,80675,33774,12973,80245,89473,9043,7632,8043,9871,246,56
SocTrang,27-06-2018,896759,48740,03992,59469,38269,96860,13468,60951,88120,28989,87769,09015,2928,3909,0384,4187,036,43
SocTrang,20-06-2018,442493,45102,15353,94258,72577,80752,32016,26057,98228,23521,21472,66359,1771,2048,9879,9609,561,22
SocTrang,13-06-2018,525697,81591,24659,88167,47851,83944,00316,76010,25829,48597,58283,72702,3240,8926,0846,5393,688,36
SocTrang,06-06-2018,640286,74968,07211,99322,57186,06791,84435,64012,50120,57789,61700,34954,3096,7804,1608,7963,432,83
SocTrang,30-05-2018,761141,53567,64532,79918,65304,05305,57986,16308,23942,71828,95079,88159,1216,8793,8260,8794,715,52
SocTrang,23-05-2018,010629,65544,32106,57902,66294,88753,41858,10187,63942,35530,04361,93835,8792,4678,1568,4840,480,95
SocTrang,09-05-2018,887709,19002,66032,20610,39201,43962,63920,56236,30869,84934,02737,39897,1140,3803,9258,3378,737,54
SocTrang,25-04-2018,785933,58335,23470,61639,41223,37058,29632,76981,67915,79266,89365,45826,7685,4605,4361,9654,315,43
SocTrang,18-04-2018,018989,65664,14549,57816,91749,07563,07780,63533,68095,96755,67372,28948,5431,7707,6149,0096,204,22
SocTrang,11-04-2018,250109,06202,64466,96958,72280,38027,71535,87517,74582,69639,86225,76782,6681,9112,1386,0040,316,81
SocTrang,04-04-2018,391989,63168,88979,19074,70397,38834,63932,75415,08608,69814,57620,10719,1653,8445,5884,6618,543,53
SocTrang,28-03-2018,404486,84436,85258,57131,46731,41183,54523,86358,56085,36618,52657,19256,3091,2447,4680,9969,684,69
SocTrang,21-03-2018,476514,55201,53362,37483,86511,54796,31959,52559,60433,90245,83437,74751,6657,2185,4331,6319,712,54
SocTrang,14-03-2018,776454,65523,92450,45736,08530,92585,50322,01645,80006,99776,16919,61000,6585,6667,5404,7581,785,88
SocTrang,07-03-2018,728469,76037,47611,39893,14566,45515,37221,09775,01643,84117,90761,95656,6231,5478,6127,8478,010,49
SocTrang,28-02-2018,743586,00135,04611,51223,07596,08050,25823,08199,97984,99805,38476,78141,0837,2906,8878,7676,126,17
SocTrang,21-02-2018,026246,16749,21265,62599,23341,38995,18380,34951,83752,63779,00491,28269,6474,1789,5596,3115,250,51
SocTrang,14-02-2018,985427,94562,65943,35837,27202,53486,03441,55292,03857,49699,92894,32982,2768,1697,3315,5441,659,18
SocTrang,07-02-2018,137269,10073,03242,13661,21661,98072,64723,34917,88583,92206,84152,85218,5716,9525,0291,3881,308,61
SocTrang,31-01-2018,031138,58423,39126,40973,85079,61948,64717,12970,47549,39149,44605,10549,0987,8972,8081,9701,888,43
SocTrang,24-01-2018,917264,05949,23486,85960,68321,72564,81080,47049,71921,84205,60739,41022,0726,9652,9829,0937,427,67
SocTrang,17-01-2018,907234,26988,16030,35784,01349,57699,17077,40551,87722,52994,05577,12427,9215,3133,8797,1788,542,45
SocTrang,10-01-2018,900774,64936,84090,52383,53296,12076,68197,26219,11949,90294,28987,41411,5610,6016,6567,5373,395,92
SocTrang,03-01-2018,752123,03451,90943,86937,65404,90427,03507,70994,16976,59243,25948,02082,8493,8779,3985,7406,594,18
SocTrang,27-12-2017,598103,18152,06747,72140,85394,16618,39168,49717,11685,02463,28549,14115,7414,0144,9417,2295,187,67
SocTrang,20-12-2017,603098,68594,68593,95314,47845,63937,54850,49067,90410,82981,89084,03412,2568,8345,4458,3376,017,41
SocTrang,13-12-2017,410380,45655,36340,07262,49779,86269,43036,14789,92033,81054,22709,34984,1851,4776,6757,0928,272,93
SocTrang,06-12-2017,535171,42252,49773,59740,63747,06151,17356,86309,02009,62822,06345,06939,7755,9740,8788,5099,361,97
SocTrang,29-11-2017,608022,36261,04632,14504,33789,35244,58241,15135,93451,72916,60246,38675,1941,3223,1628,3242,627,47
SocTrang,22-11-2017,803401,40410,84127,64870,48814,69497,04744,14743,87309,36870,76772,76338,4437,9966,3822,8512,438,27
SocTrang,15-11-2017,366831,20309,47680,56224,64736,33146,10707,20003,37926,59584,31448,52095,6282,7656,0987,5196,039,64
SocTrang,08-11-2017,788416,93081,34056,18121,28646,44356,90109,74770,37603,34928,54835,09171,8783,5759,5032,4756,672,06
SocTrang,01-11-2017,035235,74948,63609,78492,81672,50086,57089,52930,38163,99000,88012,33116,0997,2228,2571,3017,452,63
SocTrang,25-10-2017,418962,24706,21006,81076,30213,93292,41978,42118,58862,44048,04539,69956,4764,9656,7249,9913,479,87
SocTrang,18-10-2017,336153,94442,92806,60466,18808,57058,12396,23923,64642,10229,13690,99005,4591,8888,3191,2176,021,13
SocTrang,11-10-2017,452595,92390,60014,62113,89110,84439,33079,09818,43467,01218,93700,22580,1365,8348,5485,0703,342,16
SocTrang,04-10-2017,868007,31385,05237,07340,87201,20262,46785,02000,56134,04266,99033,53053,5397,3872,4272,4107,464,27
SocTrang,27-09-2017,211363,37685,92995,10852,00567,23614,27629,10067,33653,65001,34529,34320,5792,4443,7404,3994,916,02
SocTrang,20-09-2017,405380,16182,46932,45882,51713,16518,45115,10078,97257,43613,66993,26496,8758,1687,5652,6764,967,00
SocTrang,13-09-2017,032148,96349,19796,64244,83945,89933,43086,90100,27817,19214,74269,58164,6171,5312,0888,3253,401,36
SocTrang,06-09-2017,555968,31958,40182,76177,65320,03139,56122,00973,17756,45653,24278,66706,7250,4151,3986,4002,378,86
SocTrang,30-08-2017,183554,93957,76819,04217,64188,73147,21563,50854,34818,02179,58005,65800,3401,4344,9394,3737,206,30
SocTrang,23-08-2017,990639,17712,76014,67739,50434,82370,46587,21618,66870,50145,88570,00416,9279,8342,5089,4544,372,24
SocTrang,16-08-2017,806443,37224,32881,67013,10638,07072,82232,20303,01532,12137,67536,27330,8657,0375,3420,5142,167,45
SocTrang,09-08-2017,050387,26843,77822,04906,94415,38656,64161,11665,21595,33939,94595,24130,1187,7926,8700,4443,559,75
SocTrang,02-08-2017,486937,03812,75283,45298,87087,92127,21526,19502,52998,69798,98647,10305,9465,5434,3704,4245,376,27
SocTrang,26-07-2017,446919,08312,98627,38172,09559,62228,31031,16171,73422,86776,48002,34779,5833,1369,4770,8958,014,32
SocTrang,19-07-2017,203788,12511,21575,48114,17648,36554,36568,63712,37560,32203,48577,52716,0072,1511,2472,5980,939,72
SocTrang,12-07-2017,384857,27828,82094,43262,72888,84727,53212,37677,33719,11947,33166,27984,5475,6188,9253,6832,086,44
SocTrang,05-07-2017,435314,38234,43592,72142,02560,41558,29242,81463,35883,24782,87030,10243,3370,8710,6989,1509,863,66
SocTrang,28-06-2017,807590,66109,58983,83659,31413,73780,41833,57430,83429,46259,20516,32727,3482,3601,6995,1222,966,14
SocTrang,21-06-2017,623464,28028,85412,57950,31434,01412,30981,63009,18172,09430,48480,14114,6745,0067,1717,0086,184,90
SocTrang,14-06-2017,930158,76364,28804,84988,86889,98847,11627,11480,32459,31414,96330,21396,8488,0149,8241,1560,523,41
SocTrang,07-06-2017,833297,16691,91513,20160,78925,86756,80369,47486,02458,32192,69032,86227,2176,6920,6307,9510,835,72
SocTrang,31-05-2017,356510,01303,01901,76701,10700,50763,08203,07066,38652,70414,19998,73533,7642,5530,5370,3406,687,14
SocTrang,24-05-2017,175619,49614,66753,01993,85330,40967,00640,65621,54371,86413,11017,50914,7699,5415,0378,1405,368,88
SocTrang,17-05-2017,416625,30815,13593,31489,69108,61807,52056,52207,08961,42363,71819,70561,7909,9983,7263,3691,240,61
SocTrang,10-05-2017,226487,19110,50900,77425,31010,15117,35306,04091,78333,40674,25157,49520,9814,3715,0879,7665,048,95
SocTrang,03-05-2017,222011,17450,37622,96786,98852,23949,09215,42048,96052,78459,74720,23078,1110,7329,3324,7564,647,13
SocTrang,26-04-2017,322495,25688,05113,92661,49454,03130,17386,55351,43053,81442,04309,98338,7882,7796,4710,4561,811,94
SocTrang,12-04-2017,091569,79728,71638,17710,71808,27469,49507,48932,30106,46621,78234,86048,2888,4011,0079,1029,926,24
SocTrang,05-04-2017,942736,48175,96015,76082,05457,33239,78554,47029,94139,40552,73586,74065,7658,8150,9596,8296,860,86
SocTrang,29-03-2017,122025,17537,87121,77139,88350,54988,08087,61208,95886,20619,79328,23556,7447,7105,0293,9089,563,91
SocTrang,22-03-2017,119197,80469,89403,38332,98389,88450,41723,38022,98868,38434,76292,50860,0634,2707,2039,2748,019,68
SocTrang,15-03-2017,079109,41126,31322,39500,56397,18184,81601,49020,75602,29018,23643,97963,8895,2348,8039,0827,660,16
SocTrang,08-03-2017,830437,77828,91022,18810,71723,99554,85929,94780,02830,60842,49617,06565,2153,4023,1813,6123,333,37
SocTrang,01-03-2017,478284,60616,69091,88164,10007,46023,95806,39023,82714,36374,37366,67384,6476,2405,2188,4728,535,85
SocTrang,22-02-2017,925753,15700,32188,88919,64941,86249,34672,09659,11487,18341,30442,60847,0974,9280,1017,9013,964,53
SocTrang,15-02-2017,234492,33045,43368,61572,90123,78463,95274,44199,36859,64247,06658,76198,9776,5914,9142,5499,961,30
SocTrang,08-02-2017,183323,19839,71112,00964,07292,70555,30895,44217,03374,33700,55567,67522,3971,6068,0169,6993,996,69
SocTrang,01-02-2017,024283,66932,67888,65390,74292,88608,25183,59711,73908,63357,67260,19339,4095,2800,9664,4802,460,00
SocTrang,25-01-2017,269836,87297,87381,09414,03676,95071,81786,13046,03893,23196,70529,97507,0172,2672,0434,4006,254,43
SocTrang,18-01-2017,964828,76664,50860,15992,92510,88904,58571,75762,74306,22773,18285,26081,7278,7348,4484,6693,600,77
SocTrang,11-01-2017,031294,16011,95381,05022,87013,25748,99188,51176,29786,58431,50130,84020,9422,1564,2427,4695,220,68
SocTrang,28-12-2016,707049,42363,68539,59710,56950,62894,35721,74927,71283,89654,20284,48361,6483,4209,8734,7545,005,36
SocTrang,21-12-2016,680519,53588,24561,10834,92321,36086,18034,21669,42039,12679,77515,73331,3284,0475,6303,0046,844,95
SocTrang,14-12-2016,322888,22515,04641,92647,03745,14775,31942,82248,38542,65600,01857,21806,0975,9724,5096,3417,781,99
SocTrang,07-12-2016,406348,21944,99308,38631,22828,81722,88057,04966,34906,57330,97026,82294,3957,3012,9339,9707,335,84
SocTrang,30-11-2016,790826,24224,46076,53681,92208,96998,96867,83593,06884,09702,52003,32066,5406,9599,8761,5963,287,92
SocTrang,23-11-2016,237762,47111,44038,81365,93643,70616,82111,00225,82244,89504,16396,57686,0413,1995,1332,7630,205,44
SocTrang,16-11-2016,843770,86304,38471,76301,68106,95264,01765,49278,28270,80520,76981,57890,7799,2531,1240,6328,962,13
SocTrang,09-11-2016,579749,57243,09148,22028,53813,74557,82586,36887,00809,32060,35062,38595,9615,6448,5803,2777,753,88
SocTrang,02-11-2016,900130,42616,56282,34755,70761,49630,58163,29248,68972,11895,64953,81335,8970,5814,9267,1316,705,94
SocTrang,26-10-2016,191856,78207,74859,90834,34737,83610,46487,05587,92165,39777,87939,73787,1297,6120,6798,1678,592,69
SocTrang,19-10-2016,073774,91195,69032,90165,43536,31388,24094,33466,72691,51978,74366,48520,2719,8433,8521,6602,300,80
SocTrang,12-10-2016,616210,52745,07480,44260,42037,73537,46689,16682,22185,26548,12843,77813,7828,1196,8574,5757,486,15
SocTrang,05-10-2016,351830,64969,75104,44858,90495,37809,42964,84449,17405,82855,95193,11534,7073,8240,9639,0085,253,36
SocTrang,28-09-2016,541212,95129,49765,79941,57657,99344,28047,22459,11926,55946,91695,58852,8450,6042,6353,1864,244,82
SocTrang,21-09-2016,753318,40344,47632,53938,12791,29157,67264,48801,41948,90297,58086,41614,8188,5324,3442,9514,887,57
SocTrang,14-09-2016,809804,64759,81898,14400,59913,11883,87846,34980,98764,16104,23730,30814,8185,1121,7693,1743,784,41
SocTrang,07-09-2016,783013,31597,91704,30720,60649,09424,62585,87729,72959,63428,46090,40382,5739,4160,0082,5026,236,88
SocTrang,31-08-2016,428881,02328,57957,83313,56510,42328,81429,11888,30999,26975,36082,25048,9999,9412,8122,6065,476,26
SocTrang,24-08-2016,364225,83051,47366,80565,84039,46971,64189,89139,55483,15385,53131,50817,3017,6510,6439,5573,183,81
SocTrang,17-08-2016,977689,09272,41552,73399,78007,36411,52398,18324,23078,54450,38276,34337,2892,0113,8559,1614,044,06
SocTrang,10-08-2016,674876,80766,07892,89678,18554,66282,72355,56091,48084,60381,19862,59306,9549,5426,2874,3497,607,34
SocTrang,03-08-2016,273425,70318,92165,23003,27632,02346,14566,18722,87746,82655,85008,49786,2173,2235,2829,6006,777,01
SocTrang,27-07-2016,884905,11431,54484,51088,58719,29714,70131,88288,15916,26648,30187,39288,3992,4887,4270,7719,051,39
SocTrang,20-07-2016,152161,17936,23437,51201,44782,61726,74702,89797,98422,34042,03771,73928,9742,3609,5680,6441,322,36
SocTrang,13-07-2016,739178,68045,96118,02140,19579,84016,18130,39436,37601,23855,98742,69963,9404,1562,1771,6637,351,12
SocTrang,06-07-2016,391494,38616,38991,92282,98271,60561,78363,69931,36250,65986,55084,32591,7323,2163,1391,7600,350,11
SocTrang,29-06-2016,111389,55429,30207,93043,32611,68495,85222,37116,42518,83324,91062,05439,2667,1046,6354,1434,403,31
SocTrang,22-06-2016,738308,69312,35950,06872,20949,16653,62451,18935,62628,39702,08156,19304,8113,2548,2479,8624,573,33
SocTrang,15-06-2016,851487,11997,85148,78022,84290,67340,20547,67896,66401,16743,91880,98058,2178,3774,4415,4291,716,03
SocTrang,08-06-2016,332411,37413,70130,98328,42830,60489,89166,78461,73893,40271,45372,05631,1659,1938,2797,2001,998,25
SocTrang,01-06-2016,412212,16640,29408,20395,26364,45541,37690,52889,07352,55741,60744,63350,4198,4929,2837,6211,033,38
SocTrang,25-05-2016,196926,10267,60805,36865,46705,93995,53470,88260,91256,06080,64524,59672,7062,6360,2383,6970,075,62
SocTrang,18-05-2016,227194,74259,37072,32523,31728,73953,22694,33287,36585,60431,94658,31125,4091,9251,6374,6376,409,31
SocTrang,11-05-2016,428499,94217,37886,47757,87069,28287,43167,57670,93728,11751,83614,12823,7966,1760,5464,6364,511,16
SocTrang,04-05-2016,604951,86158,73457,98587,88861,87362,30380,78983,35899,26502,40216,19573,7265,3834,3787,4272,275,27
SocTrang,27-04-2016,678381,55430,96115,36598,81527,42880,06713,42488,99484,73408,08557,46678,3449,7400,9971,8064,044,11
SocTrang,20-04-2016,382246,41701,83648,55648,14677,10160,32879,25517,31231,28757,67273,27531,2943,2075,6250,9057,076,62
SocTrang,13-04-2016,941151,39244,18164,25587,90337,54943,78570,95047,87570,31412,64030,70083,2317,1268,8897,8850,474,39
SocTrang,06-04-2016,345251,85350,32386,40785,25157,64215,16049,22507,50150,03244,63930,36759,6487,3636,8888,3291,113,84
SocTrang,30-03-2016,149288,31076,82708,73581,48053,41651,69974,55816,40294,66551,89166,71754,5678,5734,8532,0702,768,03
SocTrang,23-03-2016,433688,71403,69347,38678,12132,23065,35790,32127,90747,33434,75478,18099,3397,6949,9413,3088,862,83
SocTrang,16-03-2016,739144,19040,88214,56253,20594,14716,18756,38366,71227,29487,99248,89790,7251,2861,8722,2128,634,58
SocTrang,09-03-2016,769902,69155,63141,38965,81487,19602,96324,05995,50328,63105,58792,05212,1215,8781,3452,5916,253,33
SocTrang,02-03-2016,996844,58528,69819,64956,99033,32525,91828,73906,70082,32702,74880,51088,0490,9248,3294,4899,817,54
SocTrang,24-02-2016,675136,49991,75397,17708,55776,38221,53516,43706,87411,34218,98613,13683,1116,7591,7266,4189,744,82
SocTrang,17-02-2016,678024,18857,03318,39353,89379,09083,22816,09974,71310,72512,57525,08761,9347,3141,5080,9647,209,17
SocTrang,10-02-2016,559333,65988,68371,41103,17008,40412,20646,50007,57253,73557,22190,98918,5377,5189,2612,0571,598,56
SocTrang,03-02-2016,361521,14459,37477,90117,39031,52733,32050,87488,47900,42266,79800,14007,4376,7167,0830,6601,381,49
SocTrang,27-01-2016,945753,56196,65808,49131,54006,48001,48248,82181,56495,45759,03350,67157,3359,4258,2212,1788,213,37
SocTrang,13-01-2016,010904,80676,63854,55719,60815,24096,60246,98901,90462,73897,06798,46273,1743,6821,1868,8875,238,63
SocTrang,06-01-2016,373886,19279,48969,78516,26389,02150,39334,48691,53405,15094,67982,18140,6189,1756,7484,8772,048,36
SocTrang,30-12-2015,962523,15243,97361,16379,54565,54873,03214,20208,49229,75378,92964,13535,6844,3247,4404,7798,618,42
SocTrang,23-12-2015,747086,61950,48681,04771,97957,41654,37406,43316,10340,80309,92632,61901,1556,8655,7065,2999,541,95
SocTrang,16-12-2015,236853,29928,20851,88097,69506,94013,53233,11185,82687,23535,71285,12370,5301,6716,6164,0008,604,74
SocTrang,09-12-2015,209247,26876,39225,12865,25228,85268,50840,83423,30977,54102,95562,94108,2038,4529,2697,8754,905,74
SocTrang,02-12-2015,420609,00476,87410,57766,34212,81710,22527,96349,41835,23185,39200,80889,6309,9821,2749,8228,813,75
SocTrang,25-11-2015,608832,27034,74301,25139,60297,16886,08841,56277,34710,67382,41025,53943,7142,9096,5468,1410,318,39
SocTrang,18-11-2015,599661,13164,58815,08364,37663,08457,56455,90258,87079,91608,87175,84054,2827,6237,4379,3708,788,85
SocTrang,11-11-2015,195924,18926,10532,03194,88886,87764,83393,02802,96929,40023,95898,07303,4477,2515,0354,9098,052,96
SocTrang,04-11-2015,297256,92091,42251,90587,92903,18729,26761,42655,44386,86849,19739,23946,6396,0657,7905,9997,333,22
SocTrang,28-10-2015,245324,77940,01176,04700,58843,72122,02584,87949,37661,62912,36031,11585,5428,7355,6270,7727,013,88
SocTrang,21-10-2015,743835,58821,05361,29747,56370,05429,33576,90853,05127,55596,63900,58082,0214,1681,6876,9684,852,15
SocTrang,14-10-2015,606223,32477,84768,84947,02169,87783,34137,16753,22823,29760,30207,05399,6979,8058,8988,3424,573,84
SocTrang,07-10-2015,725897,71909,26716,71600,84508,05124,93403,50857,44389,45017,61783,59007,1432,9735,5272,9131,009,50
SocTrang,30-09-2015,305697,05448,96982,58866,12480,36901,98828,70706,77547,18052,70229,55865,9255,8283,5290,7274,555,65
SocTrang,23-09-2015,256335,07360,88168,94859,24043,06382,31834,38016,54824,16991,71287,21708,3486,2404,6513,8690,240,74
SocTrang,16-09-2015,330944,48081,77824,31534,66050,89746,49276,03013,05539,62062,32733,74755,2405,3515,6635,9661,906,63
SocTrang,09-09-2015,323495,47755,39823,04388,56234,33857,15171,76117,97844,03575,76123,60078,3807,6131,2793,4667,690,65
SocTrang,02-09-2015,951601,84437,16982,20182,26988,62994,35808,47998,68883,92926,39461,24986,9664,4201,3673,9444,003,75
SocTrang,26-08-2015,248949,38224,88875,53628,63502,52530,30796,31559,80300,39287,88793,73946,2564,1810,6288,4226,877,06
SocTrang,19-08-2015,246414,04213,20605,91988,05380,35495,76296,81442,60411,79621,46034,14735,5089,3923,6704,2678,913,93
SocTrang,12-08-2015,059508,23800,95346,57026,57274,30724,88213,04105,11837,43757,55272,01961,9422,6523,5976,4943,528,90
SocTrang,05-08-2015,779677,36667,37214,19061,76147,85983,12000,99410,40239,86079,96003,78790,5705,4844,6335,2945,166,78
SocTrang,29-07-2015,668869,10219,69202,18868,98286,73309,15570,20176,90301,09639,72715,73668,6077,1950,2679,8244,964,92
SocTrang,22-07-2015,332800,67697,42222,64256,35406,12120,18699,54397,57033,54058,21915,87642,2185,1867,0790,6182,240,34
SocTrang,15-07-2015,692169,41107,71815,48157,31648,81741,53711,39456,24128,19018,66950,91617,0750,9648,8119,4772,018,10
SocTrang,08-07-2015,698623,35487,94252,77794,74215,86077,44030,13874,51593,18837,80008,18309,4250,6200,4783,8581,507,91
SocTrang,01-07-2015,940707,70285,02015,27423,06504,65465,10345,55150,67388,86071,49186,38240,8985,7911,0540,1600,470,86
SocTrang,24-06-2015,367171,19765,26804,81154,59741,38555,87994,36004,08665,45221,73793,37408,3643,0873,6823,2271,567,86
SocTrang,17-06-2015,417723,11156,70789,13495,03953,50526,05281,56130,24373,48590,62186,74709,3821,6190,3509,1769,438,32
SocTrang,10-06-2015,848623,45769,07569,44115,19137,91090,29334,98714,79115,39225,55406,39857,7060,5614,6149,9072,013,62
SocTrang,03-06-2015,891450,93533,93925,03597,44634,13759,71657,20206,68430,67848,21739,28847,6608,5165,0425,8715,236,74
SocTrang,27-05-2015,953505,36802,06537,49415,08248,66712,54933,35215,31952,67870,65341,24135,2934,6337,4684,8829,639,78
SocTrang,20-05-2015,574049,50192,61554,48904,93436,57388,56852,49939,31029,32541,06859,88455,8944,3533,7340,2641,022,51
SocTrang,13-05-2015,966595,47336,62104,95435,46451,16873,30534,90824,29630,90283,39179,60264,5621,3679,3482,5530,923,45
SocTrang,06-05-2015,315113,84069,68282,48061,04173,60159,95081,42253,52820,47400,75041,85527,4830,7024,2271,9272,882,16
SocTrang,29-04-2015,180905,68607,29880,74622,03245,10987,07850,63272,24514,85769,14072,52993,5137,2921,4910,0019,545,49
SocTrang,22-04-2015,982342,17871,32665,73677,74192,45556,44918,72316,36518,20340,06089,37956,1048,0252,9244,2350,029,75
SocTrang,15-04-2015,731596,37709,87801,81967,25787,33239,67212,35674,58861,26627,74640,57217,5301,5069,3034,8226,433,98
SocTrang,08-04-2015,848466,19689,02323,88493,74046,90665,98166,75322,48316,32349,03132,03611,5930,7433,4896,4659,475,02
SocTrang,01-04-2015,512460,14046,90771,86897,14424,23579,72369,44598,66765,59317,55508,12361,8162,2671,0576,9252,396,77
SocTrang,25-03-2015,170156,34076,46622,69409,87123,32986,97159,40724,71419,33028,70610,12856,6602,7962,5680,8308,607,37
SocTrang,18-03-2015,667965,00849,87542,69577,10619,25717,95534,28920,36468,67466,53644,42007,9837,3979,2077,1522,266,47
SocTrang,11-03-2015,564535,52882,11451,59659,48768,77569,62671,75597,29752,93265,87465,80401,7619,0578,1034,5615,522,74
SocTrang,04-03-2015,883005,13956,64102,72153,70492,20732,46781,32873,23413,80172,66916,16055,5834,4228,2187,8936,212,85
SocTrang,26-02-2015,068803,52691,24575,25904,66837,06133,60733,66952,97870,71268,07685,56650,3560,7346,9941,5146,599,19
SocTrang,25-02-2015,068803,52691,24575,25904,66837,06133,60733,66952,97870,71268,07685,56650,3560,7346,9941,5146,599,19
SocTrang,18-02-2015,649184,56942,04173,78235,44185,32145,21981,91834,98038,61342,47446,17297,9743,7311,6372,8153,548,59
SocTrang,11-02-2015,020678,65300,95696,65121,89663,44854,12226,20256,62371,86186,91292,27797,2643,8603,9243,0822,038,57
SocTrang,04-02-2015,191654,75572,12743,68615,86950,91751,05489,91137,26503,45149,70155,58047,8527,2258,0152,5138,082,68
SocTrang,28-01-2015,140022,17212,75367,25596,52178,69952,09222,58961,11027,75824,21325,11571,0546,4433,2445,5046,585,66
SocTrang,21-01-2015,651238,68318,14423,34833,99039,97893,06746,72288,89442,13539,23953,88564,6979,8363,2949,8280,667,25
SocTrang,14-01-2015,811771,85737,44074,60294,79488,53463,95161,99297,25964,65650,99084,40926,2822,5271,5267,9511,358,76
SocTrang,07-01-2015,471015,84335,52265,70628,51072,57756,76470,05845,66244,57223,63034,17065,6292,0200,6233,1593,461,70
SocTrang,31-12-2014,384893,00728,38301,25923,54170,87098,61168,14441,68466,15655,05583,98726,2903,3733,2761,7278,287,63
SocTrang,24-12-2014,676202,49024,96931,88853,40333,43254,58356,95327,72965,24350,31665,16561,3745,9775,0813,8810,495,09
SocTrang,17-12-2014,412652,62751,42605,74461,91882,44673,78142,75118,98032,79109,46874,40582,7284,7406,2393,0704,709,03
SocTrang,10-12-2014,758632,95438,02491,59809,68557,16214,18972,62731,74633,43704,70256,45062,6090,0033,7254,3030,498,63
SocTrang,03-12-2014,740382,30079,40185,07777,18918,11636,72613,81142,82777,87305,34932,78622,7196,8547,9065,0713,879,15
SocTrang,26-11-2014,794021,88731,69980,32100,22709,00788,38905,92727,69497,20092,53334,91917,0604,2206,7017,4694,730,22
SocTrang,19-11-2014,235734,76183,11904,15491,35399,49527,49622,96736,12622,77158,92624,03638,8092,0617,6671,9820,653,46
SocTrang,12-11-2014,457782,85592,59195,92907,91035,11448,83198,81893,07678,74952,40432,55408,5055,7893,4867,2626,219,55
SocTrang,05-11-2014,670586,09276,51717,50889,38638,39817,26407,64614,47786,22172,87520,08851,6923,3200,9993,3661,116,00
SocTrang,29-10-2014,407097,15054,11349,09420,96643,45170,84355,63736,00585,76633,53331,33521,5939,9049,4212,7113,271,68
SocTrang,22-10-2014,152194,12815,02420,77834,55642,90555,02089,87396,12052,86994,03809,50953,3177,5838,7229,0320,644,07
SocTrang,15-10-2014,076284,05042,11515,07587,57314,15070,67636,25571,20270,87474,97313,92788,2004,4982,3219,9442,344,07
SocTrang,08-10-2014,370072,56782,85472,35288,33406,83897,77610,68281,02478,00260,10579,01835,2787,9863,3724,6327,769,84
SocTrang,01-10-2014,546565,92847,02835,40373,44454,55175,03280,21032,26786,62671,53409,34808,1647,4834,1576,5889,949,75
SocTrang,24-09-2014,185847,44807,53087,27675,66564,84970,93941,11834,12216,85271,12843,17704,7027,7581,7530,5041,520,97
SocTrang,17-09-2014,672768,22036,63259,35548,25904,55576,10790,26315,59509,51482,24107,51704,3216,2083,6844,0484,078,28
SocTrang,10-09-2014,415278,81531,01691,53421,31765,82968,77321,39648,63143,40804,78075,25419,0429,7383,1832,2127,857,29
SocTrang,03-09-2014,550105,79378,42597,37545,99325,87652,67905,06103,41606,00593,90982,11914,4653,8867,7430,4515,821,25
SocTrang,27-08-2014,509012,56677,95761,90011,84950,62380,44688,44576,07236,66765,84787,02209,6207,7587,6935,2637,426,50
SocTrang,20-08-2014,344235,72206,10124,64306,32796,25512,56558,52951,04113,83821,61001,47368,0357,8615,1713,5273,387,13
SocTrang,13-08-2014,732090,78243,21394,96613,97652,15629,86586,26162,36749,35349,50427,12220,9172,9308,3193,8835,078,28
SocTrang,06-08-2014,917357,37836,48494,02010,23555,00713,54413,55122,23438,96394,42436,50807,4770,5474,3393,4368,676,55
SocTrang,30-07-2014,525220,26871,65927,31991,76124,84221,30721,45259,67281,34928,69872,06500,0302,7976,7752,3279,267,45
SocTrang,23-07-2014,202728,97998,68311,70982,74765,53997,95393,47625,97710,44189,96860,66343,5392,4156,2674,2121,000,65
SocTrang,16-07-2014,775292,98703,74457,08231,56427,33145,54525,09501,76240,45992,66519,94821,6193,3200,3735,4983,948,96
SocTrang,09-07-2014,758836,74203,92934,87971,76829,69573,19849,91463,51098,12109,70715,27302,6846,1112,3668,3881,107,28
SocTrang,02-07-2014,823760,85805,59672,14281,78604,81438,26394,06113,84826,97849,38584,03542,7893,1556,4786,0769,690,37
SocTrang,25-06-2014,288471,91472,12494,84140,47379,03421,58140,37779,54474,24082,27199,97239,2996,3557,3555,6048,884,24
SocTrang,18-06-2014,563333,49825,24942,90563,31534,39422,79039,17279,37377,25050,68940,82954,9603,7178,2277,0298,336,01
SocTrang,11-06-2014,009532,51035,77002,34217,12413,50917,84871,35630,77185,40146,28588,47694,2284,9872,6552,2123,960,99
SocTrang,04-06-2014,691043,11942,31202,28597,71691,13469,02337,76252,89245,54418,23659,18015,1472,2697,7675,3465,998,66
SocTrang,28-05-2014,109761,31384,78652,85642,56244,92388,06799,05388,47227,03878,01032,13280,0821,8588,7322,4802,283,47
SocTrang,21-05-2014,225091,89575,32503,55440,54467,47760,95067,19498,65902,15647,69789,83612,9571,3651,0485,9942,988,73
SocTrang,14-05-2014,710086,34513,32441,89331,92209,56719,40173,00474,80990,89133,42677,45420,7593,6561,3480,5716,421,95
SocTrang,07-05-2014,821835,10818,94049,92829,81315,22190,40143,84967,07869,99408,57521,76267,7403,0105,9495,0736,655,66
SocTrang,30-04-2014,893352,36629,05856,98203,78034,35544,74462,40371,11001,96198,56568,38017,5047,3366,4722,8464,240,03
SocTrang,23-04-2014,661457,10753,69524,66384,14030,25350,96125,89984,74709,60619,82762,55574,6796,0409,6037,0445,836,78
SocTrang,16-04-2014,876103,04833,60009,12796,79766,37333,68744,41305,58058,90863,21879,69646,9280,7928,5216,1696,070,43
SocTrang,09-04-2014,725322,58294,87864,96993,68252,31677,99509,86700,99207,23809,42559,81490,3508,5860,1735,6035,581,14
SocTrang,02-04-2014,444130,39820,00208,15005,23081,43480,79276,68959,43479,42991,33855,85010,8253,7535,0529,2884,476,73
SocTrang,26-03-2014,739441,43744,84539,58688,58179,98706,21243,25027,75537,51371,33536,21293,9735,9640,2803,9247,558,25
SocTrang,19-03-2014,982136,02507,73619,64837,95335,65125,60015,99990,13314,41020,39290,34576,4927,7771,2736,6734,617,77
SocTrang,12-03-2014,092846,78472,57151,86138,38664,46909,40836,47270,90952,01588,23227,63679,0546,6762,1681,9659,422,82
SocTrang,05-03-2014,160577,94060,22609,98680,91097,70100,71156,62529,72214,14822,97961,10857,1799,3355,5215,9639,439,23
SocTrang,26-02-2014,930687,38249,29463,30319,06015,02689,53999,54578,01638,54590,50859,86553,0797,2980,3412,7195,529,70
SocTrang,19-02-2014,874453,68751,35924,53716,62385,16917,21640,10946,63126,08520,40321,78727,1686,3253,8377,1019,159,91
SocTrang,12-02-2014,132029,72705,52099,75696,43003,88007,15092,41900,12448,68703,39838,73885,5425,0635,1634,2779,713,35
SocTrang,05-02-2014,610140,27419,94863,67723,01499,03688,76255,58241,06691,76134,94035,45580,4675,7375,5004,6463,132,05
SocTrang,29-01-2014,612842,04029,32707,05740,71674,70332,57666,30387,36661,70706,75632,83601,4132,6195,5366,4596,816,46
SocTrang,22-01-2014,207664,93984,58683,83667,50982,78867,22695,02845,12451,13829,30689,28921,2918,3304,5625,8722,645,10
SocTrang,15-01-2014,781746,36164,93213,55007,20288,17044,94519,27896,06594,74697,46364,86713,9069,5139,3615,2560,309,79
SocTrang,08-01-2014,868517,37774,51953,10221,74015,79721,34558,75379,83650,90970,26825,44502,0040,6005,9384,9737,932,72
SocTrang,01-01-2014,215394,86091,51911,67598,92574,02047,90579,04648,00816,75954,52396,46729,2490,4693,1911,4981,052,03
SocTrang,25-12-2013,005244,39431,95114,32148,36519,66624,04137,82292,23386,20489,50010,43934,7862,0187,4116,2670,214,95
SocTrang,18-12-2013,008934,91879,44195,96668,91219,99426,36554,62692,60563,76562,64020,73878,3890,0874,0792,5243,217,34
SocTrang,11-12-2013,054751,79354,46752,03453,80585,56037,38796,96664,83627,08436,24979,79767,4904,2391,9821,9510,030,44
SocTrang,04-12-2013,651719,24272,41221,74097,37932,35150,57401,20500,02423,66121,76836,27994,8986,2916,3196,5044,643,80
SocTrang,27-11-2013,456348,23169,98499,42199,02268,56737,54072,77146,97464,19165,98002,35096,2293,3339,3740,9400,846,84
SocTrang,20-11-2013,013084,37991,35964,52572,76807,81171,98935,57171,97260,97931,92436,33676,8775,2683,4834,7821,441,59
SocTrang,13-11-2013,274795,22152,89262,18183,09597,06138,64550,69769,85238,24842,89956,97511,4867,7636,1143,5516,293,17
SocTrang,06-11-2013,398162,50917,20043,56840,47186,87355,16130,62956,81240,66505,15506,79815,7800,2415,5000,8042,968,04
SocTrang,30-10-2013,423676,32886,10267,03960,42666,74164,81049,65396,12913,17191,14480,04200,3146,7078,5085,2661,359,89
SocTrang,23-10-2013,853079,28483,38188,32285,18447,87797,18643,41495,85242,23679,01686,64773,1535,0292,7743,2200,524,93
SocTrang,16-10-2013,507484,55754,82345,14849,25824,76575,13705,79896,83238,20894,87088,26665,2412,1119,8015,1010,034,88
SocTrang,09-10-2013,379170,67126,80561,71121,59796,28120,92183,89181,32394,63710,15689,78521,8758,8454,3747,4999,766,18
SocTrang,02-10-2013,219026,17461,75452,92750,05392,26623,38358,40706,30710,66233,28760,46537,3135,3244,8975,4239,006,03
SocTrang,25-09-2013,919015,82488,20681,91081,29541,32341,03157,72163,13531,14348,29222,66047,2234,7803,5882,2300,501,16
SocTrang,18-09-2013,741815,07594,47429,08758,49999,80694,79246,04014,66810,45393,05486,13807,6320,4526,5562,9662,707,92
SocTrang,11-09-2013,927027,64067,31989,95139,99496,34717,67796,05010,87468,17620,55651,64563,5294,8462,7873,2690,501,69
SocTrang,04-09-2013,012391,62869,70900,72756,92152,27474,66880,16757,37016,64184,33191,36447,1755,4708,2542,3156,538,28
SocTrang,28-08-2013,209017,09756,94537,37700,57226,74068,52498,79991,84050,12609,33058,20233,5330,5423,1455,6199,771,66
SocTrang,21-08-2013,158576,12956,08062,95546,06100,67204,89699,93911,82935,82110,89509,66457,5591,6114,8603,5875,578,84
SocTrang,14-08-2013,017888,23314,20286,78164,62069,82636,40173,40201,08470,59435,53412,87410,6859,3980,4718,1815,950,67
SocTrang,31-07-2013,394199,43764,13671,20767,79415,52507,42277,68009,74290,21307,80074,67604,6497,7654,8228,3452,138,40
SocTrang,24-07-2013,314085,66856,08734,02879,22425,41717,04574,58890,76860,16160,53291,23094,4887,3261,3146,6901,475,11
SocTrang,17-07-2013,327311,80659,27523,09803,66569,99471,65214,56790,47780,89187,81034,05605,5983,3600,6873,8301,384,76
SocTrang,10-07-2013,910973,32473,13314,38658,69523,48449,94953,24907,72169,74871,48554,59533,4597,6152,2097,1619,013,38
SocTrang,03-07-2013,131699,27245,97533,22373,24998,99774,98112,12982,33268,88826,07442,05450,2575,7730,3315,9785,267,67
SocTrang,26-06-2013,017186,97533,76339,14592,07200,09100,76398,42144,18466,21612,68147,69152,6892,3208,7792,7186,239,89
SocTrang,19-06-2013,432075,73973,81681,95404,71492,38280,12949,15153,49111,91455,15969,51418,1502,2139,8731,9348,979,14
SocTrang,12-06-2013,308974,85926,20891,42991,50766,11589,72598,47344,35548,11841,48038,72588,0179,7357,8498,8508,081,47
SocTrang,05-06-2013,952104,45302,16472,69798,80626,90325,59750,24742,09201,07385,26757,45588,9257,1384,4138,6649,611,72
SocTrang,29-05-2013,187919,95722,19699,66076,39454,55704,61752,31225,98636,68864,51107,87154,9430,5448,5016,2273,475,56
SocTrang,22-05-2013,980382,27614,24996,33605,78455,06573,50441,02840,18238,15263,00082,15920,3395,7066,3177,8293,889,81
SocTrang,15-05-2013,587055,35565,43273,95241,64488,50943,60172,46040,59620,41100,37155,64913,8139,2561,7899,8778,043,98
SocTrang,08-05-2013,194236,74984,32545,11227,51592,06253,94701,18286,23526,90429,96498,71241,1295,5555,2483,6584,953,80
SocTrang,01-05-2013,929575,88914,13693,58311,49054,29042,23770,05988,59777,28744,55545,72730,6968,1636,8776,8030,847,66
SocTrang,24-04-2013,409215,81408,86994,11686,39511,19546,27610,07487,43861,63584,81791,14221,1538,9080,5871,4754,447,59
SocTrang,17-04-2013,230390,65039,73738,65823,60067,83742,59109,72979,38126,58566,92394,18262,6289,4642,6064,3015,936,66
SocTrang,10-04-2013,244882,64702,82013,78389,98837,39093,52200,53019,77516,95296,95053,56141,3546,9617,6422,6368,532,42
SocTrang,03-04-2013,593062,60787,80054,02850,68731,97885,77501,83078,70968,08546,43549,75621,8653,8958,6585,5821,962,11
SocTrang,27-03-2013,876460,95096,07736,20825,26430,70941,64951,44123,02008,78639,23270,05969,2559,4098,2585,0459,192,85
SocTrang,20-03-2013,730556,72049,48589,26589,89967,03490,12647,78571,61326,66819,92303,86616,0048,0878,6461,1582,916,65
SocTrang,13-03-2013,616163,12131,99796,25406,99433,96505,32472,28774,68933,49951,16841,11290,9522,0675,8771,6475,881,15
SocTrang,06-03-2013,196919,29460,97442,70886,49436,87858,16278,80971,82947,59310,66262,05047,5039,0373,4592,8165,140,42
SocTrang,27-02-2013,352566,46957,68195,63914,44651,53694,74698,25606,83647,55921,95846,27756,2174,9977,5093,7258,110,68
SocTrang,20-02-2013,064026,12924,19255,02321,26287,57281,69520,91338,91166,26331,71786,45659,1046,0961,2137,9604,519,56
SocTrang,13-02-2013,787736,28711,71842,72541,60493,19019,00870,82043,95570,40742,17979,19535,9649,0805,7140,2442,534,24
SocTrang,06-02-2013,337030,95738,70741,24813,29870,67228,47381,18616,92629,59316,38152,84640,4010,2308,3423,8871,900,73
SocTrang,30-01-2013,775120,15776,96687,80915,07967,60503,50813,33823,08504,95299,20295,69002,1950,5618,0618,1025,742,95
SocTrang,23-01-2013,383623,50539,59966,01863,14867,39671,83026,93003,46118,19491,63206,94278,1408,1384,7037,9547,194,71
SocTrang,16-01-2013,365289,55747,42429,20380,30136,20915,86482,67319,57408,45908,65908,11344,6487,3270,7552,9156,121,83
SocTrang,09-01-2013,814456,31457,11848,30100,63978,09210,13641,32329,44041,88226,09283,20310,7594,1205,0512,3581,880,37
SocTrang,02-01-2013,498072,56559,90437,43009,55151,42369,41830,37086,10430,20244,08062,19615,0554,9549,4756,4748,146,57
SocTrang,26-12-2012,057454,12079,48810,58371,57393,91733,92452,38538,98848,52789,71084,41807,0547,3169,1724,3726,630,42
SocTrang,19-12-2012,486074,45226,23357,57008,70841,82235,02426,54540,28701,79329,40761,72748,3332,2527,8579,2369,273,01
SocTrang,12-12-2012,402038,18540,68083,90783,08091,26489,11612,10346,42047,17661,72639,16734,3709,1440,1522,9510,697,89
SocTrang,05-12-2012,341978,77165,92497,58684,06019,63497,70759,65131,16924,49892,97241,13268,6589,3315,8173,9092,011,82
SocTrang,28-11-2012,871918,59368,85815,33400,07314,45675,17385,74900,62614,00782,05195,86667,5178,4995,5536,0840,293,60
SocTrang,21-11-2012,693842,18225,47192,02715,62189,79271,83577,88234,58479,98319,37266,33098,4094,7344,1772,1065,642,11
SocTrang,14-11-2012,667867,11816,48243,00873,49011,06082,90227,79867,93868,77628,30916,69906,0294,8548,3460,0776,562,80
SocTrang,07-11-2012,360484,99721,82257,29951,15657,28877,95848,97774,03629,42590,80747,57678,9728,4291,1555,3589,613,82
SocTrang,31-10-2012,032139,83142,08351,78845,75394,30224,39925,29810,76527,95757,39242,74851,6917,8395,8788,5326,299,09
SocTrang,24-10-2012,185287,65083,31027,92227,11431,08741,91023,18315,80401,95641,46838,04720,8851,5394,8600,6689,087,99
SocTrang,17-10-2012,834620,38473,48265,13464,19125,83042,52329,26780,50869,46151,01148,44661,6803,6573,7228,1042,432,45
SocTrang,10-10-2012,025414,27807,78838,73111,64801,99565,17501,38067,06093,69645,79760,26334,6572,6477,8754,9360,002,62
SocTrang,03-10-2012,088125,83754,63037,56956,82961,02518,81185,14217,40264,73232,13411,65130,7080,3519,9339,1785,605,90
SocTrang,26-09-2012,347582,25017,55814,80547,17181,68748,11281,40075,92898,78047,86623,58266,7614,0949,8573,5144,954,23
SocTrang,19-09-2012,756940,03467,60190,72859,53759,94581,45672,43793,84849,13052,54675,59305,5104,7850,1247,8523,157,66
SocTrang,12-09-2012,978628,67762,75396,28340,02490,26609,01764,31504,37176,26890,67080,02752,7163,1170,3861,8440,727,29
SocTrang,05-09-2012,634334,11616,09477,72412,05734,11618,75643,16807,20106,59624,36647,99506,7134,0113,2845,7894,813,12
SocTrang,29-08-2012,858761,57381,17302,85829,72722,77603,37515,92400,08056,62758,84821,08495,0879,2156,0743,9757,835,73
SocTrang,22-08-2012,632928,37070,88042,93360,14917,12792,62004,33873,94368,27045,49660,54162,5056,6167,6541,8735,486,76
SocTrang,15-08-2012,949987,91268,73809,06185,68656,51923,18028,47155,11600,20930,26324,54560,1849,2844,9204,6157,170,24
SocTrang,08-08-2012,572693,01909,91075,71093,33296,03568,95481,56904,89577,02482,95354,46739,3461,2071,3625,1478,023,82
SocTrang,01-08-2012,225738,11920,76645,40788,10702,29016,79369,44023,35703,54310,76626,36477,5594,7571,8116,1607,706,69
SocTrang,25-07-2012,683768,88672,03436,79569,59550,13652,55812,14495,81074,47012,68889,13148,8181,7002,5910,1808,537,86
SocTrang,18-07-2012,252103,54449,37746,26796,43624,41667,71907,92139,46681,59522,20885,24339,3339,4947,8586,4821,940,69
SocTrang,11-07-2012,550924,83056,84231,13536,46253,42920,13244,38391,83431,53355,82449,42887,0864,0379,4178,1226,814,38
SocTrang,04-07-2012,741306,68260,76405,99808,09458,05692,99188,73908,67060,17668,85524,30805,6570,1562,2596,2101,575,48
SocTrang,27-06-2012,646034,05702,93218,43904,56474,09575,18606,39030,78599,58305,65035,79618,6481,1313,7627,6070,977,10
SocTrang,20-06-2012,782911,64185,61018,00191,65012,57855,25055,42657,29557,77193,96418,75721,2294,9903,1029,6105,220,30
SocTrang,13-06-2012,565995,68878,58275,68264,01592,80024,37722,22133,17714,68332,35075,14631,7353,6307,1377,8209,078,35
SocTrang,06-06-2012,376249,51992,92615,20490,33545,35368,10921,17726,10350,81921,52935,35313,4648,6786,6466,9237,551,29
SocTrang,30-05-2012,103892,26043,36918,01817,23956,00576,28024,69734,76169,83554,50876,88680,6984,5831,0704,5289,804,47
SocTrang,23-05-2012,541921,51310,46591,66533,80790,54861,12421,28998,64085,31895,10160,18547,0003,5824,2358,8709,170,14
SocTrang,16-05-2012,851359,46167,37803,44383,01642,30885,65931,28235,45553,22660,03328,77209,4087,3942,2801,3122,450,15
SocTrang,09-05-2012,993157,98780,68480,84366,21097,36148,87130,46707,10202,47423,31093,26473,9693,4633,0116,5845,518,01
SocTrang,02-05-2012,310485,03112,90783,02015,20205,14567,48658,32820,97474,95946,18273,20769,9251,9549,8399,8041,185,44
SocTrang,25-04-2012,978413,82811,27019,36132,85915,64622,87301,73439,29020,56140,65830,99120,7107,7399,5097,3130,471,93
SocTrang,18-04-2012,263689,17642,39114,73131,80072,04027,72207,51588,44786,60143,16311,98329,3313,3943,3312,7522,889,42
SocTrang,11-04-2012,446942,63688,41040,13323,05084,34139,38462,09274,43092,80195,52256,82369,1748,0934,8546,8645,962,90
SocTrang,04-04-2012,495529,74073,39742,13566,08362,12507,15716,25166,92624,36898,87698,22993,2725,0395,1138,1040,583,24
SocTrang,28-03-2012,820718,86313,80071,60513,25003,22394,18506,11090,47317,88417,76774,81202,7166,8985,2136,1420,399,70
SocTrang,21-03-2012,641379,55909,90682,82248,44948,67843,54369,26710,84870,16766,86405,73018,9137,6233,3394,9899,402,22
SocTrang,14-03-2012,230404,38789,53104,42852,26725,48584,28436,93455,62232,50227,26217,38803,7022,1468,7376,3345,187,52
SocTrang,07-03-2012,308925,96058,91586,42151,81990,42110,53073,57769,73477,00542,88478,42266,2538,6968,8257,8127,350,90
SocTrang,29-02-2012,980487,86151,06877,62303,90483,71503,63019,50535,94917,57944,95947,59863,0364,7875,7609,8171,317,94
SocTrang,22-02-2012,027287,04411,41532,07477,79763,27051,24362,22352,26541,25971,67070,50915,4955,8737,0386,8741,833,91
SocTrang,15-02-2012,045783,21378,18490,70330,79469,23559,12200,75365,99571,12253,62658,14524,1618,2384,8080,9413,409,95
SocTrang,08-02-2012,139823,32206,28774,92313,02380,61404,31469,30446,66686,46512,09727,98349,6701,7753,7425,7953,759,46
SocTrang,01-02-2012,365586,45424,99774,59795,05770,67564,76762,86681,50718,54356,25332,07926,2266,0395,4544,5175,616,57
SocTrang,25-01-2012,176583,51230,00556,59363,84136,58829,02648,63058,34578,37254,36076,11601,9631,8954,7496,8055,494,85
SocTrang,18-01-2012,425897,44735,01189,51056,18254,76602,05676,10601,75038,08428,69999,14595,5571,5841,5095,5688,341,24
SocTrang,11-01-2012,045860,27674,70846,64022,35961,70200,43358,53714,40596,26588,15141,09349,9782,7101,1464,8301,013,36
SocTrang,04-01-2012,818196,75767,26248,28913,60721,79750,71639,87123,73609,61687,93496,17613,1589,5297,9745,1789,607,34
SocTrang,28-12-2011,471037,56124,45772,14600,98752,90702,04772,17912,27358,85856,64768,84724,3851,9998,1193,2624,757,16
SocTrang,21-12-2011,987125,55235,14736,43180,65266,54723,52012,03396,39433,20776,28378,34267,8810,9337,5051,4839,432,66
SocTrang,14-12-2011,774704,19845,68551,22894,44028,38702,48967,29216,52134,70279,13342,22068,4715,4004,4872,7509,506,52
SocTrang,07-12-2011,907964,33401,28328,65999,03572,03352,74869,03797,42995,39523,77529,73019,4348,6189,5469,3844,868,22
SocTrang,30-11-2011,347413,16328,78745,47907,36010,31326,87357,58706,15464,87775,61215,86934,2328,1260,4932,6615,617,37
SocTrang,23-11-2011,803731,71584,08711,68505,62144,97867,11753,86255,06583,74246,43801,85992,7192,2482,4536,5562,358,24
SocTrang,16-11-2011,617676,55671,45185,97054,43524,79738,74138,06550,33657,19182,51973,99482,3966,3680,0511,4393,049,27
SocTrang,09-11-2011,636502,57796,68249,96044,64173,86527,07289,46751,71814,59686,17832,14545,2186,5214,2328,4169,715,85
SocTrang,02-11-2011,277420,33873,82262,31882,35950,80307,13289,28245,77644,79688,03239,97929,0369,8899,0164,6405,337,85
SocTrang,26-10-2011,333402,89283,38186,78228,08290,12750,67539,98520,67480,74187,73663,52423,9511,1906,3436,5928,191,64
SocTrang,19-10-2011,435752,52040,90341,39831,66963,48795,52171,42331,43731,83377,00953,87102,1327,6574,2256,9434,441,19
SocTrang,12-10-2011,817426,78122,62661,57953,20140,73222,12084,33543,26927,44791,82391,25475,0280,6060,0701,8032,805,82
SocTrang,05-10-2011,156203,10501,45365,17308,76679,86419,32452,77097,26743,04343,70016,41265,8008,4436,4434,8536,065,53
SocTrang,28-09-2011,713117,75016,27460,27207,60626,02839,11219,04626,38232,33166,24485,78392,5236,9103,9804,9121,456,08
SocTrang,21-09-2011,114178,52016,93111,56615,27240,89833,26763,35542,81437,37878,76769,77226,0460,3781,1904,9329,679,39
SocTrang,14-09-2011,706751,70743,27062,47691,72583,11348,55236,42376,84179,37984,73491,60281,7234,4251,6125,5817,038,44
SocTrang,07-09-2011,320111,76016,54719,47567,09443,87136,18024,96827,39192,10869,72373,76301,2789,7652,2181,3641,288,61
SocTrang,31-08-2011,039795,68753,14435,51413,44106,19090,75211,49303,40436,00264,06778,28571,7372,8661,0588,1463,202,87
SocTrang,24-08-2011,521908,43742,66819,78707,50562,11025,63243,02282,21800,16492,53922,85038,6819,8729,2970,1705,311,77
SocTrang,17-08-2011,806846,19317,86108,90214,43376,16744,89970,66841,06509,77196,97139,75454,0553,6807,5726,3773,498,49
SocTrang,10-08-2011,824727,84057,18142,78923,46502,15693,07895,06033,36873,88650,16728,45239,8473,2501,0491,8580,904,97
SocTrang,03-08-2011,266494,25415,51326,83503,06861,46195,33065,76275,27344,92991,39975,10649,7098,2530,7025,3563,141,53
SocTrang,27-07-2011,458445,29957,40847,49980,23595,05183,05362,57307,95512,91857,17255,65896,8379,3033,3223,1187,533,06
SocTrang,20-07-2011,340055,96928,19737,86627,58385,96681,56984,11349,63757,67968,79020,86184,2753,2011,1955,6007,294,56
SocTrang,14-07-2011,403357,62546,48564,91714,66985,34694,35748,14997,89384,25669,32025,99396,1547,6459,1244,2629,940,02
SocTrang,13-07-2011,403357,62546,48564,91714,66985,34694,35748,14997,89384,25669,32025,99396,1547,6459,1244,2629,940,02
SocTrang,06-07-2011,014886,51134,16359,42351,20264,75165,99694,52616,39899,57192,25152,45612,5455,8636,9681,9288,654,34
SocTrang,29-06-2011,143024,86072,35503,66797,85368,94968,72370,54169,61159,96653,08236,45150,9283,0240,2804,5042,649,76
SocTrang,22-06-2011,018175,37802,55290,22787,25499,98187,01004,94912,91613,29888,19321,63131,6271,4017,4990,9284,631,56
SocTrang,15-06-2011,731989,20157,58118,92637,62340,05405,80030,42759,35326,53169,74001,75092,4929,0163,3647,9060,150,65
SocTrang,08-06-2011,235601,46935,31177,14508,63899,37802,19803,15499,36668,21310,39006,25533,8347,0892,9092,1055,391,85
SocTrang,01-06-2011,068894,88661,92609,48070,87866,95105,92735,23794,43582,87757,45405,78565,0915,4185,1289,2375,697,84
SocTrang,25-05-2011,687110,27936,34639,89469,97204,21084,55095,76591,45307,40812,91169,73937,8488,9653,9590,8902,466,54
SocTrang,18-05-2011,178162,12036,44953,00513,42902,71354,73474,99013,16804,02929,14050,23002,6111,4549,2941,3038,093,10
SocTrang,11-05-2011,554394,72347,64027,31748,79391,23245,05874,91872,14154,19937,16939,87695,9536,6366,3824,7579,625,72
SocTrang,04-05-2011,821224,13766,60924,07507,31023,52401,05698,07057,57280,22704,23242,63869,9150,1799,3289,8380,889,40
SocTrang,27-04-2011,295295,92418,70404,58202,15267,75236,46638,67492,72043,31035,48554,68899,9497,4916,5675,8644,719,31
SocTrang,20-04-2011,806117,72796,48286,83033,45676,07697,60563,45938,70977,78813,34313,19208,9834,9013,4111,2109,070,88
SocTrang,13-04-2011,197564,27664,36062,78259,57275,72395,69677,98168,84459,50387,10048,14655,9287,5293,2306,0528,470,01
SocTrang,06-04-2011,699441,07952,08618,59085,19621,04447,20713,04291,86396,61720,74057,69247,1590,7109,7590,0820,939,80
SocTrang,30-03-2011,275714,84538,59140,90646,45183,49968,60583,93617,58388,78614,88787,39339,8031,8867,5237,8887,483,22
SocTrang,23-03-2011,435363,54169,16236,11155,91209,13273,56147,59399,19498,26842,27266,38836,4017,9323,6226,5328,562,29
SocTrang,16-03-2011,702999,51131,86598,47891,35396,70265,62752,21161,34560,36012,84592,17473,1542,4220,7275,0109,903,89
SocTrang,09-03-2011,651196,11542,74106,87021,07128,58581,23100,44677,74025,85618,05438,37340,6645,0841,0290,9980,785,19
SocTrang,02-03-2011,350289,32320,24638,47465,13870,05070,11631,26259,78343,05964,64191,79136,6435,0575,7692,9178,573,33
SocTrang,23-02-2011,018569,55208,96955,51674,89484,12559,27338,54959,71907,63933,97256,45446,4808,7562,3295,9145,287,23
SocTrang,16-02-2011,389863,87544,01705,38117,71242,16648,48035,37838,45637,37312,89407,53569,2801,2343,5161,2249,426,28
SocTrang,09-02-2011,885213,31020,13630,65042,38783,35764,70969,27971,57505,25901,64189,86299,9977,9208,4043,6469,068,22
SocTrang,02-02-2011,944565,09527,31397,18454,81809,01938,82325,46224,33216,16994,37658,46599,4207,8423,2527,7267,564,22
SocTrang,26-01-2011,558102,07191,75208,61057,39485,49205,64697,93939,33346,88549,89361,33288,1666,4877,6527,1454,496,66
SocTrang,19-01-2011,010189,98267,15686,60332,31382,00420,90542,32034,14493,61941,59860,32317,0436,8006,7225,4078,016,25
SocTrang,12-01-2011,512873,32862,90181,73230,86455,67430,19845,27979,07265,51559,21061,41915,7089,8624,8831,6114,791,29
SocTrang,05-01-2011,963811,22889,34642,57764,32893,95979,23508,39671,80758,52410,62837,34770,0399,7788,5959,1350,696,73
SocTrang,29-12-2010,072254,35818,61155,19701,62707,33015,11877,31881,28668,53675,36119,84775,8282,9172,9038,2081,519,59
SocTrang,22-12-2010,720609,52622,57860,89291,48193,93653,02212,87618,08660,94612,48389,79990,1381,0810,8286,2058,866,89
SocTrang,15-12-2010,527049,95315,46831,17052,41035,36989,73436,41472,33292,18032,29587,60878,7347,7852,9719,6790,270,25
SocTrang,08-12-2010,710537,04625,16232,33234,89849,19565,57852,19820,33706,39671,36647,83138,1358,7055,4169,1476,814,02
SocTrang,01-12-2010,757702,48776,55160,09991,58589,95025,77840,80173,54666,61808,10616,69324,4797,6292,2589,4150,372,74
SocTrang,24-11-2010,614276,64857,46160,54960,08909,22723,17146,55301,72289,86040,05639,05924,2911,3047,3395,4799,549,64
SocTrang,17-11-2010,795227,21611,86373,02031,01662,28850,26110,03231,68716,32588,26301,08711,3929,7154,0694,1624,272,13
SocTrang,10-11-2010,133446,41711,96837,82268,29874,30755,24856,00669,40231,68116,37809,25064,0597,7126,5041,6573,184,44
SocTrang,03-11-2010,395639,58087,40210,39003,54201,54380,98141,83589,21090,49603,99614,10206,9339,3144,5721,2494,615,81
SocTrang,27-10-2010,314021,49838,77434,12430,37909,39276,09748,56832,98393,45897,51753,74943,4791,3730,6169,0317,142,20
SocTrang,20-10-2010,079448,58415,82439,96173,25207,69430,78294,60971,85343,82339,15654,98439,3919,6244,1424,2457,143,01
SocTrang,13-10-2010,872045,75645,69599,25171,78193,94577,01426,48105,66546,09158,75460,18172,1670,9577,3585,5342,455,86
SocTrang,06-10-2010,943083,14612,22326,09478,67829,36354,03454,74907,47348,30152,49130,42736,6250,4343,1781,5337,626,92
SocTrang,29-09-2010,329619,17313,11664,15810,49836,03128,77478,97118,89178,23046,75653,45830,3586,3329,1439,6161,206,14
SocTrang,22-09-2010,327288,19992,77572,37436,67521,64679,56740,83292,86791,68305,59891,57521,2035,0856,2719,8111,315,83
SocTrang,15-09-2010,579200,57426,29037,59574,07201,43350,03435,75406,94842,54386,17187,27251,7295,8299,8644,3483,617,52
SocTrang,08-09-2010,470715,30010,31701,87078,67154,46785,33525,69465,35355,61179,82958,57727,6229,6652,1759,2079,256,61
SocTrang,01-09-2010,652601,94118,08204,51420,11799,89494,43478,78358,70625,58892,00661,04182,8618,9518,3379,5942,662,80
SocTrang,25-08-2010,668673,30328,48485,06241,31985,21296,91964,48084,27341,13671,25586,98780,2344,1332,6072,7408,175,56
SocTrang,18-08-2010,024844,28674,27029,94064,06938,04004,23001,68873,59743,84169,85810,48753,3525,2990,0885,7525,115,86
SocTrang,11-08-2010,237044,57702,38993,46958,30487,43370,29900,92685,43898,37816,28225,73364,4142,1524,8297,1313,062,19
SocTrang,04-08-2010,290634,34195,35663,21017,26733,94002,67659,48352,82039,28257,62617,72218,6417,0617,0673,4430,244,56
SocTrang,28-07-2010,969775,92831,42286,58484,61973,74867,15433,79495,12407,64280,53169,23683,5685,3857,3930,9857,039,24
SocTrang,21-07-2010,431187,02647,62600,70106,61956,61218,94157,14356,06801,79982,30468,69070,6336,6537,7239,0811,855,84
SocTrang,14-07-2010,370472,20067,94418,05376,09502,46034,73794,28188,48260,10378,53333,74019,0679,2646,8447,9723,249,15
SocTrang,07-07-2010,361540,97289,29247,59635,50407,28294,16643,19678,73157,56499,36203,71014,1561,0791,7263,6621,493,20
SocTrang,30-06-2010,741167,38712,70861,38999,89960,16610,90599,82926,28060,92575,07218,82003,9096,1615,5535,5850,569,02
SocTrang,23-06-2010,195446,44765,58857,70317,23651,39178,87225,44707,73773,89570,45401,97852,6869,2520,3483,8011,496,70
SocTrang,16-06-2010,440063,33780,55739,44774,21612,76182,02417,70388,90782,53136,38675,87839,8962,7169,8453,2542,546,06
SocTrang,09-06-2010,085208,86652,47883,16283,40515,41038,69638,32387,62565,61940,34516,70017,3882,3054,4110,2843,183,54
SocTrang,02-06-2010,663681,07530,08126,98643,39592,58509,87076,50063,49933,18354,65315,57366,2891,3482,1712,4205,435,82
SocTrang,26-05-2010,677462,29611,41311,31222,73468,10768,53336,70053,05205,78461,66378,46749,1996,5238,1694,0337,110,81
SocTrang,19-05-2010,104634,01592,56304,28690,33858,41498,99382,03850,40055,11733,67006,62309,3387,0945,0106,8621,776,72
SocTrang,12-05-2010,774713,48855,16388,12405,43025,15441,04290,29080,16785,93639,95307,62309,1774,6027,3791,1065,593,05
SocTrang,05-05-2010,478018,39226,56521,43159,81864,26703,82182,13505,03523,65949,93597,08312,8461,0613,4913,4593,107,75
SocTrang,28-04-2010,932650,53715,99243,20851,46152,50648,42612,51336,29078,09581,47222,89701,1429,3361,6045,8245,405,01
SocTrang,21-04-2010,435402,46964,75751,78834,58968,25151,07605,65206,12549,09998,02612,95666,6598,5176,5753,5216,206,17
SocTrang,14-04-2010,086198,87742,65193,80015,62359,43706,09544,93566,25008,21152,35804,12253,0463,2897,1255,5425,780,27
SocTrang,07-04-2010,464391,00133,58365,81531,55451,68146,59683,16240,57630,27155,28734,07746,9483,4816,2690,9713,193,69
SocTrang,31-03-2010,010337,37309,92434,84943,48267,42577,83996,91431,59935,87696,29500,02632,8866,5797,7264,7660,040,12
SocTrang,24-03-2010,861966,78826,69611,99631,65003,85299,89316,13216,93704,48705,80164,16191,5767,3650,5741,3785,107,63
SocTrang,17-03-2010,049705,26003,10301,81022,65875,77199,17192,62151,48259,24234,38712,23182,3544,3255,2238,2043,006,17
SocTrang,10-03-2010,172229,54679,18700,42483,19097,17246,60520,62417,35315,95516,53956,64898,3841,9579,9985,7402,170,64
SocTrang,03-03-2010,284256,20367,25027,38350,73792,78498,23163,27729,73254,68882,90878,25329,4435,9825,6373,3217,641,54
SocTrang,24-02-2010,282400,51868,18710,80854,05834,57525,25424,40806,01766,35808,22352,84351,7741,7039,4125,9091,843,78
SocTrang,17-02-2010,541408,41463,57237,22673,12675,82998,26902,97445,16251,73053,72654,53381,9524,7883,1605,5513,303,04
SocTrang,10-02-2010,263569,39621,93293,02715,38239,28996,47071,52043,17003,12431,83765,42561,1941,4263,3704,8899,948,30
SocTrang,03-02-2010,629743,67922,89684,85672,26043,78730,01724,65289,31578,30935,98816,61825,8131,3626,2472,6514,517,27
SocTrang,27-01-2010,878707,73179,62174,49207,20790,09219,57349,64824,48398,29894,37165,72077,2699,7080,8003,4998,220,33
SocTrang,20-01-2010,403191,72665,21180,38070,98961,56029,33723,62523,19154,16307,37033,86485,9885,3867,7695,7648,170,34
SocTrang,13-01-2010,423282,87684,03666,68663,69065,36120,41739,35441,72876,71233,17899,65494,5062,6823,9485,7540,021,21
SocTrang,06-01-2010,572200,12653,94799,67118,29020,93827,48203,08406,22271,47914,13511,38679,5518,4731,6250,3137,626,89
SocTrang,30-12-2009,964575,88156,60780,60299,52520,01935,63445,33367,24081,69781,07979,30903,8401,6264,1795,2347,208,75
SocTrang,23-12-2009,810956,72887,71637,33310,71094,35337,84894,35143,89112,32845,96934,31733,6322,8874,5268,4343,352,08
SocTrang,16-12-2009,581852,49754,97541,69743,42798,61206,28877,12887,78843,21583,80359,64667,7710,3837,5150,8862,660,67
SocTrang,09-12-2009,097356,52590,27448,67540,57889,69303,48233,86022,36999,42761,93544,41175,8429,8202,7334,6472,431,01
SocTrang,02-12-2009,153293,69242,69906,66801,19189,29776,45020,59377,60638,45353,98320,00594,9661,7987,2198,6720,194,71
SocTrang,25-11-2009,743329,00736,62830,41040,19566,59371,90436,31435,68201,04427,41645,60790,0962,1836,4435,1511,593,45
SocTrang,18-11-2009,459274,23177,24320,61574,42590,83231,67834,83245,74729,76015,17726,90983,7158,2785,0339,1399,510,03
SocTrang,11-11-2009,410429,73985,67491,19523,61650,81321,21829,70049,04004,53953,26497,38805,7831,2580,7474,1593,445,43
SocTrang,04-11-2009,540861,93793,28235,57883,15779,74416,86580,56555,78498,71504,67269,16254,1452,7040,9459,5073,940,64
SocTrang,28-10-2009,180898,09828,59850,15472,70593,68229,03121,50631,09709,50936,08326,32447,8251,5974,5233,6734,413,34
SocTrang,21-10-2009,606787,38769,17539,84726,69471,28561,78784,84812,07943,23165,39665,97878,9306,3561,1486,5090,034,77
SocTrang,14-10-2009,030672,44815,95994,15991,24522,82568,85842,12310,89590,03321,24677,97704,8320,4524,3981,8025,954,56
SocTrang,07-10-2009,575206,71458,36852,18197,62633,01819,03788,55164,82986,87651,20807,09646,0561,4431,7170,9860,267,79
SocTrang,30-09-2009,34123,21761,67824,11174,73232,57917,98319,79540,58313,04732,31769,51184,2504,2688,9625,1378,015,36,00
SocTrang,23-09-2009,85205,50793,49690,01715,57590,24370,13186,48668,87233,24489,05503,56282,9733,7971,2527,3341,366,28,00
SocTrang,16-09-2009,07482,15210,15409,22735,33635,10560,49190,09038,17593,32425,66002,70251,1441,1370,3164,2928,828,97,00
SocTrang,09-09-2009,45553,18422,85617,69447,46330,77765,30027,51680,65344,31846,92009,07454,0338,1115,8124,6951,372,15,00
SocTrang,02-09-2009,16481,84118,44850,82683,18527,79202,32083,64130,51104,33158,38644,33772,9804,4259,9195,8503,698,42,00
SocTrang,26-08-2009,24517,01801,67669,21577,82216,38861,07289,64652,12065,25051,47025,03151,3277,8726,3150,1556,210,40,00
SocTrang,19-08-2009,84518,97182,62485,37701,12397,20556,63439,69679,20584,41637,34670,97276,0423,3256,8140,0071,431,73,00
SocTrang,12-08-2009,91918,17203,99997,18629,36485,49284,12947,86302,37465,31873,22732,22052,9799,2694,9374,3332,420,12,00
SocTrang,05-08-2009,82059,18868,85061,68490,54619,87419,31223,30934,93582,36155,55049,24266,7988,0448,9256,3323,687,85,00
SocTrang,29-07-2009,77749,78487,29982,91508,16819,37515,32946,83388,52102,86340,83445,90323,2132,1269,0628,3240,293,21,00
SocTrang,22-07-2009,69570,65316,40204,36206,74745,27027,82168,81314,78971,65547,03151,22624,0061,4207,3527,3184,353,58,00
SocTrang,15-07-2009,05465,00775,66139,06442,94131,55592,48535,97466,77309,73057,54746,21440,0900,0529,0932,4886,945,49,00
SocTrang,08-07-2009,12052,95448,99247,53713,55704,06784,01706,34713,22034,20653,46706,13316,9709,5892,8929,1668,995,11,00
SocTrang,01-07-2009,38975,14544,98965,86216,70842,30900,83328,33405,40439,27510,84249,15598,2828,1301,4392,0854,867,94,00
SocTrang,24-06-2009,19222,43100,13088,25613,56228,75847,70846,49301,95728,41736,58291,93331,2303,2043,6505,7326,866,76,00
SocTrang,17-06-2009,80549,15105,93411,39968,34467,11894,16925,51154,00671,73512,82390,13532,9341,3265,5712,7269,011,44,00
SocTrang,10-06-2009,90190,67974,48017,33549,69267,35174,83550,77275,08621,73228,80402,81567,8976,0330,1240,3374,627,95,00
SocTrang,03-06-2009,19835,50621,73028,56204,21057,76224,00309,90355,93778,07859,89524,68096,0724,1876,2748,5872,705,41,00
SocTrang,27-05-2009,31725,63865,48274,75506,91537,44243,29688,70549,23995,17311,38124,22559,5702,3030,6629,9702,103,43,00
SocTrang,20-05-2009,99036,09032,29492,93370,55267,98300,83527,96433,93917,32216,92998,13855,0801,8264,0781,6146,381,40,00
SocTrang,13-05-2009,88399,27792,22140,79163,72533,64478,67222,03012,20493,62155,90191,03099,4764,9253,8958,5028,351,75,00
SocTrang,06-05-2009,64906,23958,69719,94344,70320,83477,62529,11766,64377,62170,58594,46943,9214,7834,4271,6797,797,61,00
SocTrang,29-04-2009,47977,69600,16736,12886,32296,25901,60531,86895,62416,49823,32543,06001,5315,9649,0875,0484,078,84,00
SocTrang,22-04-2009,43164,91914,32428,34221,09210,38491,01907,47894,50868,59983,86549,67478,0990,9519,1395,7110,192,00
SocTrang,15-04-2009,62311,97026,40144,49118,59731,93560,05077,12271,09232,52277,09148,61259,5507,5212,1947,0735,337,90,00
SocTrang,08-04-2009,39952,90827,28227,45653,77268,26365,27129,30164,49605,03782,76674,84257,0496,1254,6493,8434,165,03,00
SocTrang,01-04-2009,69730,59497,85193,32494,73150,73589,12037,71427,50987,83932,09833,03601,1878,4080,6289,5632,668,48,00
SocTrang,25-03-2009,82167,34167,35024,23032,55316,69622,84901,46743,57016,83712,89461,46916,3076,2566,9883,7777,209,51,00
SocTrang,18-03-2009,79676,27035,53940,04904,75623,21409,28441,85995,12745,95199,82081,44934,0361,7681,9963,0047,045,77,00
SocTrang,11-03-2009,43728,43834,61343,67143,90212,36693,89282,80847,98780,12109,39925,81231,4047,4820,7310,8357,058,78,00
SocTrang,04-03-2009,35028,87239,46157,04735,08270,30158,71124,81234,08180,67675,38745,98296,1228,9247,5596,0730,715,22,00
SocTrang,25-02-2009,21056,49449,39793,64388,70268,30785,10089,74229,40725,47431,25975,73573,4142,0549,9841,2578,163,20,00
SocTrang,18-02-2009,19880,46777,74093,24286,92403,87600,16741,73045,15113,18278,16588,65118,1372,9438,0298,9099,981,30,00
SocTrang,11-02-2009,54756,99995,02360,90731,16787,25163,94479,67145,34540,82718,02817,46152,7923,5449,9138,8692,137,63,00
SocTrang,04-02-2009,15783,68278,17587,24011,83541,18199,65335,33615,10653,51325,63492,20293,3078,6717,5247,8088,836,66,00
SocTrang,28-01-2009,94969,37089,05286,37065,08840,36098,78773,89803,97234,14263,95303,57420,4993,7964,7761,1274,890,26,00
SocTrang,21-01-2009,76495,59768,38129,30356,03092,90219,73031,13100,30714,10984,45330,93688,9029,3017,8437,1504,619,44,00
SocTrang,14-01-2009,29774,80888,65608,75277,72993,71430,83430,23836,16325,65317,31513,29442,2683,3131,2293,1262,311,10,00
SocTrang,07-01-2009,75869,49769,80508,85182,73163,99990,15695,93428,46335,26179,70983,71827,3605,3364,1912,4063,780,83,00
SocTrang,31-12-2008,93223,45654,48858,13629,14855,29997,26530,64952,75037,94956,62006,46906,0006,4979,5209,0990,000,38,00
SocTrang,24-12-2008,38339,67706,09907,04842,34823,77973,24875,00020,74083,27987,31624,57886,7571,2439,1173,6697,532,94,00
SocTrang,17-12-2008,94388,50897,22596,40408,09702,40875,13925,96871,59969,34526,68284,29299,8711,6842,8306,9296,137,84,00
SocTrang,10-12-2008,37627,34905,92310,22737,86700,83551,11282,19654,04518,61546,99170,11247,5182,9876,3611,0887,274,66,00
SocTrang,03-12-2008,41752,31367,31943,16159,83836,07884,08283,69535,84897,23971,06970,16608,1366,6224,4382,3236,552,73,00
SocTrang,26-11-2008,97533,45588,78562,38125,18246,59253,24045,88889,43866,18312,44696,81653,7062,3757,6201,2483,857,62,00
SocTrang,19-11-2008,42285,39270,26383,97084,49070,83045,51213,23255,80707,31213,42597,53560,4439,7246,8924,9672,657,07,00
SocTrang,12-11-2008,15223,66430,81021,63026,44618,51083,43884,62160,54486,06779,72822,44580,0318,1204,2516,9712,218,28,00
SocTrang,05-11-2008,69317,48040,33867,44435,20353,50022,51177,84070,01913,06313,56620,12310,7311,4368,8925,2178,105,62,00
SocTrang,29-10-2008,97290,22952,97576,45195,90894,49838,72154,19157,71657,86219,33692,99125,5375,9905,8382,2935,563,88,00
SocTrang,22-10-2008,28136,28438,44932,74083,58122,83636,75248,38879,35797,59966,49005,26602,2129,2232,8126,4889,407,00
SocTrang,15-10-2008,96204,53647,97175,18652,97933,89737,70663,57593,39144,26300,05407,43180,7628,6309,0771,4188,823,78,00
SocTrang,08-10-2008,79840,55088,77166,58009,22749,56672,42490,15958,62824,00408,91571,30355,2771,5606,9012,3833,060,64,00
SocTrang,01-10-2008,95464,23513,21850,44798,05446,72287,14358,69630,25356,99980,41792,51558,2535,8613,6156,5156,181,07,00
SocTrang,24-09-2008,76225,94518,23934,55917,21861,54562,13700,18774,36593,16709,45625,20303,9204,5948,2295,2120,469,83,00
SocTrang,17-09-2008,34916,26334,81653,81914,57191,91928,27028,46971,81824,57786,13680,10673,6364,2551,9375,5972,728,36,00
SocTrang,10-09-2008,45152,83138,93205,68587,30261,35483,39870,99438,80151,53836,79744,50234,3255,8113,9430,9215,519,04,00
SocTrang,03-09-2008,91786,20656,77702,66370,91074,48970,55213,80948,22883,31633,32692,73913,5258,0345,0624,5341,430,95,00
SocTrang,27-08-2008,32737,37644,32775,55310,62523,50968,81588,99475,69147,20628,56290,92674,7581,3037,8101,8876,017,15,00
SocTrang,20-08-2008,55270,34668,02037,82656,25213,20887,77427,92604,39781,71144,82173,83834,9058,2845,2172,0511,604,02,00
SocTrang,13-08-2008,45818,04477,67395,43978,96600,38701,53646,05650,26882,40344,32987,50702,2639,2085,7196,2888,753,06,00
SocTrang,06-08-2008,40577,42809,44749,81119,99507,28513,14142,86636,88434,51623,37138,02859,1488,6907,2637,4121,652,29,00
SocTrang,30-07-2008,71381,85814,73544,79225,19547,17877,85879,20845,22329,19436,00164,20282,8680,6987,4441,0535,407,04,00
SocTrang,23-07-2008,74296,87854,91539,20406,77796,12321,88208,56109,65463,52430,86150,14077,5660,0615,0591,9881,819,44,00
SocTrang,16-07-2008,26014,63464,38631,55124,06739,75304,53561,70189,13086,48817,34438,80751,4319,8383,5225,9443,438,30,00
SocTrang,09-07-2008,57527,71796,62167,08527,38674,21547,57505,38891,46480,09971,69933,70766,6322,2617,4476,8999,901,34,00
SocTrang,02-07-2008,24682,70176,18936,90361,15718,97102,61629,64318,18801,72793,55048,09122,5953,2214,9380,0762,245,56,00
SocTrang,25-06-2008,14228,04349,22538,92081,87875,33964,04323,02116,44492,90087,65446,55392,3594,5608,8711,5643,700,21,00
SocTrang,11-06-2008,27301,90069,16986,52321,47604,24128,07011,98411,79833,47706,23047,13453,2138,7187,1056,2981,382,06,00
SocTrang,04-06-2008,36819,51376,57332,27189,06193,80813,66340,92120,92415,53957,28211,83075,5984,6053,0659,0662,993,43,00
SocTrang,28-05-2008,16078,17215,38588,00177,94765,05359,32830,10014,68386,43040,69873,14426,5549,7756,7110,8127,114,52,00
SocTrang,21-05-2008,47437,03134,55971,11406,03490,14273,48337,36900,08591,21331,08978,51837,5451,0700,8469,8108,659,82,00
SocTrang,14-05-2008,71248,04817,75962,86215,73444,50256,75016,50911,61690,07461,94107,86226,9029,9971,1718,4841,613,91,00
SocTrang,07-05-2008,42477,70568,14177,79085,03995,94605,32979,56824,56058,72300,83254,44041,2192,5575,3175,3984,765,65,00
SocTrang,30-04-2008,55120,14227,35873,47995,09869,71593,45662,30159,30988,60234,82555,4066,6848,9578,2249,6025,376,91,00
SocTrang,23-04-2008,84623,18497,87423,37386,25517,69428,85099,05381,01425,42585,20854,4290,9612,4599,7573,2836,345,00
SocTrang,16-04-2008,63357,97792,71694,91041,96645,15341,56314,04200,55479,56063,78930,5921,1439,1094,6918,7262,368,14,00
SocTrang,09-04-2008,15615,36673,13835,40294,62076,42203,13782,81388,95990,77399,81586,2422,3587,7586,8961,9127,932,07,00
SocTrang,02-04-2008,25485,44259,73974,07616,97396,57035,77258,43149,18400,19907,73661,5975,0924,2041,7076,0632,634,98,00
SocTrang,26-03-2008,75722,03383,89791,78632,88525,99399,60388,64910,93957,41352,40436,8079,9442,6409,0968,7483,657,53,00
SocTrang,19-03-2008,85420,48410,26299,75120,42214,68688,67506,64838,35073,84740,32109,4438,5231,6567,1163,9833,674,29,00
SocTrang,12-03-2008,57383,20403,90191,80990,74180,96649,57934,42595,93657,16664,71268,4762,5581,1223,3428,7922,145,83,00
SocTrang,05-03-2008,92470,33527,26273,93784,58543,31787,19288,04536,51533,67392,54447,9825,9295,7131,5476,3998,842,19,00
SocTrang,27-02-2008,00209,69336,67618,35083,74722,55896,58132,01375,41422,92870,61520,09712,0404,4186,2170,3245,848,54,00
SocTrang,20-02-2008,24100,21391,01427,04849,31222,77663,93113,12713,61984,36382,72020,14707,4249,8504,1411,6957,005,68,00
SocTrang,06-02-2008,65066,57397,42834,82763,45292,18968,33460,23804,22575,08200,31664,81929,3514,3215,6334,1389,254,72,00
SocTrang,30-01-2008,07541,18525,78236,80445,02520,89307,71925,39693,90760,66622,55753,56858,7953,4389,7338,1591,633,55,00
SocTrang,23-01-2008,73009,83682,01481,51558,76558,12224,86663,76889,19791,68621,93874,86822,6582,1018,8223,9110,372,75,00
SocTrang,16-01-2008,65619,12156,97502,34292,38201,71326,81905,73142,39152,84456,10970,23420,7573,2506,3229,7046,382,92,00
SocTrang,09-01-2008,91416,03965,89448,39175,56518,09271,53772,35785,73290,00436,04132,09905,3595,3102,7980,7099,007,10,00
SocTrang,26-12-2007,14884,38088,52796,07993,30652,04934,06379,44687,12662,34996,21431,61693,6308,5147,3031,8006,256,67,00
SocTrang,19-12-2007,32137,48037,30525,23995,87747,91864,27630,40065,48416,40818,01555,49820,5583,9462,1045,8213,913,49,00
SocTrang,12-12-2007,25715,09648,35774,46226,66364,91306,57118,90845,10885,92853,67767,33732,3505,9409,4662,1483,773,65,00
SocTrang,05-12-2007,58178,91717,02497,44122,32876,76713,55531,97397,10224,16208,63830,63616,0041,2250,8579,3435,408,40,00
SocTrang,28-11-2007,79000,21311,35537,18910,56362,47056,30620,18571,23593,74873,36218,06437,6866,5904,6677,1950,623,98,00
SocTrang,21-11-2007,38484,18904,95683,58968,17777,45799,83568,57950,28206,08437,56153,66840,1658,3344,8609,6650,748,87,00
SocTrang,07-11-2007,13884,89140,79974,99140,33062,19939,34860,56827,23366,64228,12706,24910,2248,9627,8071,7664,125,77,00
SocTrang,31-10-2007,96154,80143,36231,41593,76912,71880,13647,05706,37204,89469,97089,77123,4343,6748,2656,6333,576,40,00
SocTrang,24-10-2007,02177,41013,53749,46750,36509,60266,18454,24497,70741,25586,36885,86259,4406,2578,0088,5618,026,28,00
SocTrang,17-10-2007,54757,72298,25320,29120,16712,53718,51528,90029,92216,29153,75892,49315,4685,0835,0813,5632,771,86,00
SocTrang,10-10-2007,39768,95628,42725,26404,16711,73840,86391,25119,14306,65816,33114,83486,1243,0365,2412,7867,839,47,00
SocTrang,03-10-2007,41769,99941,27516,58534,91334,50980,98442,73258,40700,74989,69765,52421,2501,6973,2387,1568,361,57,00
SocTrang,26-09-2007,31992,19717,61571,82078,15452,60248,94219,97929,79983,70281,16209,68014,2736,8467,8660,8804,667,08,00
SocTrang,19-09-2007,69176,70483,90636,84280,75054,04508,18159,98528,30560,48373,36103,50066,3938,1488,7549,5726,830,93,00
SocTrang,12-09-2007,00870,22190,20858,87411,70201,91421,66162,92492,06498,07099,75295,36181,9086,9500,2822,0941,114,93,00
SocTrang,05-09-2007,77277,84710,29579,04629,34110,86277,86438,61184,96738,84590,25999,39179,6383,4651,5019,9879,543,99,00
SocTrang,29-08-2007,59281,74630,71527,12674,86473,09482,31791,37708,04000,43428,74553,17744,7781,6640,5622,6471,498,35,00
SocTrang,22-08-2007,41150,66626,21620,49056,42992,68483,57527,87776,80378,81550,39238,88762,4657,5781,1273,4851,068,25,00
SocTrang,15-08-2007,47854,88144,54570,83810,96811,45257,97902,81453,83899,76916,11296,57560,6148,3686,2858,2282,943,67,00
SocTrang,08-08-2007,51105,45533,21671,61850,10357,96685,86587,65928,73958,07279,97230,35633,4108,9973,0634,2474,747,11,00
SocTrang,01-08-2007,93282,03183,23852,17050,77092,29042,76716,56581,01717,55031,64281,04855,1261,7704,5701,1009,110,14,00
SocTrang,25-07-2007,35526,63800,35653,81386,77135,71191,80955,08809,77757,09100,11412,94637,4578,8299,3273,7764,298,18,00
SocTrang,18-07-2007,53089,89858,51998,10358,19627,99655,10157,99933,47839,97005,71876,82064,2435,3877,9226,4313,437,31,00
SocTrang,11-07-2007,73012,75535,71715,00392,32349,36308,03241,17856,49214,38746,85524,83433,3186,9476,4387,3742,421,90,00
SocTrang,04-07-2007,51982,42828,18398,08414,25033,66794,84092,90578,57865,11802,55460,38524,7633,5010,7541,5523,024,08,00
SocTrang,27-06-2007,39680,39116,18366,32922,63497,82735,38882,40491,97560,12522,64098,18929,1092,6658,8646,7971,361,57,00
SocTrang,20-06-2007,25388,98242,33322,27295,17387,52890,67473,19392,92766,82118,31233,87154,1335,5661,0258,1558,572,29,00
SocTrang,13-06-2007,06970,98869,12217,17201,81763,13859,03013,25127,06563,42898,48599,36092,1939,3940,5699,3876,780,86,00
SocTrang,06-06-2007,46493,40041,93646,83998,05650,18687,88231,10363,93456,72289,11176,21497,1514,1437,8953,0396,419,83,00
SocTrang,30-05-2007,81274,02166,14800,81227,18255,56244,73380,30940,32717,29086,40429,30864,9818,4722,5053,0666,929,77,00
SocTrang,23-05-2007,37093,31298,74485,26036,23028,50618,11119,10370,13633,14464,74921,76723,7051,8621,1117,8963,095,88,00
SocTrang,16-05-2007,01430,93991,25912,57630,56439,93546,34388,27473,66364,39422,71973,16176,4249,0196,4903,6673,820,49,00
SocTrang,09-05-2007,51620,15280,08184,97570,35634,13531,47381,67705,12916,22368,82833,39635,2403,4850,0211,4233,736,89,00
SocTrang,02-05-2007,92976,34401,99019,99051,93665,70387,31024,18631,81130,09785,16205,06765,0133,1036,5258,0277,560,02,00
SocTrang,25-04-2007,73974,95662,27182,74705,65807,20180,52218,43729,89592,29657,77345,62468,7740,6203,1490,5515,285,24,00
SocTrang,18-04-2007,54021,83312,62664,66302,83000,84765,02231,36699,74625,61008,92277,95000,9900,9666,7230,7630,655,22,00
SocTrang,11-04-2007,35533,46193,90031,05192,84206,05834,38113,21885,88323,67169,66861,92697,9118,3675,5601,5854,314,43,00
SocTrang,04-04-2007,08223,74544,53544,68555,90791,80685,18947,78151,70038,03983,44567,33703,4956,0576,9470,2485,786,80,00
SocTrang,28-03-2007,97485,39704,90838,78431,23022,89725,24668,38426,27926,92356,50169,86903,8442,6207,6658,4105,503,38,00
SocTrang,21-03-2007,04027,23384,77999,28790,09335,88401,61752,27465,40220,68301,05304,87047,4187,1559,1064,0627,061,06,00
SocTrang,14-03-2007,31335,51847,02970,90055,74243,46708,05679,98873,41602,95596,29242,87743,1482,4715,7483,0816,791,14,00
SocTrang,07-03-2007,10972,58994,57893,49223,91602,79083,76417,70139,98660,17014,62491,45981,4040,2833,8378,9933,518,47,00
SocTrang,28-02-2007,13592,28375,45329,94894,65995,08022,60023,34095,82061,01736,42684,51320,2069,1977,9981,0989,402,74,00
SocTrang,21-02-2007,77528,70261,25391,98060,17750,67058,33847,25582,56332,90947,71677,54716,7624,6018,6474,9616,609,65,00
SocTrang,14-02-2007,45612,27325,60439,42972,28014,49702,57596,82484,63798,00226,96956,43236,7729,0052,3081,9724,514,41,00
SocTrang,13-02-2007,44962,01429,38010,93814,98137,07897,76799,78386,65226,51750,25029,57621,1106,6530,5820,5180,996,20,00
SocTrang,07-02-2007,85721,75604,23950,30039,54009,26871,12703,61107,23799,35020,64562,57416,0598,5948,3675,8594,763,24,00
SocTrang,31-01-2007,97130,50588,84608,92090,97730,02872,96148,21982,12400,18424,44912,53274,7987,9207,7914,8510,127,08,00
SocTrang,24-01-2007,87113,62978,09910,56047,50463,63349,84755,03833,65344,14817,28312,61061,8157,6403,4991,8641,440,80,00
SocTrang,17-01-2007,53526,17482,49032,86127,06967,74990,31558,11902,55754,62545,47456,31226,7013,0029,6310,8326,148,03,00
SocTrang,14-01-2007,33211,17970,71395,79253,58747,48544,94862,39187,48792,21493,00380,84697,8702,7837,4713,5273,336,69,00
SocTrang,10-01-2007,98946,91134,81744,71051,48320,84665,87540,71600,30919,42149,91925,56921,4536,3240,6789,7030,122,38,00
SocTrang,03-01-2007,33055,45287,81112,47608,36611,20184,53365,99247,56718,11695,19675,07535,0074,1516,0671,2185,617,66,00