TienGiang,28-07-2019,058642,28101,17439,40701,20834,28279,36528,87186,96779,54758,07246,99623,3164,7513,2497,6207,562,30
TienGiang,21-07-2019,211301,42028,95034,35373,38569,07399,90709,87101,72305,41233,51009,99369,8957,6253,1182,9180,569,09
TienGiang,14-07-2019,683918,64979,63151,71059,39152,61945,19388,79827,68852,92578,75605,33241,6132,1887,5877,6344,188,56
TienGiang,07-07-2019,953179,90512,01749,01131,68321,30829,06208,14192,30547,65637,63574,63668,1238,4855,2648,7629,296,42
TienGiang,30-06-2019,157196,02925,35072,89229,06981,58086,63152,81638,21637,51414,46535,99674,0457,4528,0466,2565,848,83
TienGiang,23-06-2019,986566,52229,76761,63798,16534,95043,07206,12250,16952,69208,08509,08735,6944,8033,9785,7681,580,05
TienGiang,16-06-2019,465176,58645,69988,04516,94983,00062,87476,55303,61518,61444,60101,66647,5005,9025,7517,5378,575,72
TienGiang,09-06-2019,709732,08300,76335,25879,14634,44057,43015,39232,72173,37107,69001,70981,0409,5576,6771,3257,539,12
TienGiang,02-06-2019,256425,76377,09841,66410,66912,49158,83928,94349,35101,86247,94366,81855,6144,5110,2389,6033,569,29
TienGiang,26-05-2019,596030,60094,41584,74744,07328,71472,02031,01158,98915,41178,12983,96014,4052,1274,4805,0197,675,83
TienGiang,19-05-2019,176692,56492,62142,28738,19642,07296,75859,49806,09955,14840,99028,37385,8109,6281,3395,0873,882,06
TienGiang,05-05-2019,827052,07568,42300,57459,63554,65594,08353,39902,74118,39954,78032,33482,4566,0254,3805,6242,260,06
TienGiang,28-04-2019,751246,77460,12601,50892,13444,56077,44299,67884,63135,19277,83318,40666,9291,3760,3523,8954,754,44
TienGiang,21-04-2019,945466,06761,82278,36805,72561,86062,13052,36820,55883,28200,15606,97257,6873,0330,2243,1904,233,91
TienGiang,07-04-2019,247114,35478,58556,02593,79846,28829,84628,03583,67599,22621,10876,20880,5881,0519,1947,5065,896,76
TienGiang,31-03-2019,500168,79555,10915,48942,52284,99389,15044,99441,12169,50294,11043,70493,6094,4927,7769,6014,647,82
TienGiang,24-03-2019,365946,52890,83903,72011,37362,09049,97503,35413,94394,24869,16521,18441,1464,6226,3760,3922,773,69
TienGiang,17-03-2019,241442,97003,32170,95529,65208,07368,69789,86141,55358,59821,35447,46036,0821,8623,8477,8101,139,27
TienGiang,10-03-2019,352934,50132,96585,41401,89871,96091,78507,34189,82228,26212,49861,36247,9335,8789,4785,6344,561,93
TienGiang,03-03-2019,098391,31380,90303,16599,91284,40618,79196,24636,17958,51390,18738,50937,5840,2077,8474,4472,622,01
TienGiang,24-02-2019,536047,18272,32229,66477,05346,12840,97243,39782,68148,25214,32458,71825,4568,1301,5601,8843,868,49
TienGiang,17-02-2019,121848,74681,12711,47477,41741,31875,66518,52253,12417,78837,00862,23657,4788,9106,3733,0714,631,95
TienGiang,10-02-2019,430807,40314,52297,96799,50661,33585,76088,02104,54296,82658,19005,98378,0633,6658,1432,0304,180,44
TienGiang,27-01-2019,323810,77542,69265,32647,23213,39706,57351,49068,73570,83860,44356,20166,5718,3463,7210,1868,241,86
TienGiang,20-01-2019,325576,11370,72465,01328,92635,18782,30251,05808,34202,71522,99396,06575,8488,9112,5087,7750,834,37
TienGiang,13-01-2019,952263,50357,29823,13445,11394,62512,74724,42404,31352,83401,86249,58267,7019,9527,0001,6931,010,36
TienGiang,06-01-2019,755583,60670,99639,08710,24481,75363,35888,52890,17138,61594,15195,84231,3659,4885,2150,7918,958,97
TienGiang,30-12-2018,412470,71199,48637,49169,56392,74103,62659,35181,87554,33306,20207,21491,1638,6206,5932,7215,120,95
TienGiang,23-12-2018,058338,08463,38646,37358,02161,37696,38204,24231,48707,41158,50458,20790,8571,2586,5179,2652,066,00
TienGiang,16-12-2018,073524,01395,22290,46281,45991,50407,24334,61192,90869,52219,47021,73979,9675,3656,1977,6893,563,95
TienGiang,09-12-2018,921563,89008,63708,07906,37426,39477,73928,31402,65008,89674,51496,07078,0583,2133,5631,7263,387,55
TienGiang,02-12-2018,549272,11739,25542,46265,48583,36870,61866,41494,28625,87999,83678,97421,3663,3895,1043,3712,266,99
TienGiang,25-11-2018,656198,83971,05487,44049,90421,61661,21979,12336,13503,33520,72992,01291,9191,1695,0183,6610,031,64
TienGiang,18-11-2018,512653,85736,78995,05073,67920,56608,74592,80269,82876,65176,29468,50862,3730,0737,6826,2600,856,43
TienGiang,11-11-2018,506839,25016,18981,99375,88354,11376,29894,95460,05560,15485,33032,15227,6265,1792,7043,8168,632,36
TienGiang,04-11-2018,448316,23866,76235,82191,65385,54420,35168,42371,34579,54623,04085,36131,8554,1748,1272,5606,758,73
TienGiang,28-10-2018,878885,60854,65054,52199,36622,55930,95379,39419,46788,17916,81412,77969,3387,9533,5586,1731,135,58
TienGiang,21-10-2018,903291,57426,00481,12157,82894,30663,99650,93012,26401,56430,57307,04955,8453,6649,9664,7180,982,01
TienGiang,14-10-2018,733388,32559,91862,92392,88936,16027,54058,85601,59658,59774,57865,62554,9054,2824,6360,4323,234,84
TienGiang,07-10-2018,817385,96372,25065,38352,04351,90594,32592,49118,68217,94118,50625,89118,7001,2931,3499,7260,340,50
TienGiang,30-09-2018,112516,95529,84377,83150,10327,26507,90476,53080,40054,06439,79002,53384,4095,2531,4059,9156,757,49
TienGiang,23-09-2018,103427,86893,90614,43584,75794,49785,32400,33054,90718,27767,82028,16954,1243,0702,6312,1685,853,27
TienGiang,16-09-2018,832927,53018,37086,06904,88890,17036,47976,69726,31933,80147,73210,70415,5707,8766,9236,8532,341,08
TienGiang,09-09-2018,136323,29519,93981,08835,60400,80364,81953,72084,45396,75513,49115,99089,0101,4457,8210,4036,507,22
TienGiang,02-09-2018,159665,61079,76475,11692,53753,55679,86269,74419,35159,98084,16812,32700,5770,4146,6009,9875,838,20
TienGiang,26-08-2018,599769,73779,00075,58562,41668,79003,05003,55792,58978,98439,32624,58338,0227,9541,9841,5716,063,83
TienGiang,19-08-2018,451913,98306,57468,61003,19050,87981,25308,83508,73568,04077,60804,13285,4395,9271,6034,1343,979,54
TienGiang,12-08-2018,839525,50431,39747,29295,91315,06086,12403,71690,63347,22016,18050,00017,3944,8890,2045,4685,755,28
TienGiang,05-08-2018,819386,22705,40509,48960,48380,68113,80690,83452,24235,39514,61908,50296,4045,6768,9529,6834,888,36
TienGiang,29-07-2018,979393,06916,78375,14959,72120,51895,43679,89741,80088,35952,51625,53760,0452,0766,5509,2465,863,79
TienGiang,22-07-2018,109756,00490,61247,07434,44152,96889,59322,85291,54496,45066,54230,47975,5062,3563,0890,7572,837,99
TienGiang,15-07-2018,562286,39614,44933,70893,58483,73266,47377,12533,88008,93274,03122,87511,2004,3430,8353,5953,252,55
TienGiang,08-07-2018,864312,54602,01696,90083,22729,39505,10460,91344,08191,90926,03478,38565,6771,3439,3393,4628,432,63
TienGiang,01-07-2018,613118,55948,17158,22785,56217,01290,77831,53905,45893,16161,89246,23971,7104,6839,7018,4975,768,42
TienGiang,24-06-2018,428584,06831,22831,19118,20401,38835,86294,33030,86619,82143,34744,29924,2591,2511,0651,3979,938,09
TienGiang,17-06-2018,665869,43917,91023,30432,62046,96743,25688,84255,48124,87221,28548,07316,4872,7578,5736,4715,300,45
TienGiang,10-06-2018,587315,93153,12038,35376,24081,00891,43430,61736,06538,09011,32106,61293,2503,8196,7201,3397,185,64
TienGiang,03-06-2018,753447,05651,55662,66571,63742,83935,35909,80274,71281,65036,19809,61936,9080,2468,2383,3824,256,07
TienGiang,27-05-2018,799397,46245,33967,97760,51079,89160,68442,72256,14522,73416,52382,12042,1624,2357,4759,5377,997,53
TienGiang,20-05-2018,104825,81944,07232,88846,95940,23283,63168,13983,12925,97812,10431,81082,6068,7060,8984,3634,058,05
TienGiang,20-05-2018,104825,81944,07232,88846,95940,23283,63168,13983,12925,97812,10431,81082,6068,7060,8984,3634,058,05
TienGiang,13-05-2018,372540,34096,71609,07611,16460,32428,56233,29224,70849,20669,17458,89764,5018,5313,0922,1814,696,19
TienGiang,06-05-2018,192854,51333,25270,24278,74885,54380,82874,67586,63497,32057,13779,46003,1684,9605,6995,2270,386,37
TienGiang,29-04-2018,733578,40973,80377,82050,48790,51032,13669,38305,66125,94628,61413,03788,9608,6644,8827,2717,213,09
TienGiang,22-04-2018,788097,34753,23533,87204,00888,42285,10791,92420,53043,23801,54460,21308,8425,6861,5380,8337,182,45
TienGiang,15-04-2018,119519,03330,66049,46880,41673,95521,26862,47127,83598,60291,97211,45409,2862,5908,6378,0519,434,96
TienGiang,08-04-2018,873882,82853,46248,66177,35904,96378,66325,60610,56606,38810,76437,92618,7594,9822,5674,8272,882,53
TienGiang,01-04-2018,060794,41707,35657,89441,57493,48907,85860,83522,01015,58554,47998,76562,2097,4097,8335,9353,739,95
TienGiang,18-03-2018,855462,98963,66250,38762,36362,43140,74030,50880,40371,21280,11036,50840,9636,3627,3344,9238,374,75
TienGiang,11-03-2018,832932,69579,75075,98012,72660,50791,52804,60960,41529,05350,54363,30452,2942,7047,2261,8746,688,10
TienGiang,04-03-2018,499142,47041,20109,42475,55532,97500,60260,45326,17632,93297,54078,43853,0536,8101,7010,2497,022,89
TienGiang,25-02-2018,671120,63097,73009,83269,79875,47154,77793,66802,12072,37956,53126,18992,0860,6460,6012,1292,682,86
TienGiang,18-02-2018,981926,51958,85429,09999,05019,85795,04865,75739,27966,29805,57603,71980,3842,9063,8548,0004,730,58
TienGiang,11-02-2018,896352,69743,52154,27128,67215,80459,10200,68084,50940,93681,78842,63081,9636,4286,1872,7517,586,23
TienGiang,04-02-2018,504867,04295,06626,42389,23321,97529,94263,51846,53206,60796,60426,64698,2828,1826,6575,6193,641,45
TienGiang,28-01-2018,270459,83612,66199,04030,64028,99517,87728,62268,42130,69878,43795,21265,4636,2379,9852,0792,150,53
TienGiang,21-01-2018,834480,43195,15073,63424,32471,73027,36945,39644,68104,58920,17362,40697,2122,2202,8585,5089,951,84
TienGiang,14-01-2018,394486,94718,27122,10204,58921,26747,01654,22420,12091,57945,40720,56431,9416,6950,8840,9464,916,37
TienGiang,07-01-2018,981951,25715,84320,40281,12799,34729,01023,97402,49573,11516,49487,29265,1037,1893,7698,5322,580,31
TienGiang,31-12-2017,890656,25927,70492,98563,46648,61815,27519,93739,92343,15594,94866,70780,9149,5973,9680,0072,737,43
TienGiang,24-12-2017,554363,13932,08938,27848,24742,90488,20572,77480,15122,50504,09831,94670,8742,1275,7358,2111,454,56
TienGiang,17-12-2017,344639,32472,54508,90595,22677,63001,14986,22950,43587,87996,39126,13382,3944,4397,7814,8648,439,44
TienGiang,10-12-2017,733861,46671,20993,39700,83550,03391,13944,67967,85319,22803,12848,32613,8243,9089,6333,3289,787,50
TienGiang,03-12-2017,797229,32114,69965,39301,34502,25160,61076,72923,36732,31787,63128,69487,7424,3138,7482,7247,120,30
TienGiang,26-11-2017,386902,49600,23284,16854,24227,08917,66920,58173,20736,00814,79283,52075,5345,4777,0192,9394,666,53
TienGiang,19-11-2017,092743,99578,09593,93933,17703,04433,62172,47622,95029,80836,15012,30888,8909,0056,5702,5216,986,20
TienGiang,12-11-2017,367131,17582,16996,29868,33883,90767,78643,21291,08138,94454,87466,85186,3936,8105,2788,9962,244,08
TienGiang,05-11-2017,630031,11379,07026,62216,79108,07861,79062,63042,45899,75444,10561,35945,6007,2095,9551,2766,234,54
TienGiang,29-10-2017,856381,17306,11806,45191,46495,51635,87734,36755,45218,86884,03069,65045,1746,6116,9689,1347,589,16
TienGiang,22-10-2017,597103,40445,68182,11649,00562,03852,57746,44087,79189,12732,93495,54000,7553,3162,8443,4117,956,76
TienGiang,15-10-2017,707506,94292,19978,42206,17354,48628,97526,08789,86362,06465,50428,83553,1084,7092,3053,7159,583,08
TienGiang,08-10-2017,804234,68517,77589,70222,56878,60375,26301,91816,79359,46221,08648,60393,7272,1802,2029,9356,894,38
TienGiang,01-10-2017,571987,75244,59170,78936,27706,22952,81805,83282,34738,30616,51457,79554,2797,0185,6426,8137,388,00
TienGiang,24-09-2017,913435,31096,63248,69264,41638,41107,51271,66436,22605,73312,03858,74612,0285,1808,2775,4526,469,74
TienGiang,17-09-2017,482457,80875,37309,56897,28102,58373,51495,26292,64332,40727,76128,62344,3901,1822,7619,4361,995,81
TienGiang,10-09-2017,352158,09947,70616,73226,72308,66582,79385,50961,35123,49842,00158,56572,0256,1747,2759,0206,951,23
TienGiang,03-09-2017,606883,67663,15431,37483,42421,74387,26575,22802,04940,10068,77525,13971,0266,3254,6244,8495,192,57
TienGiang,27-08-2017,799470,02530,83595,30187,17082,98980,00923,40798,26816,59821,37056,46507,2569,8477,4132,0487,426,89
TienGiang,20-08-2017,958545,36560,86272,46051,77672,20117,90004,86175,39458,94051,67353,63375,6611,6805,4742,5064,059,77
TienGiang,13-08-2017,841522,92096,96813,26773,69103,80113,90560,23003,99103,13820,92209,86385,7289,5470,0907,3623,030,58
TienGiang,06-08-2017,135444,17608,98909,49948,78087,00064,62764,33842,71855,88322,48875,49367,1860,5161,6296,8931,931,12
TienGiang,30-07-2017,618122,85375,52122,72781,82848,91452,93023,74492,27556,46933,69954,97841,2916,6148,7834,0179,813,22
TienGiang,23-07-2017,982923,14339,99572,99038,38594,39398,57138,87814,68514,46004,42435,56441,1245,0004,1194,4473,328,04
TienGiang,16-07-2017,549971,75315,51785,15526,23588,53626,12931,48909,58923,23091,00782,91674,3100,3070,5344,7088,267,92
TienGiang,09-07-2017,721981,16471,74240,60200,91464,03147,26338,47537,37963,28726,26925,37082,6740,3808,6219,6583,982,71
TienGiang,02-07-2017,251394,06241,59187,76875,13876,19514,96836,59434,41127,33106,24253,24183,7205,1373,3115,1701,565,69
TienGiang,25-06-2017,236559,00140,34524,25741,14346,88032,75088,64382,70295,26530,42646,61384,1780,6651,8543,0020,806,83
TienGiang,18-06-2017,196318,81736,66536,32682,10782,40878,39091,49395,16308,61807,92286,67534,2370,5337,2941,4873,616,47
TienGiang,11-06-2017,510631,95673,34726,40342,08791,11766,09472,75645,53172,89109,61723,26430,6783,1527,1517,3186,890,75
TienGiang,04-06-2017,480817,03253,19249,91556,73273,16321,63803,25841,28845,47994,11141,73785,2280,2600,6675,8686,358,07
TienGiang,28-05-2017,577110,03058,39096,88316,83341,50419,43516,84121,58798,03115,67912,51976,8672,0406,0783,3362,187,07
TienGiang,21-05-2017,117434,85689,35611,80011,05450,18181,35782,66168,94733,11156,13428,87654,8117,9689,5617,7840,732,93
TienGiang,14-05-2017,165045,99335,96426,62795,23031,88457,03550,05864,33310,57434,23150,83691,4451,1368,8476,5058,821,38
TienGiang,07-05-2017,734945,39727,63108,98514,61074,90324,90836,89097,59310,70696,84330,20607,0406,7036,2865,0511,896,30
TienGiang,30-04-2017,149090,45239,96564,33969,71966,53908,40630,74865,46241,88777,67116,45937,4739,3237,5621,6056,756,95
TienGiang,23-04-2017,703432,16233,18458,01567,20546,34669,30395,49399,94197,93174,46134,63885,4387,8485,5494,3192,616,27
TienGiang,16-04-2017,106599,19204,58871,69619,17501,55974,09117,67685,48622,92789,15654,05863,4788,8145,1663,9386,030,10
TienGiang,09-04-2017,254901,30292,50183,53931,03182,03027,01597,93847,06520,92564,24668,19711,5503,8874,0980,8302,810,88
TienGiang,02-04-2017,370367,75565,26141,26789,23818,15817,01084,38212,05830,62308,71612,52527,6965,9311,7358,6663,691,47
TienGiang,26-03-2017,759233,86281,55775,27120,18839,17975,29985,39706,28691,08265,04900,52229,5383,8570,5439,6450,242,26
TienGiang,19-03-2017,201327,10121,40524,62381,69699,06913,30135,91370,79540,68911,36319,30472,5605,7107,5772,2623,077,27
TienGiang,12-03-2017,861820,60167,50519,56148,08761,84259,94328,22217,25042,94964,56635,13141,9882,2456,9620,7511,057,28
TienGiang,26-02-2017,592399,61246,39858,00907,35856,41571,11259,74694,74002,13307,34936,37042,5066,2167,4277,4440,197,73
TienGiang,19-02-2017,827616,69927,79461,22093,78342,66143,31709,85417,51236,47855,61506,02614,2660,1697,6341,3685,114,68
TienGiang,12-02-2017,378604,74333,83996,10664,65196,59481,77636,72194,86652,20392,09403,11707,4460,6059,8286,7662,495,90
TienGiang,05-02-2017,343365,45040,95392,10237,35005,76062,37512,97880,91653,20820,98950,46735,9420,8800,9201,0059,819,39
TienGiang,29-01-2017,326801,13733,98823,67300,05938,10434,35940,98752,77431,05046,20192,57275,0597,7818,1507,2035,045,60
TienGiang,22-01-2017,576141,25978,24313,77992,89718,48854,31697,18969,61533,05583,88921,52256,0494,0958,3628,3012,103,57
TienGiang,15-01-2017,745377,82302,60359,49041,24550,21705,46595,02097,64844,99869,73533,61172,1146,5706,8070,5086,731,75
TienGiang,08-01-2017,002709,61808,42491,88411,08465,95299,93181,06086,29840,04428,20356,93429,0114,6234,3229,8265,120,19
TienGiang,01-01-2017,910946,70975,77384,48322,84126,63828,22967,25052,25168,71548,63552,67851,1335,7110,5573,1765,059,31
TienGiang,25-12-2016,208521,53429,06067,23177,47865,52724,25523,85666,54449,34861,88629,87267,8531,6553,6064,7612,723,12
TienGiang,18-12-2016,871524,31857,10836,57261,31349,14896,71488,96305,94558,62130,57222,89686,2610,5328,4305,3379,589,47
TienGiang,11-12-2016,753613,45938,17172,11423,38388,51903,20810,20247,11490,60071,10693,00029,3781,6139,3095,6978,178,25
TienGiang,04-12-2016,828599,22089,60811,51952,06738,62428,02167,66964,18524,93560,13041,25908,7081,1084,9126,2450,742,68
TienGiang,27-11-2016,494023,34531,45530,28789,34039,80559,32276,09887,17509,75441,15376,60632,6516,9912,0316,2941,277,53
TienGiang,20-11-2016,731034,64002,75695,15634,12439,16236,82753,22176,36168,35173,79265,05494,3587,7929,1807,3316,993,68
TienGiang,13-11-2016,229144,90305,86004,50074,17988,46763,82920,71494,01795,70573,80199,26521,7279,7590,8027,8209,564,38
TienGiang,06-11-2016,684135,01056,01092,56214,24841,30223,11992,22835,71642,75491,18917,35672,6743,9295,5265,2473,040,14
TienGiang,30-10-2016,886581,79181,33575,85715,46185,19947,54327,61361,12466,55348,50769,85065,5949,3683,0213,7939,073,42
TienGiang,23-10-2016,426999,83801,10258,83379,79884,98681,14210,33967,74668,13920,72171,37816,6279,7319,3063,6968,731,71
TienGiang,16-10-2016,798777,52668,46223,99275,69609,22488,12752,98575,68777,11689,21952,10328,3750,8204,8188,8676,943,94
TienGiang,09-10-2016,093620,12274,27840,33662,15852,97658,19091,88443,38492,92820,28149,57552,3123,8038,4568,2065,368,30
TienGiang,02-10-2016,186810,28490,88696,10912,76414,18670,91498,27173,59117,44142,98893,90263,4212,9982,8382,4414,782,69
TienGiang,25-09-2016,959528,86271,04090,10246,31486,97514,73147,83185,92618,97269,90329,95718,8727,0353,6120,6422,771,18
TienGiang,18-09-2016,483175,77137,81388,64116,85470,48689,27958,25963,34424,67561,25824,36269,7521,7299,1671,2225,378,81
TienGiang,11-09-2016,752521,44113,10034,70583,40798,66081,76182,78038,23273,92883,14741,93653,9602,7197,4315,4643,264,92
TienGiang,28-08-2016,891251,27108,08597,61579,05693,79135,29194,52202,46661,70097,06153,84461,5364,1688,3925,6723,663,76
TienGiang,21-08-2016,322001,02012,47613,28660,99599,60845,31271,73002,79436,79789,79507,33161,8112,4201,4669,5295,847,54
TienGiang,14-08-2016,828736,70644,00255,98469,98144,21085,97476,47143,14092,65074,98157,68676,0167,0461,5493,1147,955,34
TienGiang,07-08-2016,427137,64990,40216,99520,53981,28765,24100,56099,82294,75953,99730,04110,2691,7050,6925,7895,457,21
TienGiang,31-07-2016,156333,79889,94091,71049,07656,18628,54073,60797,29956,51639,15936,55829,1635,5932,3745,5702,354,09
TienGiang,24-07-2016,871295,38346,39083,12282,10261,82524,48387,70364,08963,66710,20987,30658,4890,9733,2700,9815,262,04
TienGiang,17-07-2016,146118,30976,38140,84023,54693,23028,29022,60222,28881,90418,97783,83332,4116,3670,2530,6776,456,34
TienGiang,10-07-2016,113839,94999,99076,23760,03867,39960,21563,31756,45037,49358,56047,60659,2145,8263,6595,6960,574,19
TienGiang,03-07-2016,678551,80790,19522,32553,41730,46375,86869,14869,67563,32117,85581,08673,5221,9175,1066,2365,013,23
TienGiang,26-06-2016,190642,23893,04597,86054,43145,02835,84851,95315,42372,59311,36960,13770,6857,7684,7179,1479,309,78
TienGiang,19-06-2016,554594,86122,61022,32375,01156,55377,90668,06974,10100,83250,50676,09426,0649,9199,3572,5586,003,12
TienGiang,12-06-2016,773275,12233,61230,96109,27712,48596,70120,98934,93049,53256,79468,18992,9064,9295,8333,5890,671,08
TienGiang,05-06-2016,176048,07760,47676,17817,31652,91814,50269,69656,45754,19096,10209,76448,2620,7943,1544,1994,555,13
TienGiang,29-05-2016,595794,43993,64334,06183,24775,39959,65418,06872,12437,72522,65187,51983,6750,8428,3268,6681,538,93
TienGiang,15-05-2016,781248,57539,53187,17998,35008,02291,16354,93061,85945,37742,08076,50820,2426,3811,5910,3741,277,77
TienGiang,08-05-2016,818977,35038,54856,40456,66777,00854,05939,43299,89094,24478,55258,30385,4801,2387,6179,6766,305,39
TienGiang,01-05-2016,351912,65983,97433,74802,83879,59639,57394,19190,10242,81254,76712,20976,9280,8507,8542,4970,495,08
TienGiang,24-04-2016,581115,02541,35271,49849,50343,32537,95904,01573,95832,35453,23254,05755,0712,4479,3543,8957,087,97
TienGiang,17-04-2016,749941,15575,63765,12100,10319,11260,23046,81797,02323,66365,93724,59511,5270,8828,3846,5406,130,86
TienGiang,10-04-2016,865641,93671,36287,84890,25895,48175,08368,40364,61671,02067,71287,05614,5700,4773,5079,6659,559,26
TienGiang,03-04-2016,521831,96339,21531,93157,45432,55968,50111,32731,13969,00207,77871,56270,0313,9365,5650,9871,175,69
TienGiang,27-03-2016,492922,83952,20986,84265,33129,91235,58574,53040,33036,94800,22567,48386,7473,8960,3909,8152,722,97
TienGiang,20-03-2016,912939,23778,63479,54400,65940,04411,64153,17139,79296,92498,23742,69731,5330,2415,3203,6472,445,53
TienGiang,13-03-2016,521340,41214,66779,07492,51899,01185,20705,43618,94387,79745,28258,27526,9266,2789,0600,6587,490,81
TienGiang,06-03-2016,259750,05595,99478,34616,58315,68849,03630,15469,15970,13935,43854,69534,5826,1208,4479,8419,364,63
TienGiang,28-02-2016,237105,14989,25006,06649,32899,00131,48377,34991,95921,76635,91863,69861,3256,2390,1896,7718,304,29
TienGiang,21-02-2016,090147,17307,25217,46442,88692,89314,95653,53556,76597,10548,31145,95047,2938,7031,9246,9949,519,36
TienGiang,14-02-2016,233801,68937,81308,61462,43250,78973,53777,42551,25741,81989,00351,39365,0777,0583,0998,0736,575,47
TienGiang,07-02-2016,416005,26224,57844,61776,05721,45250,68295,72726,72963,41305,99087,42526,9908,0943,5902,0008,690,42
TienGiang,31-01-2016,302079,64474,80967,89558,45774,98936,19236,56839,83618,59746,02553,52714,9856,9129,6904,4832,201,16
TienGiang,24-01-2016,728639,59781,77164,07812,01370,75962,71572,38419,46141,96249,40265,00771,1092,8254,0664,2065,604,25
TienGiang,17-01-2016,907910,25651,34134,99670,64987,07720,06970,13701,85752,44668,52308,03801,1920,7678,6399,3160,063,70
TienGiang,10-01-2016,347349,95836,30254,02794,65129,36367,39720,52801,19438,32661,53894,18929,0348,0852,0706,0639,235,79
TienGiang,03-01-2016,717544,30203,77190,86193,06146,83648,18175,21862,27985,29581,62148,88010,5009,8294,5758,8569,901,86
TienGiang,27-12-2015,747110,63103,57892,29527,35472,71535,10279,71625,11646,36972,76664,38406,6790,1438,3034,8692,322,37
TienGiang,20-12-2015,912927,51819,36900,22471,46271,71592,95052,95202,66743,57401,49418,89228,5015,0368,3958,9816,147,58
TienGiang,13-12-2015,170091,21950,38168,84756,16255,48819,27092,78948,51470,66988,04304,16457,7103,6886,6350,3916,296,47
TienGiang,06-12-2015,849923,49525,69049,92803,57485,02978,44250,56971,84431,52494,06790,57065,5915,5884,1810,3314,938,93
TienGiang,29-11-2015,262881,55087,38802,60495,97724,97049,84298,21741,66124,53548,72330,51899,2392,6913,0662,9791,180,50
TienGiang,22-11-2015,252090,14736,74318,40575,70142,66536,08527,31077,12402,25684,46368,25664,1562,2577,8437,7525,284,27
TienGiang,15-11-2015,043282,33852,94462,96714,57375,49380,00510,85886,09347,33911,70134,42201,2033,4222,0682,6032,083,81
TienGiang,08-11-2015,750442,65909,18197,79875,03775,92623,02180,67084,58205,76643,14746,63264,0790,5672,8114,4857,909,63
TienGiang,01-11-2015,633524,11636,22799,38155,50259,14589,10537,37299,16636,37784,09751,24233,7135,4836,4036,7184,066,93
TienGiang,25-10-2015,903561,37159,71779,49428,48802,97140,85964,49143,20231,29790,23483,82091,0749,0612,9476,0867,140,79
TienGiang,18-10-2015,499163,46008,44721,00408,30423,69516,49669,23484,48884,21997,04054,73276,0673,4074,6090,9853,105,16
TienGiang,11-10-2015,848053,24618,76378,57484,32145,81714,46807,04159,84104,39545,40390,31111,1538,6349,1590,3989,228,87
TienGiang,04-10-2015,211400,70613,34775,88465,88917,57148,29179,45754,32723,92031,69601,47209,3198,0313,8039,5949,854,15
TienGiang,27-09-2015,289647,70602,49368,97232,06868,31074,94227,63320,93213,95174,25119,11162,8062,2830,7643,2080,941,77
TienGiang,20-09-2015,636558,02457,03338,93865,29492,31063,72648,15012,03662,83901,17070,16613,2129,1099,2743,5323,224,65
TienGiang,13-09-2015,204345,33084,70893,89402,74246,33371,40278,62985,17139,63268,37389,83238,1321,2940,9080,7928,734,53
TienGiang,06-09-2015,971508,62050,59214,51259,99211,19549,15124,19793,24238,69950,20180,99448,0578,4525,4505,2876,431,26
TienGiang,30-08-2015,987184,00894,55295,40433,34962,05732,70853,68287,31639,08961,39727,28063,6662,5358,9237,4856,052,97
TienGiang,23-08-2015,460288,33310,33995,04896,37371,19307,98825,18736,03278,42611,77304,90577,8888,1914,9273,3904,758,76
TienGiang,16-08-2015,306354,62067,21751,28042,69198,48620,84014,24864,99400,58072,91241,78663,8426,2175,9346,4019,201,28
TienGiang,09-08-2015,017084,57021,74336,46724,40795,17628,72672,06197,07453,18998,54749,48680,5423,4386,3585,1296,703,69
TienGiang,02-08-2015,429752,86027,08833,24284,05509,17734,93219,24421,97467,26954,06690,72786,9380,7939,7022,5137,351,85
TienGiang,26-07-2015,082490,12638,08788,27058,44282,92273,81009,72520,29724,77949,23014,92277,7221,8004,7022,0803,031,60
TienGiang,19-07-2015,963970,36275,28180,13713,46582,44700,96695,23834,68284,40028,22932,62960,8986,8941,4422,6117,617,07
TienGiang,12-07-2015,960433,95843,60364,82156,86848,68844,75857,98219,01509,75227,60520,61944,4912,2165,4315,2309,272,39
TienGiang,05-07-2015,018051,95939,58656,08250,11168,98413,15955,35057,92894,22791,32166,81527,5358,1308,4959,8324,023,20
TienGiang,28-06-2015,963933,19091,62199,91736,23068,22452,53198,19786,58143,62394,38566,79984,5311,2178,1411,3610,741,97
TienGiang,21-06-2015,213140,08886,65790,89113,36841,43798,49006,95691,53455,43572,65657,08299,1329,9222,8516,0739,968,94
TienGiang,14-06-2015,054768,33595,51335,42166,46394,02516,02371,51671,75165,84307,70097,49691,8749,6370,8002,2561,815,90
TienGiang,07-06-2015,081814,36658,67564,01654,51818,39320,50777,58263,04781,12436,43727,76600,3629,7664,3916,5094,495,26
TienGiang,31-05-2015,280772,88367,61554,58703,77628,45525,51862,82838,49895,91947,27193,08522,8583,0135,9290,8886,616,03
TienGiang,24-05-2015,760790,48289,88622,87370,13340,97893,07681,59685,41905,94884,92222,65047,0420,7022,3486,1182,046,26
TienGiang,17-05-2015,711668,76937,53543,73448,28002,18808,82451,51596,72607,07307,64247,00501,0290,6665,7902,2904,280,22
TienGiang,10-05-2015,275082,44696,74038,47702,43314,34522,24276,90192,34411,63430,88260,99446,7919,7217,5688,2688,625,54
TienGiang,03-05-2015,623123,22846,93452,64719,07548,50424,78849,22391,64705,99747,88308,39477,0427,0002,1972,6062,239,27
TienGiang,26-04-2015,305332,45029,42391,49058,25347,82311,39513,86059,40900,35610,70703,31135,3230,8192,4525,6300,870,50
TienGiang,19-04-2015,263962,81406,15934,04292,94838,25182,03397,72720,32217,63444,77577,21951,8849,1668,8711,3112,467,90
TienGiang,12-04-2015,242887,42271,00703,35988,88001,00355,99114,42096,18445,11531,11455,95280,4691,0130,4513,5735,480,40
TienGiang,05-04-2015,788395,42048,96394,00979,65790,56962,83030,04083,54416,53078,57983,85598,4128,2069,6807,1366,912,26
TienGiang,29-03-2015,038022,17459,11558,11543,88777,44180,93496,40821,48544,55594,13033,62248,6218,4975,1203,0667,502,13
TienGiang,22-03-2015,481904,50787,18892,57540,63808,13599,24890,92874,16854,99545,71039,51538,0821,6005,2648,9225,103,33
TienGiang,15-03-2015,388081,22340,10646,18404,57038,74420,24159,23143,18761,91874,79834,46506,3907,2238,6633,3880,324,34
TienGiang,08-03-2015,717778,36052,69175,40585,43806,54569,67271,06766,27566,83665,29923,22314,8861,9177,7587,6278,463,54
TienGiang,01-03-2015,227269,12003,64230,10277,74926,59149,08310,18732,94892,14498,45278,92100,6143,9704,3098,8951,437,15
TienGiang,22-02-2015,249777,64927,26777,24746,31123,18278,54175,59108,34950,44814,37619,82468,5077,4319,6181,4478,321,65
TienGiang,15-02-2015,180853,19207,95803,05933,09298,08044,80032,63138,71191,90416,43810,51475,4794,0568,3855,3111,146,56
TienGiang,08-02-2015,202501,26458,43800,26026,27376,11513,53857,21918,46077,75694,56278,50928,6972,0422,8570,3931,058,72
TienGiang,01-02-2015,667628,43843,65113,10479,00884,69962,94125,97890,02464,44051,55709,66195,2850,6272,0213,4074,038,78
TienGiang,25-01-2015,442721,05068,34825,78592,81144,68405,91825,31049,17958,79155,61881,80306,9572,2273,9260,1782,769,72
TienGiang,18-01-2015,923117,92951,18104,14559,60453,46164,67097,38363,56489,40882,55557,82630,6943,4556,5527,7781,406,66
TienGiang,11-01-2015,953435,92108,47476,44394,60403,17641,26298,11348,69905,82994,54458,42940,1652,2114,0899,0293,572,58
TienGiang,04-01-2015,546106,82660,07312,81648,33156,89817,80538,26583,15528,84935,96061,72994,0812,1225,5242,3408,180,82
TienGiang,28-12-2014,938653,43944,64611,21466,77222,90659,40817,08149,07939,92154,64701,86309,2795,1062,6883,4260,783,72
TienGiang,21-12-2014,349721,39525,85877,95698,73463,17115,48014,06678,98896,85950,33871,87722,4735,7865,0835,4881,839,78
TienGiang,14-12-2014,365716,51577,99933,24584,18283,11001,66013,67035,67719,53596,56333,76074,9325,7290,9373,1760,196,73
TienGiang,07-12-2014,509554,61604,25613,13191,19900,10599,27450,64848,28771,59272,08236,74140,8127,5056,8970,9715,547,82
TienGiang,30-11-2014,945532,50092,45214,05095,74296,57348,47957,49782,32879,50526,24614,11178,4882,8769,6967,8310,624,43
TienGiang,23-11-2014,500368,53441,09181,49094,31150,71164,16283,53714,54860,16037,86774,97848,0965,3771,6440,0389,634,68
TienGiang,16-11-2014,493777,13158,13849,38285,74440,22722,02642,73698,77275,05961,55287,21537,4310,0136,0143,8148,256,41
TienGiang,09-11-2014,258450,69131,04962,80010,19991,41145,16695,09421,63804,25898,08633,99214,7239,5100,0754,6189,733,95
TienGiang,02-11-2014,545150,78387,06256,39415,15189,90260,01471,58016,40732,68891,50834,93561,3390,1556,3656,4176,016,23
TienGiang,26-10-2014,385825,18209,68743,04750,99531,07051,07351,90425,91728,36914,10699,17082,4912,8319,4972,9057,328,51
TienGiang,19-10-2014,902751,67756,14129,14141,07172,23443,89720,02358,30760,58127,14610,41590,7631,3295,9782,4881,071,63
TienGiang,12-10-2014,506167,95236,88670,95248,13342,32661,56717,97557,21366,58763,73118,62884,7015,6751,0152,0725,717,70
TienGiang,05-10-2014,026624,31786,60474,13323,03771,11287,63116,47301,59181,81355,88153,36178,4636,7971,0133,5455,247,49
TienGiang,28-09-2014,378106,52663,47920,16145,62355,26830,47094,83666,19565,84768,68900,27041,4926,0380,9297,9239,186,65
TienGiang,21-09-2014,200959,09519,38600,14973,99196,33068,75458,12052,73409,82715,14090,96662,5095,6310,5630,1512,982,38
TienGiang,14-09-2014,926635,66943,81261,30188,96866,83456,37690,30718,89889,73663,03766,11246,1249,8462,2161,0495,352,22
TienGiang,07-09-2014,298716,04777,15504,09556,05837,01766,25949,56935,05744,77113,29348,41195,3857,7858,0867,6563,242,90
TienGiang,31-08-2014,768455,42639,66107,13693,51194,01737,43110,04189,54390,25100,61420,73802,9120,3406,8953,1603,624,18
TienGiang,24-08-2014,695393,03794,18040,38107,75904,39483,67407,83346,13327,19408,34328,26001,9317,6548,9864,9282,602,01
TienGiang,17-08-2014,410752,78202,15048,21864,16618,38860,65833,60668,30816,17422,46061,62148,1616,7076,6877,3354,667,15
TienGiang,10-08-2014,350877,36217,53049,84280,52212,26327,42408,11134,42821,95947,53916,19700,4361,5913,7176,6947,938,81
TienGiang,03-08-2014,568955,73354,45287,41527,45786,97628,10163,74778,18814,81435,32037,24567,8448,3598,8439,6748,157,95
TienGiang,27-07-2014,506651,65762,70252,47263,84330,18908,02191,61360,28489,15120,67687,66836,5526,3538,4937,6969,318,24
TienGiang,20-07-2014,309427,87121,39144,75939,36081,59009,30180,53810,85899,95679,64053,57661,7853,0293,9167,0074,996,86
TienGiang,13-07-2014,995396,88329,80242,56216,07005,22130,95933,49232,79564,18861,30857,18882,3301,2433,8217,5455,221,48
TienGiang,06-07-2014,187148,55195,23739,13152,82061,93692,23171,31437,71683,49222,16238,27636,2849,3900,1751,8318,601,33
TienGiang,29-06-2014,574181,78004,14677,24985,47801,97392,94431,80975,26761,59679,37090,25043,4261,5620,2370,7950,038,33
TienGiang,22-06-2014,951888,11997,12556,29939,78144,76890,37566,36269,57628,76881,28425,10604,0296,3414,2515,2461,326,52
TienGiang,15-06-2014,267213,38495,32671,72288,35106,62995,69138,74321,08016,65448,15156,89034,4741,8034,9927,2717,924,62
TienGiang,08-06-2014,633825,53388,52957,91275,59825,77891,29822,34237,64963,31308,84574,01937,5145,5279,2044,1447,915,69
TienGiang,01-06-2014,393085,87282,19194,76485,56375,61269,00969,10569,05728,76059,84405,72754,6867,4092,7516,1041,098,63
TienGiang,25-05-2014,882994,94550,60131,74588,64232,54052,43886,94448,49810,99502,97459,01149,7518,5955,0733,8404,755,12
TienGiang,18-05-2014,019521,81603,55679,41540,32842,21438,05714,89478,25959,36891,35364,51048,9622,6212,0401,7474,733,10
TienGiang,11-05-2014,419218,50741,86445,06395,59561,68528,50277,69074,41571,52061,24222,88708,9907,2842,1294,6473,911,63
TienGiang,04-05-2014,082216,54620,51183,33182,11212,73130,81732,09676,58312,71551,43514,20786,3355,5030,3413,7547,485,93
TienGiang,27-04-2014,264592,38421,05653,60818,56194,74621,87964,84345,65762,62642,60688,76056,6165,5669,2857,1267,884,14
TienGiang,20-04-2014,953177,02410,06512,13265,55689,94972,75835,63043,80596,71976,40961,81677,5565,4880,6065,8068,982,95
TienGiang,13-04-2014,687701,63560,97851,25138,06523,87460,23322,25136,05769,23210,32146,21863,6519,7002,5601,2745,776,60
TienGiang,06-04-2014,296477,51483,75998,01086,69402,14753,56084,68482,77594,55075,28807,30677,3632,2112,4299,4427,441,51
TienGiang,30-03-2014,665569,71339,64935,09786,42832,83662,22013,74376,66100,38894,77146,64343,3885,5591,7177,3363,621,85
TienGiang,23-03-2014,617379,42212,60723,83467,21944,94637,20782,77882,87989,59514,07196,72635,4619,3841,5958,7239,604,14
TienGiang,16-03-2014,052931,88746,08758,30531,84243,08062,90737,25520,81329,59907,25924,45459,1390,8549,2003,2212,401,18
TienGiang,09-03-2014,966143,99851,15086,18196,29833,00316,35024,05614,14723,24447,44112,49504,8170,1527,0396,9442,512,44
TienGiang,02-03-2014,841430,55800,17258,56333,88693,41249,52654,98256,51373,03705,77682,96895,5393,4909,3821,3334,745,61
TienGiang,23-02-2014,264678,63384,09239,21265,72094,75142,53447,81176,83997,36911,09354,43911,4143,5336,7358,1482,715,25
TienGiang,16-02-2014,967982,27084,02947,75733,25360,49003,36585,51846,24054,04669,99825,68649,1359,6653,6146,2200,073,75
TienGiang,09-02-2014,625062,87689,91696,84171,19985,08444,64866,93954,36380,44926,62097,72117,2943,0228,9892,9652,395,79
TienGiang,02-02-2014,669467,57800,95567,06741,08787,88186,38602,64483,82668,60760,24674,94445,8760,6056,8529,0954,064,72
TienGiang,26-01-2014,164469,14515,70491,44373,60530,04571,45724,57162,61717,91797,06547,41882,6732,6340,7688,0452,017,69
TienGiang,19-01-2014,032397,16296,66995,46000,23264,14986,15694,74172,98252,91665,88659,84597,9092,1598,8497,8300,019,47
TienGiang,12-01-2014,970326,83937,42652,90022,52909,85019,41637,46781,95252,35627,84930,86024,1372,8610,3124,3155,090,21
TienGiang,05-01-2014,722073,80387,27513,56021,12454,73467,69830,51286,81125,86519,00200,03429,8958,9480,2631,6180,944,92
TienGiang,29-12-2013,887339,42919,99887,29688,82757,46369,72422,70830,26558,34783,38453,59529,7791,8858,7719,1996,921,37
TienGiang,22-12-2013,861915,61850,84332,48597,02478,00084,84067,73119,07241,96616,90267,92921,6720,7280,7740,7650,919,51
TienGiang,15-12-2013,081534,14951,79508,89561,08639,29376,68630,56506,41356,87854,02001,71045,5863,2144,3922,8533,946,90
TienGiang,08-12-2013,308090,40550,05527,71903,48019,17145,14758,21085,63387,15421,44320,50127,5540,7424,3349,4221,232,67
TienGiang,01-12-2013,984749,39581,39178,50522,89016,73893,55629,34004,90190,69696,26417,65702,7295,4730,7194,6530,074,49
TienGiang,24-11-2013,461732,66709,28607,15255,65199,57776,31392,91754,60733,52508,91624,79367,5679,6740,0626,5969,725,85
TienGiang,17-11-2013,858203,42911,97894,78746,09360,63587,09793,91188,86755,63062,25930,43316,2584,2974,3621,6742,347,27
TienGiang,10-11-2013,394190,41498,27840,75391,13830,15237,18996,19284,77078,87637,64594,81748,3732,2379,9760,0428,923,91
TienGiang,03-11-2013,632037,30982,23683,00434,04419,65440,82556,38678,64435,54644,32124,82465,3162,5766,8110,8122,883,89
TienGiang,27-10-2013,058429,71360,89283,74824,86555,69238,50095,48705,85404,77857,05855,57107,3128,4345,4685,4932,216,38
TienGiang,20-10-2013,724238,20595,65482,93896,38988,09188,60260,45862,01734,18808,57647,70889,9314,5316,1034,8084,447,36
TienGiang,13-10-2013,002565,91586,28559,95878,78250,12627,31662,95455,08276,56539,11814,86434,2615,5472,7724,0525,253,15
TienGiang,06-10-2013,010137,15986,77178,95853,51622,04063,92748,66519,70574,26901,50236,89818,1879,2676,5577,0943,893,82
TienGiang,29-09-2013,108012,01622,46566,48039,47104,75967,07675,37821,72603,46709,26392,19259,6018,8538,4675,9169,096,73
TienGiang,22-09-2013,406679,60906,02879,84984,64797,54323,33715,79760,88951,70773,42439,39152,5267,7459,0660,8454,524,42
TienGiang,15-09-2013,162140,69362,87013,31825,73232,72226,52496,18461,62503,06524,20597,74185,3523,7204,8880,9964,517,73
TienGiang,08-09-2013,704119,61491,81342,85725,98913,00409,62550,84550,00543,49667,19827,24118,3253,0336,8344,8195,533,05
TienGiang,01-09-2013,797903,66654,67305,64667,67669,94586,14116,38334,60186,94958,00790,98666,0484,9605,1069,1533,777,43
TienGiang,25-08-2013,266247,62831,52252,77327,86210,92772,61301,44200,58524,58214,36085,51667,1699,8481,5014,0912,699,29
TienGiang,18-08-2013,225214,81444,80550,24506,20983,30424,17956,06462,44895,86393,60021,12789,8898,2729,2503,1475,255,24
TienGiang,11-08-2013,321769,60197,07550,16496,64041,32876,68590,87739,57991,88960,71382,64090,9888,9300,3390,6485,816,75
TienGiang,04-08-2013,467234,57713,24344,72650,51304,08201,24223,07423,49909,46619,61008,96399,2903,0651,6162,2331,689,68
TienGiang,28-07-2013,160683,75852,86116,93906,62084,93780,00961,29596,55852,97624,49044,79850,4869,1469,8542,0958,961,92
TienGiang,21-07-2013,419011,78702,44464,17227,46546,11464,75884,63735,79654,55379,50839,00998,2235,8993,4822,4361,869,95
TienGiang,14-07-2013,929371,20804,44687,74837,01346,36241,74520,22568,11530,72743,97713,47851,9719,6277,4644,6175,792,14
TienGiang,07-07-2013,633060,33356,84733,79735,00335,17470,86266,85120,92873,41684,84460,23243,4401,6382,7386,2403,184,61
TienGiang,30-06-2013,300090,74438,55918,21615,43714,53493,32984,50268,99758,56225,79013,83520,6949,5622,1270,3809,459,52
TienGiang,23-06-2013,496464,59522,68957,52192,76249,39679,29227,65648,42294,52837,48098,48864,0761,3036,6241,0590,138,08
TienGiang,16-06-2013,623498,55576,18457,31238,46374,40244,77253,77603,68538,34833,31068,84488,9462,1516,8454,2927,343,62
TienGiang,09-06-2013,407589,10621,80389,82757,96607,81090,65717,45388,58908,15330,06322,31598,9057,1540,4753,0196,052,85
TienGiang,02-06-2013,178545,67549,37682,99624,02498,71103,21917,87733,06064,31079,77732,98030,7898,6257,7772,2290,280,42
TienGiang,26-05-2013,913344,77786,54858,29896,85787,19073,16534,53393,80988,78055,42204,14159,1604,5248,7167,4040,631,59
TienGiang,19-05-2013,339137,82675,93120,12321,12935,12796,57525,43017,60015,85621,14536,35255,7506,9005,5131,3080,927,12
TienGiang,12-05-2013,444793,32550,69168,61725,15893,29945,46078,89975,14573,95171,65410,10877,8494,1206,7692,5352,284,89
TienGiang,05-05-2013,696774,83218,33822,43239,94232,36167,88892,11794,58876,47764,43918,35701,4232,1020,3994,9140,862,44
TienGiang,28-04-2013,648030,01855,46948,85621,40652,22094,59774,42141,09649,28627,83820,86253,9683,0844,6881,2558,901,19
TienGiang,21-04-2013,354842,49170,07692,00859,10149,93822,40220,32419,30524,10672,69847,40268,9572,4167,9621,1419,605,81
TienGiang,14-04-2013,237104,09442,60491,42913,40636,81968,15627,87850,56849,91029,39199,01881,7245,2059,2290,4598,005,31
TienGiang,07-04-2013,972119,69548,08818,20103,03694,43396,94682,17252,18182,61800,04399,20847,3653,4311,4146,2241,777,88
TienGiang,31-03-2013,783959,06721,75718,32055,22020,60065,37428,58069,40073,46185,57018,06274,6020,0270,4015,8441,380,99
TienGiang,24-03-2013,796865,91966,89702,20509,96603,98204,19694,05644,75374,75186,77471,85662,9849,9558,2525,5364,242,97
TienGiang,17-03-2013,210013,26774,73899,65505,91330,47317,00004,80314,76667,92572,89084,20686,4004,2536,6282,1351,510,33
TienGiang,10-03-2013,415607,61799,21692,07240,86899,78003,19890,06408,93790,43754,80504,72051,4604,1407,6402,6296,613,29
TienGiang,03-03-2013,811454,80669,64730,99628,42832,83566,91055,93590,38299,06196,60845,11955,0992,3508,2016,4104,977,40
TienGiang,24-02-2013,798879,50799,91831,62730,38218,42042,80838,18513,88557,07492,14130,28995,1863,3173,4454,3105,025,46
TienGiang,17-02-2013,453711,21228,34334,53335,13456,58117,17956,71256,13133,90004,05481,61641,1935,6370,5829,0406,633,32
TienGiang,10-02-2013,599286,53825,12927,23068,16697,61150,39891,97025,56694,90348,41273,20654,6123,5467,1738,9041,527,03
TienGiang,03-02-2013,317827,60694,86853,70941,79882,49001,48431,44310,24093,80000,45553,55701,3774,0371,1337,1829,107,46
TienGiang,27-01-2013,187598,10940,78748,06799,58855,86969,74875,93755,06060,60969,79314,73359,6887,9263,7731,8012,262,86
TienGiang,20-01-2013,221860,02010,33213,40212,53101,41173,49852,94179,02607,09442,56861,45410,6328,4127,9147,5731,413,64
TienGiang,13-01-2013,332658,64495,77311,11141,53932,23576,38735,62768,15214,62260,26238,14073,9702,6054,4882,9694,253,97
TienGiang,06-01-2013,035886,91627,08965,90703,80670,91869,40328,90889,47128,65588,69074,89710,1896,5341,9217,0411,690,83
TienGiang,30-12-2012,547294,03594,68070,80636,97380,70391,88932,56392,60135,61590,21726,49713,8527,4588,6776,9141,587,21
TienGiang,23-12-2012,426669,27818,77724,16716,98590,36992,60658,79786,12251,37371,65016,45800,5825,4332,2623,6872,740,40
TienGiang,16-12-2012,624358,36724,22033,43719,50224,33230,58613,36317,21300,17235,30765,61704,1944,6456,4663,1735,948,05
TienGiang,09-12-2012,405858,78373,36713,68967,07008,96265,58511,30335,79377,34610,74278,64049,2251,7994,5589,5806,649,19
TienGiang,02-12-2012,862381,96071,99829,66321,87544,77712,12532,39298,92068,31261,49096,54274,7503,9185,8648,8036,746,56
TienGiang,25-11-2012,483692,27188,94986,13321,93045,78820,88445,33610,76202,98051,01179,68653,9020,0788,8261,9494,415,37
TienGiang,18-11-2012,791303,07060,63410,29287,61238,82991,79199,56480,77327,07811,77391,78869,0055,3638,4012,7550,730,44
TienGiang,11-11-2012,592822,21397,03321,40776,20905,80554,71556,38344,24013,47706,56425,08001,5019,1686,8293,4138,683,44
TienGiang,04-11-2012,837272,68985,80404,97483,61790,43116,99580,56815,19575,52353,33915,54764,9322,5374,1751,0517,559,15
TienGiang,28-10-2012,274479,55042,34276,49379,45124,68618,88819,44655,94114,00197,99018,99729,1124,9375,5628,0436,245,15
TienGiang,21-10-2012,134082,50196,53779,70756,71429,29376,30448,71913,64532,00096,98643,65924,2788,0191,3186,3861,061,70
TienGiang,14-10-2012,411442,39342,77530,25582,82528,54025,17377,37900,26864,78054,07643,23758,9136,5747,7414,2105,442,61
TienGiang,07-10-2012,948496,82756,16991,85159,33886,97419,39919,15649,35231,95257,67071,62937,3022,9458,4089,7460,839,98
TienGiang,30-09-2012,569316,02251,91027,50874,01755,72134,50697,83474,03539,82211,82721,52368,6429,0599,8445,1117,857,20
TienGiang,23-09-2012,533584,05097,65351,48077,25906,28021,36735,94316,80824,52679,23905,93189,4335,2269,7534,0596,770,64
TienGiang,16-09-2012,857217,37278,01401,55835,39091,68626,96221,12935,93487,43482,97175,22778,8364,2194,4356,7753,479,56
TienGiang,09-09-2012,787462,68065,74623,80212,99524,58120,01916,53611,35190,32189,46882,81539,0107,3716,7086,8705,581,47
TienGiang,02-09-2012,388327,02011,30379,09357,11171,54066,08165,54840,48463,06471,50982,12717,2056,9406,4688,7390,316,19
TienGiang,26-08-2012,490190,60002,03940,23281,83867,48389,52316,89239,19279,33242,28581,84164,4895,8708,2679,9311,034,27
TienGiang,19-08-2012,085879,97712,89636,87250,81054,24635,30274,30619,88799,58398,63554,33832,4778,7900,8841,6739,956,58
TienGiang,12-08-2012,278385,27815,94842,22651,30850,81500,08209,08169,25822,00568,19032,16650,7355,6250,7154,1430,440,81
TienGiang,05-08-2012,170356,91897,09791,13831,52504,70859,43384,84270,44653,28465,01600,04187,3095,2093,0688,7010,292,60
TienGiang,29-07-2012,329236,68571,04421,49546,89661,25687,95112,86555,43111,34323,38577,91040,5995,6222,3232,3948,150,97
TienGiang,22-07-2012,078098,27721,24428,08401,61109,46701,38414,21349,89147,05155,35311,88338,3166,4540,4363,5313,236,72
TienGiang,15-07-2012,052909,29073,44594,25697,96863,24096,98878,77221,92472,15202,50495,67987,7115,3042,2158,5267,112,39
TienGiang,08-07-2012,908372,32500,26464,03667,74831,02979,62507,43505,07360,85771,35580,79784,9951,0612,4179,8508,123,20
TienGiang,01-07-2012,450902,46647,96882,49053,96644,25149,42892,14866,83369,29105,75153,13607,0762,6200,2893,9837,001,27
TienGiang,24-06-2012,738132,20064,62169,51626,73368,85784,98937,48140,89858,81488,96233,57005,0202,2277,8800,4849,609,50
TienGiang,17-06-2012,107016,14881,68410,53867,18746,65737,10711,01528,32200,69795,85480,17939,5275,2865,1637,1091,340,32
TienGiang,12-06-2012,754175,29299,83404,85042,62304,09247,42149,75636,60318,11142,69139,78277,6624,3729,7216,4248,755,63
TienGiang,10-06-2012,754175,29299,83404,85042,62304,09247,42149,75636,60318,11142,69139,78277,6624,3729,7216,4248,755,63
TienGiang,03-06-2012,907594,03285,67279,08604,24827,33248,65137,01728,16752,08793,96049,28566,7816,0780,8125,9305,330,47
TienGiang,27-05-2012,911125,83258,16386,03511,65861,12832,64788,94222,52286,89875,01825,49872,0193,8478,2459,0683,070,54
TienGiang,20-05-2012,231620,72308,89999,03575,79768,72003,24282,83890,20521,40555,00771,51872,2366,6113,9404,3439,952,43
TienGiang,13-05-2012,286208,13182,96764,25888,28379,99837,03684,15085,69238,42671,42995,60256,3868,7570,3641,5821,479,75
TienGiang,06-05-2012,150871,33048,63496,83714,32253,01089,22159,08418,74166,40391,27669,31246,7850,8750,0999,8554,824,08
TienGiang,29-04-2012,199170,19279,58796,20866,40388,28587,11551,78143,59249,20995,81674,54476,2912,3476,8544,7815,183,03
TienGiang,22-04-2012,517316,40833,57133,30041,29756,65384,42855,02101,42792,08580,55882,04129,9064,0721,5500,8356,860,66
TienGiang,15-04-2012,062874,49900,27962,20197,68414,34835,85594,47136,55416,42968,39263,67395,7322,5865,8879,8504,787,69
TienGiang,08-04-2012,780192,33579,99114,63342,27910,95972,82138,26963,45125,53165,77745,96476,6461,7063,7702,9703,340,90
TienGiang,01-04-2012,691638,81321,47207,34411,47262,83452,03521,30514,81243,17299,57508,41429,1000,8716,1576,8690,259,78
TienGiang,25-03-2012,377021,33840,59707,69597,78439,71371,56502,60771,45870,94592,07034,00687,9248,4165,1700,9221,919,14
TienGiang,18-03-2012,755907,73567,82141,27849,23082,17750,54730,56224,71089,26250,05005,11857,2140,3248,7565,3559,211,53
TienGiang,11-03-2012,667806,96672,31257,84859,66494,41926,60191,20142,62336,05942,18910,57464,4942,7059,3992,6031,154,98
TienGiang,04-03-2012,039048,36549,07856,44761,28509,09797,29405,54674,80400,14944,20800,18176,9206,2695,5534,3272,557,26
TienGiang,26-02-2012,466245,33474,40949,51397,92183,15396,65835,33241,93690,61027,28495,65622,3529,5634,5074,4652,589,36
TienGiang,21-02-2012,091253,63410,30298,82453,96228,26555,87623,99937,19343,14532,18405,18236,5756,2520,8728,6992,131,19
TienGiang,19-02-2012,091253,63410,30298,82453,96228,26555,87623,99937,19343,14532,18405,18236,5756,2520,8728,6992,131,19
TienGiang,12-02-2012,194315,64930,39317,64775,25908,07436,19227,17750,68037,89358,09747,54356,0450,1473,3498,6419,253,10
TienGiang,05-02-2012,407208,34230,07818,73542,56490,97655,22588,41351,87301,98166,96019,76938,4707,0993,7955,8112,580,60
TienGiang,29-01-2012,899719,93674,08186,66502,69631,01647,48451,82250,07224,91653,30142,81164,2851,0557,0264,7523,523,71
TienGiang,22-01-2012,660183,07365,09242,09986,18006,09573,41466,52987,89353,96023,31789,46915,4656,6676,4631,6493,386,87
TienGiang,15-01-2012,766086,28745,60599,58342,84942,93981,86111,56101,49234,84236,28642,78589,8485,1073,8089,7056,349,89
TienGiang,08-01-2012,106917,06004,44704,50604,66602,43899,26387,63024,54031,63093,87869,32096,8993,6449,9616,1617,584,58
TienGiang,01-01-2012,333648,64438,77092,73519,56616,82559,94383,90611,13277,02418,70577,16199,1690,0829,2024,9301,059,95
TienGiang,25-12-2011,802036,19325,18667,66642,84550,24026,46011,27153,58547,07970,42995,31259,2265,2540,0953,6006,623,43
TienGiang,18-12-2011,494232,41911,60139,93599,80926,35552,59933,16150,49134,92973,23035,95017,6513,7249,6742,6818,767,00
TienGiang,11-12-2011,314204,11916,22319,71586,34709,33341,27191,05148,08085,00291,38575,16111,1251,2371,7360,5461,576,89
TienGiang,04-12-2011,421868,61728,52088,39306,91852,09070,66348,42914,83601,58917,78218,94840,5393,9563,7421,7605,996,23
TienGiang,27-11-2011,565641,43335,08586,55908,44285,04960,38722,72159,77212,54646,43394,77819,7528,7617,8082,1739,724,15
TienGiang,20-11-2011,141737,55526,66606,75462,21784,78120,75482,26464,46341,71416,85978,60334,6072,1897,1901,5185,001,42
TienGiang,13-11-2011,599284,91338,72454,52498,54392,80188,37621,23860,96247,92788,84186,24244,8704,2977,4450,3109,437,12
TienGiang,06-11-2011,862539,75684,97335,88737,62868,18499,66537,94175,58427,95155,65714,52831,5338,7310,7424,7729,183,62
TienGiang,30-10-2011,791704,29589,38987,44983,29144,50652,63415,27950,06057,08701,93957,54654,8444,4396,8230,7870,917,86
TienGiang,23-10-2011,458249,58366,67133,29799,68393,61437,45462,95221,12781,46147,23300,58650,4713,0016,7766,2635,494,21
TienGiang,16-10-2011,454703,17516,92684,11409,66858,14041,53202,35376,59869,52360,58002,68659,7689,2376,0497,1733,258,10
TienGiang,09-10-2011,888791,42477,53561,53096,10085,66013,45642,15781,75738,69592,68238,11987,2239,4302,2014,9879,627,36
TienGiang,02-10-2011,923340,95832,53640,96490,82114,36997,02615,86875,22939,44937,89890,12596,3816,7278,8955,0045,452,82
TienGiang,25-09-2011,573432,49352,37989,21767,54114,74773,82251,16595,87135,43753,38719,07196,1661,1951,2474,2888,195,43
TienGiang,18-09-2011,937095,10907,31603,40740,06998,53478,04104,97576,31745,17232,88113,78804,5619,7650,0294,6586,465,37
TienGiang,11-09-2011,087900,07773,08642,31148,04482,36470,09427,03577,84135,13500,34128,40974,6802,9762,5884,8018,783,07
TienGiang,04-09-2011,918652,65100,72044,54725,36359,60712,97984,69163,69006,67843,51848,66179,3249,7092,3175,6857,351,01
TienGiang,28-08-2011,616420,35719,13387,86797,52020,71314,17687,84754,12974,69447,06379,59323,1283,8554,0848,3638,946,16
TienGiang,21-08-2011,748916,32894,97827,36961,21101,39133,11828,43322,01616,06478,51018,25396,1174,2387,3840,8767,201,92
TienGiang,14-08-2011,735106,37053,86072,06382,90495,93470,27336,61373,62391,22346,88065,13895,1807,0301,4967,2998,943,90
TienGiang,07-08-2011,357679,01958,79205,69103,29783,32972,85719,93189,38474,63871,88067,88552,8723,3432,5435,2650,450,27
TienGiang,31-07-2011,875227,61081,15977,23964,13730,52672,27776,86767,67711,49512,94642,87171,8353,2436,1730,7614,097,37
TienGiang,24-07-2011,565063,97581,19089,00435,17767,48207,15970,04444,59915,52837,35754,69314,7627,9812,0870,9289,744,29
TienGiang,17-07-2011,564566,32140,99297,09533,22633,57574,35125,75303,84625,92718,62494,95671,3229,4569,6162,3493,698,85
TienGiang,10-07-2011,451939,09973,03639,57147,78498,12815,33178,84397,08183,21729,70664,41292,6939,6548,4305,8122,345,06
TienGiang,03-07-2011,504843,70591,89057,32742,69051,45324,40665,50767,24994,41431,41966,17732,3332,7354,4413,1164,319,05
TienGiang,26-06-2011,760428,65909,36168,27377,52363,11228,90700,01137,86522,36983,08465,97995,1111,0547,8965,9676,475,28
TienGiang,19-06-2011,131409,38327,29872,92052,20583,64864,76593,98239,72991,36577,96882,22083,8579,6714,0083,4128,424,86
TienGiang,12-06-2011,264406,31702,44277,63194,27956,34916,97715,70987,98758,45694,78680,94999,8076,4687,7702,9478,444,93
TienGiang,05-06-2011,674688,79746,94714,82766,87714,53524,90517,60671,80326,82007,48633,16890,5244,5222,2639,9259,611,68
TienGiang,29-05-2011,201706,06823,47176,85115,74060,95140,51673,90195,16940,23180,47816,59185,7361,4328,3053,8175,171,77
TienGiang,22-05-2011,509628,58030,70758,93399,35498,38982,53319,76459,31740,63953,60106,89299,4803,4471,4527,0991,562,07
TienGiang,15-05-2011,002869,59331,05414,67060,00861,07004,55314,34760,59556,82391,18067,92413,8893,8175,4094,6764,550,59
TienGiang,08-05-2011,862946,10593,05853,82401,64758,22839,45684,18002,69490,04488,81957,53963,6446,5072,7172,2769,425,78
TienGiang,01-05-2011,801088,90857,80248,28095,71178,15110,44079,15871,22774,31737,04209,54787,4205,0975,8956,3143,558,43
TienGiang,24-04-2011,645120,96831,81403,75430,11246,25619,07055,86366,01798,71720,82435,85350,9496,4056,9515,9345,524,00
TienGiang,17-04-2011,662261,92669,76043,61612,35502,87440,33914,54315,05397,71341,41902,61744,1286,3766,1441,1107,211,00
TienGiang,10-04-2011,998258,25469,59855,60157,93171,79513,18348,12721,82001,99456,37213,74041,4351,9914,3524,0316,041,48
TienGiang,03-04-2011,617849,96651,71213,39933,34068,71398,99729,53219,79561,49716,93725,68246,7813,3129,1558,3350,346,70
TienGiang,27-03-2011,725086,50819,32220,21465,87716,10010,39977,00856,06767,43428,52644,54052,7270,5657,6480,3755,036,71
TienGiang,20-03-2011,583047,78874,55891,92676,76571,61001,66658,46427,17334,47856,12786,01619,3906,1972,5700,3230,761,02
TienGiang,13-03-2011,227455,76250,89293,55453,47581,49476,12881,94627,34666,94702,10259,28179,1477,3096,4116,6303,353,62
TienGiang,06-03-2011,565275,66026,53560,86614,63967,66729,50441,47120,05474,72318,86330,37343,0976,4919,4636,0751,802,68
TienGiang,27-02-2011,755524,05738,40068,19443,97891,28148,59088,56104,14649,16629,27788,21364,9538,3192,1801,5293,308,45
TienGiang,20-02-2011,938061,46148,63395,83924,13173,05680,88409,51251,70216,01700,75462,58160,2210,6882,5066,1772,698,14
TienGiang,13-02-2011,778945,30578,95260,51680,44844,62966,67905,11725,07241,70027,16754,04785,3383,9800,7384,2053,542,32
TienGiang,06-02-2011,621997,34165,50060,80280,05532,26780,52734,31964,57808,14623,49649,02472,4840,0126,0316,4342,133,39
TienGiang,30-01-2011,970651,30480,57347,88449,09507,37552,44034,11039,31393,13981,35173,65027,7008,6793,3062,8330,966,77
TienGiang,23-01-2011,068716,23605,68675,21195,08298,00088,47739,93642,36466,26877,04163,92707,9252,5225,9052,0867,424,37
TienGiang,16-01-2011,185668,57959,37689,51044,85715,36904,17544,37579,04539,46447,28190,96876,4517,6237,3789,8800,001,19
TienGiang,09-01-2011,920736,59631,92888,67163,43377,74556,60519,90107,68904,88450,88305,74839,1553,1051,0420,3926,844,60
TienGiang,02-01-2011,600790,50362,22739,93202,23944,14917,11012,69878,33981,22300,49540,03280,7678,3839,4526,1976,645,55
TienGiang,26-12-2010,009163,08937,89069,78984,55209,81859,38267,18182,16802,01096,47829,35735,1553,5937,1170,3429,395,63
TienGiang,19-12-2010,622286,95874,66226,23158,61142,52589,54274,34804,14258,02894,74138,65185,1840,3399,5067,1593,532,32
TienGiang,12-12-2010,112547,25317,44231,63811,49444,82295,83831,70406,33990,08370,64274,22563,2557,3396,9500,6784,725,77
TienGiang,05-12-2010,575910,28901,58772,34543,89206,14161,51964,94739,19457,34993,42164,80393,6552,1740,3803,1167,349,45
TienGiang,28-11-2010,950349,59652,08481,57012,72347,33182,85741,77259,36791,21318,19096,74647,7233,9383,0821,9811,267,88
TienGiang,28-11-2010,950349,59652,08481,57012,72347,33182,85741,77259,36791,21318,19096,74647,7233,9383,0821,9811,267,88
TienGiang,21-11-2010,031778,40740,11036,66984,94888,53952,10405,23301,25934,41214,98507,99789,3106,5857,1858,6174,624,18
TienGiang,14-11-2010,300818,76651,37874,98203,50054,86715,43510,17325,96799,80009,70190,97815,1616,7229,3409,9604,460,30
TienGiang,07-11-2010,178373,18694,33371,32473,33711,68576,11511,32014,86625,49297,59345,65266,4213,5302,8607,9416,125,58
TienGiang,31-10-2010,252415,24141,49246,46511,79155,81091,33122,69732,95360,61343,54214,51600,6238,0827,8604,1977,703,23
TienGiang,24-10-2010,452347,60384,33722,09538,86306,57471,81538,21228,66195,17311,41862,64545,0036,8663,5610,4586,065,60
TienGiang,17-10-2010,061071,78506,08025,94240,53789,40584,20498,55506,63392,07220,67239,56237,3932,8186,1634,2147,331,43
TienGiang,10-10-2010,312501,53097,34903,69524,97937,48847,14111,17048,70453,79416,30342,49194,9111,1262,5419,8317,976,66
TienGiang,03-10-2010,948647,05154,57345,81532,45537,13288,90793,17049,99995,42250,26450,80261,9508,2166,9772,1956,843,83
TienGiang,26-09-2010,530459,94126,32515,51610,44727,09647,26531,14638,73607,97760,40728,18826,4703,6550,6687,4928,593,32
TienGiang,19-09-2010,174225,69746,73358,60935,50954,83785,68891,60557,94983,49823,80837,47252,7900,2028,0950,3730,292,89
TienGiang,12-09-2010,347286,73164,66507,97823,28327,47425,51617,85730,62185,41465,75795,18577,5746,7915,4103,0575,759,37
TienGiang,05-09-2010,635290,55537,74198,11097,00274,89681,30135,47787,95231,40751,07914,45033,7875,1376,7455,6021,022,13
TienGiang,29-08-2010,520606,13261,06545,45990,01215,98702,62905,53221,59676,69251,86430,97102,4542,1336,6688,8223,701,54
TienGiang,22-08-2010,289534,62174,56155,72581,17324,27744,71543,13241,16837,75318,07056,31478,9007,4476,7331,6540,309,80
TienGiang,15-08-2010,991736,05562,79163,80478,39745,83256,90346,08775,82465,15640,16181,13096,8735,8880,6112,7751,918,68
TienGiang,08-08-2010,591598,33764,93314,10530,25942,92640,59926,84790,26112,90873,86990,55190,6045,9602,9621,4262,654,98
TienGiang,01-08-2010,837967,93885,86244,75878,28895,64438,01856,86843,79660,04398,70788,97926,7721,1105,8427,1493,655,90
TienGiang,25-07-2010,459493,37310,83859,89948,90492,27631,62770,62818,43045,76043,36132,16698,2188,0367,1639,6454,232,90
TienGiang,18-07-2010,573421,42110,57058,35409,98363,03576,43657,95105,04735,16558,89698,98791,0895,5271,1034,1381,592,39
TienGiang,11-07-2010,973194,24506,56217,36072,29462,21959,35622,10139,72905,39889,59653,02185,8283,9291,1709,4542,922,14
TienGiang,04-07-2010,201446,41884,48439,68802,06855,15442,59547,10245,79791,99147,74141,16874,5928,9380,5390,6021,566,96
TienGiang,27-06-2010,062494,26908,75858,51588,97498,03595,27024,05441,60115,82145,79629,33806,5119,6392,2498,5059,096,36
TienGiang,20-06-2010,244256,74533,71091,77022,15645,18064,16644,91387,47495,78277,15488,17892,6879,3423,8799,5215,147,37
TienGiang,13-06-2010,542399,37494,41952,57270,15134,83319,65268,39105,29986,08486,53817,46970,7148,8127,9207,5751,444,71
TienGiang,06-06-2010,074172,69587,85295,49638,27239,90867,84252,42873,14551,46453,69990,79693,0583,4488,2222,9304,910,23
TienGiang,30-05-2010,908243,43475,29764,83076,68574,06503,18329,49838,83761,62927,77838,77406,7243,0943,6347,9350,839,39
TienGiang,23-05-2010,557153,12458,83075,07271,64392,81654,22847,51862,49135,67990,22538,06382,5861,9170,6111,4155,701,06
TienGiang,16-05-2010,818480,18134,81529,13842,45833,17448,29831,02692,64208,27822,27166,78826,4589,0484,9914,6239,944,88
TienGiang,09-05-2010,427285,23191,95265,55569,65618,91156,03960,73720,51239,40485,27142,31594,7301,7597,9321,4486,387,56
TienGiang,02-05-2010,995068,41967,32937,12318,49808,33136,86674,23969,72920,77636,39960,81346,2762,5066,6453,4552,365,82
TienGiang,25-04-2010,646511,20073,74224,91801,14381,48566,29730,24063,29538,84419,71729,71185,4765,8689,5667,9576,228,37
TienGiang,18-04-2010,403075,20203,38046,00859,60475,79666,90677,56071,83939,03971,78555,50930,5547,6727,7657,8287,335,53
TienGiang,11-04-2010,616901,12121,18076,25517,57668,69882,55882,76756,88505,16399,37173,67341,7745,5299,2541,3234,568,49
TienGiang,04-04-2010,737075,11317,07892,05991,31426,09637,79379,09274,15916,33485,95219,25665,8077,8355,6035,2462,818,31
TienGiang,28-03-2010,594968,11612,86572,92309,89436,01595,06699,44405,38447,92449,18398,74132,9881,5831,7148,1280,516,74
TienGiang,21-03-2010,365873,66446,05701,60914,71616,12781,35464,62625,08137,76402,14857,17277,5408,3232,5465,2449,626,25
TienGiang,14-03-2010,427090,49113,63896,50913,81177,25863,43479,59590,20199,26780,31314,25963,1881,0908,4741,1139,401,21
TienGiang,07-03-2010,311727,88409,96350,52751,29140,54007,06373,01236,44758,37996,04549,31091,6958,1706,4615,0530,348,82
TienGiang,28-02-2010,878141,87489,10705,47427,50107,56600,84925,91755,96624,02209,46487,04694,2445,2208,5152,4269,364,40
TienGiang,21-02-2010,719388,69775,53497,67494,19742,13341,17332,41660,49347,46009,12985,97727,4461,4542,0904,5724,139,62
TienGiang,14-02-2010,837123,79709,41371,19325,96727,08302,88718,48942,53757,82275,71339,35998,4888,8028,1026,9139,979,25
TienGiang,07-02-2010,107161,71263,51630,09055,35880,09458,51016,24131,00331,86890,59177,24735,3631,5248,9013,7695,276,28
TienGiang,31-01-2010,267015,93231,40783,93544,92477,02695,36726,80590,44037,96725,65572,64728,1688,4590,6152,2630,659,25
TienGiang,24-01-2010,044465,85554,89479,62082,98224,27912,62340,54053,77729,39070,03108,52671,3180,0362,9941,4723,782,90
TienGiang,17-01-2010,420697,43951,32636,25920,94679,70773,85432,08658,74330,10792,31749,33165,0145,2798,1289,7903,573,53
TienGiang,10-01-2010,894860,27994,42463,33397,90466,09770,68165,41159,59787,74836,93723,60471,9474,1341,5633,6274,847,81
TienGiang,03-01-2010,418702,35051,36793,17428,92730,99049,20717,65567,93569,91367,92379,61394,8554,2263,6028,5578,577,57
TienGiang,27-12-2009,820109,74609,21656,23126,14792,53134,71565,48965,97902,87775,73921,77188,3793,7407,4345,1802,784,28
TienGiang,20-12-2009,105464,22452,92927,15882,64868,20022,96619,50698,13719,34408,93573,05488,0365,1419,7765,0310,395,50
TienGiang,13-12-2009,213475,15652,27666,74072,42175,74822,40261,10467,07420,64766,23142,67121,7495,2559,1119,2850,391,69
TienGiang,06-12-2009,887501,43209,91132,49908,80311,23339,64924,72619,23483,58530,93488,11101,8197,5880,5121,3981,079,61
TienGiang,29-11-2009,204026,26221,05110,31391,51239,86733,35562,72642,19656,45873,66328,07560,5319,0575,6648,2259,689,33
TienGiang,22-11-2009,070520,67802,02478,63289,60522,64075,80257,26132,99218,43587,26318,03481,1408,4669,2898,9594,431,91
TienGiang,15-11-2009,695543,19396,60737,93574,82136,60436,02466,58842,00740,80437,99046,80855,3458,3970,2565,5676,156,21
TienGiang,08-11-2009,788204,35531,05774,61045,00070,83607,92325,84961,14425,31839,99851,03005,5026,0162,6729,1543,643,42
TienGiang,01-11-2009,356691,16702,93182,03386,66175,95569,12031,95758,62204,09433,40433,24481,7957,5395,0885,0369,363,21
TienGiang,25-10-2009,107114,90110,19748,30542,19386,31964,90401,46442,61765,32847,20423,20942,4898,4960,2260,7434,838,74
TienGiang,18-10-2009,545135,65260,23710,81140,53861,66957,45869,64056,50448,62228,79754,10289,7182,9796,0850,1132,361,21
TienGiang,11-10-2009,179263,05984,98426,09092,10201,73898,15593,28119,54210,50227,71033,05822,7215,7814,7485,4046,325,04
TienGiang,04-10-2009,847670,51959,22524,61409,06366,79826,36779,44656,53641,13036,66805,35864,8273,5816,4898,4118,639,78
TienGiang,27-09-2009,88696,71660,24448,29757,59184,17314,37548,51282,57726,36231,46870,70973,4285,0329,4168,5472,516,83,00
TienGiang,20-09-2009,86497,68894,10990,64359,47644,85765,65713,39220,12018,72409,60209,59378,4053,5391,9973,8416,292,79,00
TienGiang,13-09-2009,04707,09179,65673,42314,93838,57975,00954,16351,90197,64845,75259,27216,2395,8594,4786,9904,954,75,00
TienGiang,06-09-2009,23046,55837,96834,17337,07006,96268,71901,36847,43441,99499,70106,64707,6129,3493,4032,6357,727,03,00
TienGiang,30-08-2009,22739,03973,26863,18498,83878,31204,89418,97478,98022,97699,14319,95363,1070,0999,4851,9219,943,05,00
TienGiang,23-08-2009,52246,78441,54470,07172,99431,76606,25185,31285,51441,30511,45918,51607,1308,5284,9013,3260,291,69,00
TienGiang,16-08-2009,41477,37979,82960,63947,87743,95595,98150,41948,57190,31504,86711,98489,2015,0207,5064,1812,030,90,00
TienGiang,09-08-2009,08908,62460,15382,94936,82722,25868,37785,49838,56136,89443,13494,67555,1456,6114,7728,7617,138,53,00
TienGiang,02-08-2009,54450,80662,93704,84451,89537,35934,19018,03669,60160,52422,69856,39641,5399,2109,6435,0183,795,85,00
TienGiang,26-07-2009,04528,65133,93083,75815,38611,68794,66094,96459,81115,74052,13659,96374,4884,2427,2611,2868,535,81,00
TienGiang,19-07-2009,75273,33891,74291,04826,42618,00261,74877,57469,71354,27092,54342,58312,0472,0448,4093,3383,975,09,00
TienGiang,12-07-2009,82301,51987,47263,87370,28229,79466,01368,75508,21375,21861,83109,05450,5964,5052,3550,2653,660,71,00
TienGiang,05-07-2009,26382,27674,80599,12583,61064,44235,27583,61623,14791,82906,57491,86920,8306,2987,9504,7469,529,67,00
TienGiang,28-06-2009,17770,61303,85044,90531,18501,07969,59989,82325,05033,63825,04172,64365,4517,0941,7134,3256,188,38,00
TienGiang,21-06-2009,13530,10078,17430,69451,01745,86429,82399,52550,82895,41589,31943,53883,8075,1959,7554,7106,150,19,00
TienGiang,14-06-2009,98947,64734,75928,37212,09877,51234,41333,69322,22304,62113,27974,53966,2120,5244,1646,2195,516,26,00
TienGiang,07-06-2009,54024,76161,13349,14578,37195,30807,41020,99507,96470,14810,30659,03429,6607,9984,8508,4104,596,00
TienGiang,31-05-2009,93287,20858,31879,34827,82676,86894,09164,72605,48983,52464,38571,17219,9632,4293,6656,8220,636,80,00
TienGiang,24-05-2009,33843,75112,95382,17957,05896,11339,40052,38683,62232,67508,87651,32671,7213,1236,2369,9967,597,34,00
TienGiang,17-05-2009,08355,98358,29573,09543,32954,61602,50529,25176,88651,66951,66901,74533,6475,4729,2551,8399,690,44,00
TienGiang,10-05-2009,02318,47207,92133,84948,82986,16163,41466,45153,98022,88007,28167,63588,7266,2920,7943,5175,781,04,00
TienGiang,03-05-2009,64509,19316,34266,52258,89665,41842,62836,50749,44241,40990,98205,21649,0382,8193,0721,0892,663,88,00
TienGiang,26-04-2009,41095,19929,58981,00968,56912,14136,11622,39445,60277,07351,16039,57883,5938,9739,7591,0410,533,92,00
TienGiang,19-04-2009,01689,23106,67747,70798,56664,74564,28844,85997,66672,50591,22292,49615,6655,8644,3805,2461,276,99,00
TienGiang,12-04-2009,34282,38470,63362,34760,37604,96529,80150,33651,68478,81318,02737,62034,2498,5690,7087,3841,398,51,00
TienGiang,05-04-2009,69397,84493,29236,48664,80062,05841,20044,42521,78385,88212,96114,24615,7063,7539,7503,0990,543,02,00
TienGiang,29-03-2009,29517,09838,75606,99929,39559,68198,01443,02086,14424,27233,73394,45234,4655,1295,0191,6621,910,82,00
TienGiang,22-03-2009,53670,97789,17099,70995,39968,26328,92606,66278,83008,18557,67193,70429,2706,8005,2234,0604,783,81,00
TienGiang,15-03-2009,82144,83455,83141,90520,24483,26962,45639,08894,50228,10175,26768,82902,9377,0118,2294,1314,598,98,00
TienGiang,08-03-2009,42851,13542,94651,14174,07660,69706,82487,26534,67053,48075,60477,64664,0370,7839,1249,6294,790,46,00
TienGiang,01-03-2009,31786,21245,86400,96670,46098,71591,08039,64814,59167,15574,60252,13974,3810,7115,2612,0238,723,90,00
TienGiang,22-02-2009,66773,04576,21963,69750,18528,52994,41411,91980,81073,69986,49882,50640,7465,7895,0574,7010,322,14,00
TienGiang,15-02-2009,87367,52183,06891,19219,84014,71730,39056,14487,33301,74472,31845,11277,0577,6551,1456,9359,914,56,00
TienGiang,08-02-2009,08407,31968,23405,38018,79986,15356,40154,92599,03730,71958,37394,70906,3967,4132,1733,1149,381,04,00
TienGiang,01-02-2009,35018,09293,72440,67762,54994,79020,30770,43507,83413,75885,27248,59849,7897,2680,3388,3219,302,52,00
TienGiang,18-01-2009,28193,89165,02713,46363,97967,21160,71409,80229,18787,44508,21274,67655,0589,1815,3146,8914,152,14,00
TienGiang,11-01-2009,15269,76006,06631,42629,89065,90228,68576,11005,48656,46073,53894,17154,9140,0624,7358,8547,686,55,00
TienGiang,04-01-2009,40811,80658,75126,31962,57143,70252,74013,55286,82224,84345,86175,73788,4505,3570,4830,9868,258,11,00
TienGiang,28-12-2008,88660,21980,70473,03565,41355,98570,85179,22728,99514,81991,68408,37508,8273,3575,6925,4820,128,41,00
TienGiang,21-12-2008,25569,87621,63376,84526,23286,46791,71335,89928,76948,91135,24424,22535,7747,1222,4475,8313,268,36,00
TienGiang,14-12-2008,85379,09646,19436,17089,90391,28634,12309,69420,50174,41039,87807,50133,3445,2676,0162,6647,706,99,00
TienGiang,07-12-2008,84964,58319,87562,20782,23308,73080,92957,51538,59381,79791,54517,79328,7658,8171,8508,6881,939,91,00
TienGiang,30-11-2008,67672,36573,37444,38276,62628,53129,60431,42978,20727,85856,26789,63062,3039,9790,5878,5018,441,46,00
TienGiang,23-11-2008,83949,52441,39529,18381,35470,92541,10153,50714,13432,99385,12838,20160,0767,4612,1825,1956,516,40,00
TienGiang,16-11-2008,81862,52578,08010,86463,91147,32241,48441,88196,30603,84379,00873,94808,4624,3619,6208,8129,147,90,00
TienGiang,09-11-2008,02604,22784,80722,31586,14779,01174,74719,74700,11630,95001,41030,57381,8833,9903,3685,8115,738,38,00
TienGiang,02-11-2008,07021,44955,41319,30652,29442,15908,28654,32808,29031,08570,00002,38866,7979,9680,0149,6302,944,49,00
TienGiang,26-10-2008,70434,45911,73530,76191,46020,98391,70883,52530,35438,70851,23907,01826,1519,8500,7362,8470,113,64,00
TienGiang,19-10-2008,75471,67849,73627,57369,40444,73524,94719,63261,42508,52479,88099,57351,6912,0416,1095,0450,198,59,00
TienGiang,12-10-2008,41947,79634,17578,88447,51950,48656,96554,45335,33493,83467,90152,53043,2827,6768,4787,1056,740,26,00
TienGiang,05-10-2008,36153,64295,30967,99019,70033,08910,96238,69182,80928,61776,88725,43381,0081,4188,3273,5912,533,38,00
TienGiang,28-09-2008,91774,74761,09493,63349,80877,34394,71391,59732,92814,98676,66588,64111,3553,3784,8225,0998,507,72,00
TienGiang,21-09-2008,59867,45414,99515,74184,80877,16171,20836,49557,65504,92478,07113,09002,7360,2516,5801,9362,040,70,00
TienGiang,14-09-2008,27320,75992,31090,86330,63009,27923,64627,81254,09157,32463,13071,43381,0824,2632,9134,6223,587,98,00
TienGiang,07-09-2008,06597,78688,95295,51607,82486,04374,66274,20247,58325,94629,14761,66817,5558,1227,3518,8329,185,20,00
TienGiang,31-08-2008,51920,82985,56699,85170,12957,24398,15461,83887,12057,56508,36248,66227,5939,7262,4338,6984,069,32,00
TienGiang,24-08-2008,19731,96154,57873,23739,02172,44520,62650,37634,05533,17356,06826,65814,8995,9757,0989,0868,034,90,00
TienGiang,17-08-2008,65120,75560,36034,43206,89064,95817,79175,67890,79287,52207,76245,32975,3110,2413,2579,0606,483,56,00
TienGiang,10-08-2008,73264,70799,89073,01256,95765,49390,75223,83227,13346,08035,00730,24633,9790,1034,6179,6480,986,87,00
TienGiang,03-08-2008,61530,20029,75675,00680,65095,53353,08698,41729,77403,03450,03638,67505,5652,7123,2960,0507,293,71,00
TienGiang,27-07-2008,07642,57650,04694,08404,93825,05207,27987,64710,08968,62596,34660,89252,0665,0662,5309,2361,464,82,00
TienGiang,20-07-2008,60442,35191,24147,25265,22359,66306,82012,98078,82839,05458,25077,48283,3777,1044,8417,7011,906,50,00
TienGiang,13-07-2008,55308,86892,81842,06314,48493,39429,10564,38210,55990,31288,93572,14552,0131,5498,1286,8187,101,38,00
TienGiang,06-07-2008,82506,69516,89397,61650,44550,68900,24429,53128,13122,18602,26525,63015,6516,4883,1308,8572,328,65,00
TienGiang,29-06-2008,66884,18410,45982,60440,92079,37560,48898,80781,87420,90592,04418,77789,9661,8415,5715,8114,598,12,00
TienGiang,22-06-2008,73088,66987,50403,86481,48843,05109,19587,30377,98785,15591,91960,76793,8644,7665,2513,9499,263,89,00
TienGiang,15-06-2008,40959,66351,03079,23364,16945,21865,68778,23601,98654,83272,42259,07387,7127,8079,9236,7551,026,86,00
TienGiang,08-06-2008,81586,65703,50133,24409,53913,93375,45288,02312,64855,42935,36351,47538,8074,2713,8335,7426,812,90,00
TienGiang,01-06-2008,93200,22647,22291,76705,68432,64806,29017,01458,26387,96013,77295,29662,8765,5105,6887,4961,358,43,00
TienGiang,25-05-2008,78787,32667,06698,72285,00551,44646,59630,24653,35090,75101,35695,60652,1598,1405,3988,0269,901,48,00
TienGiang,18-05-2008,19549,28584,38357,32620,09341,04632,75053,73300,61241,86409,47678,00014,3641,0224,9350,9465,216,33,00
TienGiang,11-05-2008,74835,86332,27641,77996,52435,40065,29812,90849,29701,25763,20715,27003,9222,5980,5832,4688,081,10,00
TienGiang,04-05-2008,12994,13995,15219,38736,15088,92060,20416,53321,60126,57984,06445,98512,6740,2125,3350,5141,737,34,00
TienGiang,27-04-2008,13319,56316,91106,45819,22796,80215,76536,61704,14218,54637,67713,3851,2517,9375,8889,8375,434,33,00
TienGiang,20-04-2008,27356,77049,62468,93453,38809,26045,81564,01422,24386,72312,58246,0670,2020,2020,9181,7694,425,82,00
TienGiang,13-04-2008,41522,74040,94887,23997,61114,03499,82776,07811,36653,42590,40221,2186,1525,0159,6591,4025,488,64,00
TienGiang,06-04-2008,99459,59516,66698,40820,80974,90413,46673,32090,26232,55381,99449,0077,9027,0725,3736,1230,491,30,00
TienGiang,30-03-2008,39245,05103,32273,29723,51685,83325,19942,67491,23151,47254,45095,0464,7436,5153,1211,8050,773,71,00
TienGiang,23-03-2008,88588,14954,32592,36377,94508,48828,70599,81337,73261,29146,36587,4453,6508,3277,8800,8086,087,82,00
TienGiang,16-03-2008,77691,36133,88173,46715,26820,38448,45440,57877,56804,42250,99969,5357,6987,8560,9964,4983,611,01,00
TienGiang,09-03-2008,01930,06708,73525,97483,68485,22781,01324,12321,42113,12624,86769,9530,2705,1992,8244,8123,281,57,00
TienGiang,02-03-2008,20610,65547,51421,44498,51367,21667,82882,93652,57263,02683,40728,3790,8249,6368,9063,4149,147,53,00
TienGiang,24-02-2008,19825,62017,33778,80763,64022,61361,65787,91141,00067,35006,43127,8210,9945,5266,8600,6162,931,84,00
TienGiang,17-02-2008,06025,34189,14999,67499,11097,53433,06680,71288,03866,44597,58949,6767,3709,6081,2476,2588,936,43,00
TienGiang,10-02-2008,49300,16414,36735,51986,19159,86994,45938,50520,38843,60975,66305,5001,3740,1008,0878,3844,972,12,00
TienGiang,03-02-2008,88456,59023,35878,39595,96680,46200,93815,07871,12488,34607,39397,4772,8964,5283,8756,2844,910,56,00
TienGiang,27-01-2008,38552,06917,91986,24812,88928,57684,23192,66784,33702,49693,41704,2741,5890,2503,4653,8026,160,42,00
TienGiang,20-01-2008,88705,30760,51394,29320,51210,37278,02081,35517,19343,06135,78638,8318,6640,1582,3421,4927,459,09,00
TienGiang,13-01-2008,88329,05695,34601,96544,08073,57473,05297,14523,38827,42593,42358,4874,6659,8218,4926,9024,652,41,00
TienGiang,06-01-2008,03560,56724,94792,49163,71099,78852,05021,60389,14448,30605,21081,3827,9293,0371,2283,2967,394,52,00
TienGiang,31-12-2007,60527,29229,31427,54226,76804,23563,27082,54521,84792,15034,34597,85062,7035,9377,8115,2630,013,65,00
TienGiang,30-12-2007,98371,87221,72598,37683,05307,96079,43957,63222,11717,05066,84009,77799,2925,8509,1581,0128,557,00
TienGiang,23-12-2007,92915,89908,65180,29450,27606,10831,09185,37861,73917,73141,24920,09725,6545,1059,4352,5394,370,72,00
TienGiang,19-12-2007,84465,40801,59663,99020,74861,14237,80071,91017,87224,35379,05065,26394,4908,1599,8428,9305,992,64,00
TienGiang,16-12-2007,94047,16336,03819,08733,24311,32715,89865,03187,89277,57732,29658,93721,2519,0768,3705,8054,395,50,00
TienGiang,02-12-2007,26184,04375,71803,81830,71007,02407,80877,77091,70223,60492,47607,29134,1032,0926,9631,9971,082,40,00
TienGiang,28-11-2007,05891,76491,59066,50317,11887,81539,40429,40500,97118,20915,08129,91660,1089,8312,3433,6559,444,22,00
TienGiang,25-11-2007,25548,96159,11444,08067,10523,95719,85005,33026,91758,40452,65617,82007,5038,8140,7605,0140,643,91,00
TienGiang,18-11-2007,03614,98239,46890,60491,12648,81812,58372,85827,30472,48421,00317,15576,3758,8534,6415,0810,930,61,00
TienGiang,11-11-2007,24545,89642,29334,69928,32412,64651,28316,84151,98990,03570,49529,90209,8299,9787,4179,5835,739,69,00
TienGiang,04-11-2007,95327,82540,84477,97997,16950,61067,78175,68601,09712,40872,69367,17416,4583,4492,2623,3707,358,68,00
TienGiang,21-10-2007,12586,21789,59623,28613,08037,66931,17508,67914,53263,21972,26341,65816,5043,5631,6993,4776,872,01,00
TienGiang,14-10-2007,90830,72423,67132,04468,48475,04799,25643,52099,44505,58850,94210,81181,9208,9031,9600,7230,697,85,00
TienGiang,07-10-2007,52820,32831,65509,92787,45632,04814,15994,18036,18579,47644,27518,17516,3228,2682,9919,5164,191,27,00
TienGiang,30-09-2007,12743,76785,58739,87291,03422,13009,81679,98784,73181,63181,35016,79157,4973,4305,5923,9615,920,50,00
TienGiang,23-09-2007,48244,89225,58068,83155,18177,62128,03478,42308,52461,90680,93561,37800,3652,0779,4565,5651,838,28,00
TienGiang,16-09-2007,94806,33535,98210,49204,18577,86954,25384,48274,74630,72961,57349,18260,3250,3872,3912,4799,644,56,00
TienGiang,09-09-2007,54641,39805,52046,87470,93044,54198,42294,00037,18432,47704,85602,85947,5749,9814,5495,2184,590,90,00
TienGiang,02-09-2007,44518,41433,74039,91020,08555,78875,16637,13823,32681,80197,77913,59616,4194,0120,4416,5488,891,65,00
TienGiang,26-08-2007,01358,40889,25239,14778,46583,00126,04266,54508,96499,25228,82148,69602,0062,5106,0857,3461,511,54,00
TienGiang,19-08-2007,51544,75360,75103,08594,76621,74109,88226,98888,08538,54061,06771,88375,9072,9220,8767,3324,753,74,00
TienGiang,12-08-2007,66847,24687,62270,87426,48007,34434,08734,08009,57011,20353,03226,60351,5004,7101,7494,5628,501,32,00
TienGiang,05-08-2007,65097,69302,36071,15722,75545,12214,97319,27577,51541,40955,86003,78078,5702,3411,6997,9669,304,56,00
TienGiang,29-07-2007,47148,29585,55899,26439,58101,29668,81257,59050,53087,40212,85785,13565,4454,0328,7874,5203,008,86,00
TienGiang,22-07-2007,04597,79718,06060,76968,56594,05464,77713,00314,84473,79963,32392,68951,8447,7153,6398,6947,566,48,00
TienGiang,15-07-2007,13311,84511,97617,79031,39138,43184,25169,57903,23055,39798,43920,17384,7700,5323,5696,9597,529,82,00
TienGiang,08-07-2007,36372,24025,40419,87594,37774,84052,11496,36768,19493,28638,19178,97738,7145,1332,1846,0430,129,94,00
TienGiang,01-07-2007,42432,84879,46621,44283,64862,43832,15991,16023,41691,21332,51638,27328,2865,0269,5585,7560,549,19,00
TienGiang,24-06-2007,79259,51544,49533,00867,55902,95088,47454,04950,18020,26594,03674,73347,8632,4810,5401,0794,142,20,00
TienGiang,17-06-2007,84341,95126,20180,50189,33847,82256,07051,66977,49830,06798,85566,76977,7363,7237,5739,2887,663,75,00
TienGiang,10-06-2007,07103,59873,83570,27322,59003,00003,59247,30424,98167,00191,98203,79772,2955,6942,6419,6515,400,82,00
TienGiang,03-06-2007,64949,41130,08511,65636,08563,63344,31705,21048,33828,86695,60275,99239,3240,6045,2227,6575,315,33,00
TienGiang,27-05-2007,04063,45183,79848,25013,68577,58269,19255,63249,51250,10794,56516,56634,4166,6964,3662,7838,921,46,00
TienGiang,20-05-2007,72846,36889,34127,98977,26493,87583,33715,09430,26630,08678,03559,43460,1532,2717,6675,1629,011,75,00
TienGiang,13-05-2007,94736,77855,82358,06944,45513,40590,55422,82162,48495,83202,16025,05589,9233,4705,5692,5580,412,62,00
TienGiang,06-05-2007,78428,41093,76972,04081,53869,92536,14541,57757,66059,45139,61043,63879,7447,6095,8136,7556,821,19,00
TienGiang,29-04-2007,79067,65385,09840,42443,61787,76532,20010,00691,43888,90753,66675,48684,5467,8657,9215,0673,553,23,00
TienGiang,22-04-2007,84244,79551,60555,56213,30192,59317,78826,02327,55341,82607,87299,51398,6358,1084,5588,7308,552,40,00
TienGiang,08-04-2007,54969,49035,86313,14313,29532,97263,20595,17906,59865,37290,97127,78494,7287,5144,5242,6962,769,19,00
TienGiang,01-04-2007,98893,60701,43475,82592,03355,43577,54516,94080,67045,13277,02153,69463,6020,8436,2491,0425,138,63,00
TienGiang,25-03-2007,74467,73613,94265,13602,63946,97890,04570,76043,47172,08928,10623,72800,0723,9122,8145,5126,456,42,00
TienGiang,18-03-2007,14713,69876,00185,45701,43791,96088,35527,23970,14357,35502,22849,62414,1664,7941,7535,1759,953,35,00
TienGiang,11-03-2007,05728,40565,89554,78208,97257,43415,07030,69152,71155,09375,35354,45810,6011,8160,3990,6668,907,85,00
TienGiang,04-03-2007,93861,74727,74928,70355,39344,36996,86816,62247,99009,68145,18871,64040,7020,0631,9560,0379,570,85,00
TienGiang,25-02-2007,63022,12389,71375,68628,73475,53465,49177,95264,54358,12731,53357,57243,3559,8488,0004,4817,951,47,00
TienGiang,18-02-2007,68353,93023,58214,21710,75460,98726,27454,13746,42801,63095,78178,19043,4822,9901,7943,2615,151,92,00
TienGiang,11-02-2007,55159,83861,64446,50277,79498,68052,88332,99499,17396,61904,64824,55167,7287,3964,1838,6361,701,20,00
TienGiang,04-02-2007,01618,34876,61150,73826,73527,98510,44219,76636,67224,65850,38893,04948,8199,6504,4249,5384,136,55,00
TienGiang,28-01-2007,11356,86363,23862,20244,65646,65034,67908,29713,56587,50818,18827,00057,8207,5074,7395,5539,608,95,00
TienGiang,21-01-2007,47712,28228,85417,26191,23487,08573,75520,25021,00145,75844,95188,52669,2749,9059,0788,0462,650,01,00
TienGiang,14-01-2007,98247,39246,91170,14962,99375,76024,04590,29496,27348,85010,97103,43402,9930,1706,0101,9051,212,56,00
TienGiang,07-01-2007,91780,90767,89546,73321,28592,49941,33486,87762,39630,96704,98882,32861,6463,1986,2952,1261,041,50,00