TraVinh,17-11-2018,993181,16695,51149,55526,90916,75777,96080,75615,80150,92430,11054,46050,1722,7628,4958,5978,372,83
TraVinh,09-11-2018,878406,52152,75123,12879,93870,35518,41238,43937,04890,04657,79658,63285,1153,7374,2739,3462,740,31
TraVinh,02-11-2018,300625,23714,20377,91502,57134,52892,41806,46207,15860,82378,01759,51125,6515,2131,4835,0806,330,41
TraVinh,26-10-2018,804126,51706,37872,20800,91327,16196,53203,07002,08918,97311,66338,41767,1663,3963,0317,3140,674,48
TraVinh,19-10-2018,218373,07392,18450,09474,24005,06583,98023,44395,04566,86233,35604,63180,1805,3441,2146,2529,747,76
TraVinh,12-10-2018,604968,84568,57852,74512,04620,24163,78905,54332,21964,48627,07076,82861,6650,0073,0078,4391,816,62
TraVinh,05-10-2018,526440,53122,02358,79480,31310,28925,98449,98193,62878,19560,74562,69753,8265,0661,3946,4060,470,30
TraVinh,28-09-2018,634573,81512,23778,58323,54218,12221,27284,19772,05216,07177,82539,99306,5733,6451,6430,4063,771,20
TraVinh,21-09-2018,543794,08243,48214,52481,67180,02859,28707,26705,87476,31296,20564,69361,5049,0226,5850,6574,960,26
TraVinh,14-09-2018,603052,32951,25276,52762,34663,63891,36508,27415,76499,00164,48207,54500,0265,9470,8159,3465,858,03
TraVinh,07-09-2018,489358,96613,88271,98591,98480,67101,92128,26627,30765,29454,75342,12499,0783,4625,7365,8070,111,62
TraVinh,31-08-2018,406276,47328,94738,46880,03147,86675,40062,45449,38809,86286,86740,77621,6590,2927,3457,9931,303,86
TraVinh,24-08-2018,562660,89011,33781,26516,12434,74544,24581,75558,83059,21182,98586,07310,7400,7950,0791,8947,191,53
TraVinh,03-08-2018,459985,17518,18431,42333,23153,33927,03540,88683,13884,31795,53540,50695,5885,3783,2403,7214,059,95
TraVinh,27-07-2018,209884,14616,06417,19593,27723,41623,63562,77792,83613,17209,63835,31416,3705,8813,8011,6587,843,23
TraVinh,20-07-2018,312417,14472,16567,57203,13642,62849,81096,61983,86887,80625,35633,62830,7262,7591,6008,5463,486,79
TraVinh,13-07-2018,211892,14143,02362,44032,95211,45277,19630,38675,51985,77427,17790,42666,3954,3088,5715,2448,903,13
TraVinh,06-07-2018,524046,44025,99213,06978,88740,06863,51768,70183,68962,81431,49189,63425,0701,8744,4810,7922,191,94
TraVinh,29-06-2018,000066,73593,75712,42120,87157,94135,92199,76771,24611,80609,78794,77205,0202,0518,2478,4866,264,35
TraVinh,22-06-2018,976508,44515,09589,32568,66031,53095,04688,41943,47824,85948,61229,00876,2963,4316,2759,7737,638,63
TraVinh,15-06-2018,134177,89222,88409,61096,22467,51469,91170,22198,61333,93361,26267,06092,9686,1394,4109,4831,593,51
TraVinh,08-06-2018,256912,31861,60030,41549,83840,32047,06563,48612,42505,96522,47863,52970,8891,2800,6838,4472,828,53
TraVinh,01-06-2018,682264,18597,82978,43711,46392,97916,91029,08753,35279,17074,33611,38500,4760,4838,5243,4169,840,76
TraVinh,25-05-2018,277784,27914,54319,03808,43454,15207,38079,95421,44928,39125,01437,74905,8228,6133,9816,4274,024,15
TraVinh,18-05-2018,820545,20797,11408,89387,72525,42235,40800,96581,15130,46169,44271,26175,5866,3226,3244,3813,965,59
TraVinh,11-05-2018,822105,78858,23420,68794,07939,16617,64534,30356,46688,17038,75826,78697,0001,2533,5208,0365,409,56
TraVinh,04-05-2018,923726,67217,42977,51178,49533,16058,86081,49414,36669,85123,24924,33079,5251,4893,4984,5266,816,38
TraVinh,27-04-2018,516432,81081,57401,58742,37753,52980,22781,20584,72627,95549,30350,57112,3912,5543,2674,6127,778,27
TraVinh,20-04-2018,234284,17707,93440,20154,35708,36305,70160,50818,93192,59392,37026,15359,6234,6784,1601,7004,791,71
TraVinh,13-04-2018,599354,06957,14906,87568,00914,61742,76277,19082,38180,33230,56831,53940,2403,9497,8244,1393,542,26
TraVinh,06-04-2018,298011,54375,40529,35270,24478,44152,53954,39971,76638,40513,13344,78913,7569,8311,6997,8464,755,49
TraVinh,30-03-2018,653002,40318,78718,89478,79685,57176,56549,78316,12167,43054,04870,10401,2094,9808,6454,4433,450,37
TraVinh,23-03-2018,857364,68630,81377,11324,26754,87106,01361,90761,22221,03531,63534,84255,1999,7608,4750,8340,529,81
TraVinh,16-03-2018,763628,28984,31488,80066,32238,95100,12903,53220,01855,80317,43663,48073,7234,9881,3145,1038,782,05
TraVinh,09-03-2018,702647,32814,75278,30234,60941,20144,67995,75027,42571,92710,03303,28418,2335,6390,3237,4327,284,42
TraVinh,02-03-2018,197406,53123,18553,97202,33966,84530,66296,38416,44853,95120,35627,36377,2272,1507,9699,7916,002,15
TraVinh,23-02-2018,191556,89510,78310,09069,78020,66010,30182,49627,12209,07976,21778,76173,3642,9527,2386,8771,442,69
TraVinh,16-02-2018,498483,43907,77461,84691,16686,60698,14703,40563,57806,18092,25372,78757,0605,5485,1561,4020,124,55
TraVinh,09-02-2018,885702,03831,33154,37847,81446,11830,42068,19490,78636,44579,22225,49803,5927,6931,2223,1268,429,23
TraVinh,26-01-2018,473768,76761,73868,33857,24371,82660,85510,32160,48292,72020,61565,26450,8582,0686,7453,4884,845,45
TraVinh,19-01-2018,038801,33816,59157,95553,98093,53419,41192,74889,17307,58538,94697,67724,8941,9884,8517,4080,311,60
TraVinh,12-01-2018,600886,43903,74859,50738,25576,87199,30643,94629,51720,23788,62432,18612,8839,4212,5464,3142,845,42
TraVinh,29-12-2017,016413,98495,82611,95396,61694,74259,58469,48301,05659,12094,15557,47317,5522,3773,7066,9080,902,47
TraVinh,22-12-2017,418153,87270,88732,95527,59098,90132,22829,38800,52602,63433,34996,52406,1479,2488,6720,7733,315,83
TraVinh,15-12-2017,431586,99652,35677,65797,17996,47893,57187,24526,74928,61512,00176,53458,9552,7587,1928,3822,764,01
TraVinh,08-12-2017,241971,22338,65935,31949,26494,34506,93001,00987,09190,47181,96824,47153,8056,6522,1900,6596,357,40
TraVinh,01-12-2017,655544,69427,36485,35321,31155,31530,88277,70124,15718,06363,51983,63671,0078,3044,7167,8728,184,69
TraVinh,24-11-2017,930125,77551,97779,60964,56988,11857,01604,04390,71793,04507,29585,65070,4598,5272,9623,4829,127,54
TraVinh,10-11-2017,119024,68440,69424,75481,09989,53377,24716,08782,55299,09814,30886,93641,2644,1672,4989,2921,214,73
TraVinh,03-11-2017,340401,40548,75276,12721,09862,72405,50982,08161,21560,28859,83464,74077,7678,1601,6679,1427,924,56
TraVinh,27-10-2017,116804,10447,10293,12189,59925,13839,16903,44599,45624,46487,23129,30775,5207,3783,3348,9664,494,73
TraVinh,20-10-2017,142177,41349,11800,49097,42858,94338,84945,58646,96453,38898,21965,69328,5205,9247,1618,9627,924,08
TraVinh,13-10-2017,051890,89092,27029,75382,58843,70320,75946,60563,41530,22617,70337,64667,4415,8804,6373,3949,605,60
TraVinh,06-10-2017,728073,67869,93417,85620,11392,08359,18533,11648,92702,75561,53278,37891,7355,6899,3804,6992,604,36
TraVinh,29-09-2017,346008,46023,06132,79112,94035,27679,11588,59858,97814,39441,22635,20438,0402,3519,4839,7910,550,28
TraVinh,15-09-2017,114678,46386,57039,45123,44904,77600,25987,82179,23629,61979,60946,46024,7150,8935,4562,3739,616,99
TraVinh,08-09-2017,190631,09475,39299,68074,66865,98121,12807,38310,33278,46717,24887,58811,6657,9619,7539,4587,842,17
TraVinh,25-08-2017,171717,65109,80076,12363,04944,44125,61041,56455,33771,19858,53915,92239,2749,2326,7550,5364,213,99
TraVinh,18-08-2017,745751,88792,51930,39870,01579,46634,48177,82740,25793,25024,17997,91586,7078,1424,3345,6506,404,93
TraVinh,11-08-2017,606742,91147,15508,94264,05263,59825,06838,67451,66381,22609,79056,77155,1626,2848,7736,4885,932,36
TraVinh,28-07-2017,156541,85773,43960,98756,00502,70472,27146,37778,38145,09981,82517,97514,5715,9214,0104,3326,680,55
TraVinh,21-07-2017,114091,37310,50773,36367,16151,70698,36844,92430,66681,28658,00546,54435,7659,8346,9837,3571,476,14
TraVinh,14-07-2017,629063,77145,51054,37453,44919,22226,38734,39855,92170,91861,97123,83401,7982,7129,2910,4456,041,16
TraVinh,07-07-2017,258595,72238,77833,66353,27477,20921,61098,95249,03131,49982,37740,29659,5191,1076,0279,5906,483,26
TraVinh,30-06-2017,522149,13817,67504,22064,50606,20938,09870,49444,73521,55528,24804,99785,4693,5530,3612,8071,976,71
TraVinh,23-06-2017,664733,61980,59331,23742,79439,19380,18167,18767,17891,29756,50983,28900,3629,5649,3727,0923,965,17
TraVinh,16-06-2017,953131,19386,37748,72057,62377,46009,03393,09757,08109,00084,63568,33897,2992,8534,7765,7493,654,26
TraVinh,09-06-2017,061067,54552,42643,22946,48150,97436,41740,29160,29374,28688,63046,75411,7604,1805,6682,8358,656,22
TraVinh,02-06-2017,296427,71747,86579,27835,89978,92006,21193,74892,55403,66978,45022,98115,5438,0524,0617,8209,459,05
TraVinh,19-05-2017,149791,40394,85399,29548,72011,28097,17587,13290,55394,00951,26117,07864,9161,3285,8323,0052,915,09
TraVinh,12-05-2017,303327,35400,72275,74459,29585,10337,43695,80155,42369,82344,60982,11409,7259,2555,7291,0176,162,42
TraVinh,05-05-2017,718532,67168,83705,63538,60282,60991,20900,81510,85784,73527,07620,16691,2872,2250,6104,3526,749,45
TraVinh,28-04-2017,829643,22719,73707,91381,66018,36946,02529,73451,14766,12599,30402,40259,9329,3782,1426,7451,630,05
TraVinh,21-04-2017,364484,62000,40960,29873,38729,50907,37881,37234,28249,29889,77554,03863,1557,3650,1226,5089,520,32
TraVinh,14-04-2017,601605,56549,52417,11186,91739,76946,19390,33161,30560,16989,88652,41740,6989,6211,5944,3274,828,55
TraVinh,07-04-2017,297380,31195,62852,89848,24744,22304,24553,06946,90160,08696,80163,51426,2007,5151,8618,5982,892,53
TraVinh,31-03-2017,104500,78206,44176,26565,75575,62977,66397,36213,44135,56173,63785,40186,1502,0186,7414,6119,973,48
TraVinh,24-03-2017,743270,59087,39650,19012,40140,86898,03526,91531,39943,95685,93466,38182,6905,6243,8437,8213,056,66
TraVinh,17-03-2017,254548,70550,79733,79766,61340,65675,47801,04230,03464,86058,15397,60644,2838,2709,4951,6621,967,87
TraVinh,10-03-2017,784995,59292,79696,37226,61071,97171,27333,28644,00354,43787,93426,77413,8014,8240,9777,2873,746,74
TraVinh,03-03-2017,310385,63320,28599,41273,30838,94410,05036,02188,49161,40003,27420,35642,7372,6448,5112,9206,279,48
TraVinh,24-02-2017,615486,42906,81361,41855,24744,36112,13887,66196,97450,33188,14475,48605,2932,6459,0356,7091,558,68
TraVinh,17-02-2017,394192,98639,92831,25359,37759,84890,51147,38393,85040,22451,38134,29554,5637,1431,9471,4054,112,05
TraVinh,10-02-2017,112242,05535,81889,48548,30758,49990,96066,89937,40411,43125,28956,95051,6535,4783,8333,2639,791,80
TraVinh,03-02-2017,870639,21174,08811,57473,67914,52954,84168,50871,47430,51804,93398,88299,6768,8324,2066,7380,364,65
TraVinh,27-01-2017,468008,56979,01988,84227,50929,17524,21942,24284,00465,86365,72272,59538,8643,5544,1033,1368,250,78
TraVinh,20-01-2017,365703,35502,51249,84921,52842,25335,87893,99796,85409,25508,86059,76657,6966,6006,7814,6777,397,97
TraVinh,13-01-2017,879255,87997,14100,25190,78050,48101,00615,38710,71349,17208,68112,05934,4808,2371,7945,2332,959,57
TraVinh,06-01-2017,324722,58540,30990,36193,27744,41142,12654,28971,86267,84298,59057,57898,7509,2609,6348,3979,573,49
TraVinh,30-12-2016,008492,26631,41290,66932,92248,39105,16721,00852,16277,25773,00172,63370,3277,0295,4469,8828,419,91
TraVinh,23-12-2016,334661,86920,37846,25496,34964,63893,44716,51367,26986,76254,34262,09899,5433,1772,7832,1659,532,52
TraVinh,16-12-2016,686524,51066,04025,06957,89628,84215,54598,60282,81193,17284,15359,54139,0601,1446,7181,5513,609,19
TraVinh,09-12-2016,834181,86690,75634,31555,70384,52948,77517,77823,63654,69636,11909,37319,5960,0700,3379,4182,862,28
TraVinh,02-12-2016,137978,60368,45135,28304,06922,59635,68829,13891,21417,61960,21080,70289,1182,0214,4421,3701,617,55
TraVinh,25-11-2016,174171,78581,50925,67546,82599,15755,59233,92206,79172,06484,32249,15048,5899,3926,8363,5750,154,13
TraVinh,18-11-2016,684743,48936,39960,23718,49010,66648,26058,05691,97177,77423,56557,74243,1442,7386,4896,8091,980,24
TraVinh,11-11-2016,079137,38896,70617,92222,40409,02920,60302,05393,42359,99163,42009,48674,7337,0917,3192,9662,636,44
TraVinh,04-11-2016,301523,12588,71917,08553,09480,58319,70526,96158,28401,78276,35559,14449,0535,1661,3295,2632,832,83
TraVinh,28-10-2016,789000,14425,35753,50151,36898,16888,43086,96467,02892,91318,68352,43307,3595,7988,2030,2968,681,90
TraVinh,21-10-2016,991861,59545,21546,14424,84522,58653,87181,74337,71134,27442,76902,69515,4184,0044,2797,0252,834,24
TraVinh,14-10-2016,811854,63022,71134,07732,39072,22748,11406,03984,27756,43701,66636,24214,9176,7549,4783,6858,212,69
TraVinh,07-10-2016,069658,55859,51598,00849,39480,01077,96951,25730,45305,35063,45490,11483,4289,6447,4683,0702,616,81
TraVinh,30-09-2016,830447,46001,43309,98096,98840,07396,76627,95972,76129,68863,49684,49435,7267,7093,0431,4819,582,93
TraVinh,23-09-2016,016615,12122,71688,01176,83636,02627,01358,55967,66998,57871,96777,80875,1631,6261,8820,7908,733,80
TraVinh,16-09-2016,380597,73136,66391,76767,44454,80694,92223,39411,34463,31126,22607,64624,8936,3002,5898,8599,009,12
TraVinh,09-09-2016,409694,10090,81413,61168,12516,68636,61597,24504,15533,30693,93454,53248,6729,4485,5911,4971,805,98
TraVinh,02-09-2016,124452,14655,97848,11168,26267,03302,57206,73894,99582,55003,47412,07131,6796,9435,0315,4205,133,79
TraVinh,26-08-2016,644175,37563,20862,91812,27077,76099,73944,51870,16350,92366,56938,92395,0284,1185,4518,9977,358,76
TraVinh,19-08-2016,581400,88678,57944,33080,37645,30982,30296,21658,53797,25632,34663,79907,4046,1384,7149,2662,186,97
TraVinh,12-08-2016,967999,54019,33265,71129,34605,42215,72094,56163,30059,61091,48839,15891,3063,7652,0213,4066,310,14
TraVinh,05-08-2016,563214,81193,75969,65328,95517,73856,85618,50061,79170,05735,89896,26358,4527,2963,3821,4993,558,24
TraVinh,29-07-2016,378633,33041,12759,73689,60741,56086,87351,07698,81494,36359,26612,57207,7160,2390,6645,5842,234,46
TraVinh,22-07-2016,647400,30641,00848,25811,64095,72785,62836,89596,46405,79299,64574,37165,2946,3863,0629,0707,544,09
TraVinh,15-07-2016,865570,38758,02839,15362,23083,84030,50781,29297,27272,30075,98903,20765,0756,6836,8831,9286,316,70
TraVinh,08-07-2016,903643,36381,27270,72137,35047,22327,64438,57525,04344,04632,43113,67190,4008,9792,4427,7321,061,95
TraVinh,01-07-2016,056566,54988,46988,23176,93613,97257,11907,01726,70217,37200,87003,59336,3112,8496,7039,8714,230,12
TraVinh,24-06-2016,690367,27140,17880,48378,95256,44161,67630,32114,86551,68965,57345,64420,0701,7759,2360,0428,891,87
TraVinh,17-06-2016,548206,77684,79965,65639,79651,88749,24071,82682,20054,89841,76121,03224,5014,7786,7614,3642,576,44
TraVinh,10-06-2016,956241,59396,38718,96843,92615,72502,51521,90158,29447,01715,60442,23098,0426,5577,7105,3450,045,85
TraVinh,03-06-2016,988806,20316,96671,01762,98479,89697,42424,78933,06733,07180,00125,97628,6000,8643,3039,5191,718,05
TraVinh,27-05-2016,250932,20170,37139,02715,40216,86181,75459,00109,48890,88320,40821,72302,8476,1420,4757,5514,627,94
TraVinh,20-05-2016,959073,61601,63313,72433,54247,73157,06279,76353,95636,00770,72495,71706,2730,5851,0598,9450,167,04
TraVinh,13-05-2016,428289,08173,40590,03323,47312,73160,71698,43496,61378,61421,40814,24960,0143,6772,8167,0869,883,40
TraVinh,06-05-2016,600646,04411,08967,14165,65257,00971,71492,78869,16595,11273,95861,76441,8254,8099,6437,6060,980,56
TraVinh,29-04-2016,284315,51923,73756,69140,18730,07084,80470,01222,84470,18648,19791,09699,5936,2288,6960,4664,691,94
TraVinh,22-04-2016,934989,48783,89265,02281,09178,19507,74375,19495,97688,07721,23373,17991,5239,9359,0590,6975,719,89
TraVinh,15-04-2016,927497,97433,19188,61221,60858,42047,90827,80508,63072,24600,69468,44839,1349,5639,4290,7284,033,98
TraVinh,08-04-2016,043388,03962,59464,65869,09507,03315,25111,50206,36604,25954,37487,13450,8175,1636,9911,6827,236,80
TraVinh,01-04-2016,429078,17494,92032,54404,03095,44717,48498,37118,94051,31597,02607,99623,4497,1014,9174,7730,660,50
TraVinh,25-03-2016,089311,65534,81758,73682,87495,30700,10652,26523,75830,65288,12005,13351,1956,3691,8750,0126,284,80
TraVinh,18-03-2016,558346,45554,47745,84193,87021,58546,99517,41280,60075,06860,85415,22211,9448,8947,8961,7391,991,62
TraVinh,11-03-2016,693909,57943,70589,77501,31026,54896,88592,24950,75366,43328,72592,37544,8556,8303,1831,2342,930,20
TraVinh,04-03-2016,767518,09953,03079,88009,23807,36591,19633,02807,43090,74110,02750,37928,8055,1585,4357,1436,650,36
TraVinh,26-02-2016,157265,18726,13717,61653,40071,29433,10696,26781,53918,64917,82769,65641,0572,3455,8304,0048,519,06
TraVinh,19-02-2016,255978,11066,42821,23921,75389,22140,13687,36214,10729,07268,38125,75035,1195,6747,2888,8911,211,85
TraVinh,12-02-2016,030451,81247,31695,09924,62838,46872,60828,98908,94181,78838,65206,40860,5754,9922,4246,5520,257,76
TraVinh,05-02-2016,850008,64581,90128,65620,61862,76617,88042,94288,92141,30692,10895,89266,6275,3083,7429,0976,245,92
TraVinh,29-01-2016,139733,70425,91337,38826,26600,20511,02746,36269,32449,09182,00275,69479,2557,2821,8655,6373,705,80
TraVinh,22-01-2016,136079,34154,61027,24773,73175,92877,58365,48317,94734,81266,58311,23428,8683,3926,4219,7785,826,86
TraVinh,15-01-2016,303283,37936,40722,87089,13793,69413,29065,09986,29369,99795,15071,34384,1913,4316,0904,4270,708,55
TraVinh,08-01-2016,329494,30586,76424,62970,58285,14007,97358,31648,82486,91908,31622,52006,0492,6770,0739,9646,745,80
TraVinh,01-01-2016,172178,71255,26310,87245,88040,86993,01644,07030,62155,37078,87225,91800,1112,6953,6665,4756,717,22
TraVinh,25-12-2015,193636,21167,33760,72682,73012,35444,69360,32303,64488,73169,59995,59846,0653,4377,5452,9101,594,36
TraVinh,18-12-2015,915482,89835,47198,89620,53258,65639,72326,15123,59331,60142,90600,99098,1659,7859,7852,6270,319,09
TraVinh,11-12-2015,466154,14937,88600,95607,49820,03282,31937,66040,97819,73823,05340,96673,6761,9706,7165,0480,018,24
TraVinh,04-12-2015,285583,57587,37890,45840,02417,92043,92434,96575,50703,18184,59216,48640,4410,4347,9343,5119,802,34
TraVinh,27-11-2015,847503,58411,13708,44460,26510,68236,29641,59324,73012,59053,01832,78064,8581,1006,7591,0458,045,23
TraVinh,20-11-2015,993550,41512,37322,42344,74982,99040,27030,00904,22188,99397,75293,62369,2246,2405,3785,8383,655,90
TraVinh,13-11-2015,639226,27519,10200,28453,90734,26161,40948,54582,06138,93539,60780,03596,0708,2924,7297,4844,915,01
TraVinh,06-11-2015,519432,73483,50345,67082,94681,90345,68863,34368,80803,46639,05036,78915,7756,3404,2718,5576,585,10
TraVinh,30-10-2015,101932,74952,18373,17328,86431,31539,32776,68486,23184,51469,01263,28637,0558,1547,8575,2518,315,37
TraVinh,23-10-2015,492383,26852,93725,29973,06140,21613,11813,95167,48549,30729,59119,68714,5908,0793,2860,9372,713,65
TraVinh,16-10-2015,600544,35039,74100,19382,21896,70773,63325,10918,75752,12734,15048,58875,1009,7570,9909,0684,264,45
TraVinh,09-10-2015,516653,84606,09612,90669,66081,05192,46540,89577,64362,77331,34087,38590,4168,8623,0671,4146,713,63
TraVinh,02-10-2015,736973,04343,24637,05630,77032,02208,65296,28381,33459,60795,48738,19162,4791,7764,4170,1718,057,26
TraVinh,25-09-2015,468883,42328,45333,64568,75309,18125,24955,44680,02980,87211,63528,33982,0033,7121,8373,1394,915,98
TraVinh,18-09-2015,016692,75361,65598,53743,46800,50399,27912,98369,24265,93836,18537,35997,5722,2570,3284,2386,443,81
TraVinh,11-09-2015,877212,67288,17270,23526,44805,41940,20252,16382,83941,01021,91865,08372,9871,2773,4230,8305,487,79
TraVinh,04-09-2015,777937,07524,32623,56868,94354,79870,75803,19830,27909,61695,51119,56059,2315,4423,8971,5389,354,71
TraVinh,28-08-2015,272544,50423,08619,04148,98434,30398,92191,19285,48511,76045,95882,68371,1969,9882,2879,3514,212,83
TraVinh,21-08-2015,443472,27084,40780,88515,78005,05906,73738,42444,93906,90802,49512,66636,0884,1589,9212,8966,385,83
TraVinh,14-08-2015,521456,25962,82557,67967,71559,69486,46733,04284,59610,95675,11986,48025,0073,9639,0568,2456,367,21
TraVinh,07-08-2015,261739,69798,44506,98271,33322,79665,38741,75353,71271,18479,92941,66874,9672,5589,3997,5862,522,25
TraVinh,31-07-2015,355947,98535,41312,60073,59233,74338,85972,04986,07553,99818,75582,87482,5602,5167,6408,8158,905,01
TraVinh,24-07-2015,639702,69817,61963,23081,36694,97365,38922,16527,96532,58333,34180,09657,7050,6422,6634,0592,537,42
TraVinh,17-07-2015,379787,83942,32527,27492,34413,09571,39991,70241,16214,10563,83610,84668,3461,6954,4675,7121,425,89
TraVinh,10-07-2015,501429,69231,70357,81941,57237,54134,72766,96246,71345,23916,88057,69946,1254,8482,0119,5928,350,21
TraVinh,03-07-2015,545406,92667,67741,35134,01409,49848,82930,51397,00343,28829,85792,33212,9561,6284,5471,9624,616,00
TraVinh,26-06-2015,480587,07870,63086,94449,14608,27415,40545,02215,24154,99584,48816,40178,9933,1620,4996,1653,397,13
TraVinh,19-06-2015,704416,73413,76169,33554,90076,62048,85674,46570,89023,52964,62283,87872,4713,0852,6570,9174,350,53
TraVinh,12-06-2015,949333,89151,62272,60385,10775,15662,98818,40911,58549,99104,45563,86059,3136,2567,9898,2131,002,04
TraVinh,05-06-2015,838869,24838,56325,74277,63909,11910,48524,19567,53377,39327,97776,38353,2144,1146,5368,4794,249,82
TraVinh,29-05-2015,038446,25300,26116,67748,90043,02605,13906,82441,51917,75173,94977,97730,6918,5696,7610,2967,256,37
TraVinh,22-05-2015,832641,98731,30668,03076,41520,28109,77643,33167,34646,70451,63265,74008,1233,9753,5812,7820,483,94
TraVinh,15-05-2015,080695,12809,98396,57194,72779,02340,06706,83886,33406,16247,08213,71898,9053,3128,1403,9198,813,03
TraVinh,08-05-2015,071915,05674,64369,19473,33299,08518,89773,12155,46009,04217,37067,65978,9874,6878,2661,6730,108,57
TraVinh,01-05-2015,216383,53426,24470,81485,20042,71273,30070,92107,16353,87519,94640,55796,1952,9698,4941,8571,870,28
TraVinh,24-04-2015,688012,62144,51654,88917,47900,52869,68153,43562,82371,75805,42945,19570,8270,3326,6721,4617,006,58
TraVinh,17-04-2015,328211,14839,17423,31642,87605,10785,71895,91087,65831,61760,00728,10859,1396,6808,3171,5380,296,66
TraVinh,10-04-2015,347279,08995,09930,96613,60255,86455,85934,91107,23249,67110,11510,92593,8256,8466,7307,4236,444,28
TraVinh,03-04-2015,008620,96788,34365,21558,03169,76657,87805,30107,25643,78378,10680,82628,5888,5356,2706,8086,998,14
TraVinh,27-03-2015,569095,04075,06668,67606,85074,23966,44809,11058,39405,47053,91076,40223,7241,2948,2719,8307,339,75
TraVinh,20-03-2015,822142,21834,64930,06081,49986,47712,32193,60920,13580,50158,76026,73609,0525,8021,5751,8091,238,02
TraVinh,13-03-2015,312866,10285,61324,14237,51780,20937,34937,56792,00310,02980,25622,97578,0089,8534,0317,4396,486,29
TraVinh,06-03-2015,268692,98010,24432,15690,83271,03297,31605,31131,22981,68186,63183,40738,5768,1084,7807,6238,919,89
TraVinh,27-02-2015,119437,79623,39512,55044,25087,33926,20480,71237,93605,73174,68167,19255,3552,8884,7779,1492,333,48
TraVinh,20-02-2015,223145,68587,88814,08537,84510,44100,23827,52138,79603,14975,00436,84601,1370,3778,0730,6761,339,15
TraVinh,13-02-2015,452093,16354,29956,89345,99019,71492,03194,34339,64694,90570,99568,07154,8188,5122,4260,1075,287,39
TraVinh,06-02-2015,959945,67009,43654,95412,61957,99612,27993,80322,76053,56317,19741,51015,2541,2030,2204,8241,151,62
TraVinh,30-01-2015,570938,72624,50676,62619,19254,87983,51777,02644,07313,77948,44020,59244,6371,7783,6077,3514,789,37
TraVinh,23-01-2015,451472,84572,93900,90828,80937,97444,72934,29015,70861,89857,96038,45630,4461,6868,9072,4096,911,96
TraVinh,16-01-2015,680939,03225,65532,39729,12308,50209,22939,86967,38512,11987,59403,94764,5934,4621,4914,4045,594,34
TraVinh,09-01-2015,930633,09238,51470,49672,88096,11855,08608,63191,53107,48982,13305,32923,3142,7785,4298,0153,292,91
TraVinh,02-01-2015,992600,33737,19279,79589,45695,59348,39143,64804,38683,56131,10533,49390,0191,6720,6134,0260,763,75
TraVinh,26-12-2014,864909,30308,13164,85129,15266,49265,60339,47512,84373,98593,34316,43274,5694,6311,6003,4627,065,54
TraVinh,19-12-2014,577913,02980,58055,07889,29684,46492,02252,68376,34570,15709,09642,94888,8130,9483,5390,8530,914,51
TraVinh,12-12-2014,401794,45341,24882,38101,77002,22107,12634,19873,01255,97803,46904,71353,0552,7528,7211,0234,700,45
TraVinh,05-12-2014,830854,72788,65372,68040,71998,11781,92321,84803,76382,64696,71322,07542,8288,5189,4546,7356,709,90
TraVinh,28-11-2014,565729,97392,29667,39599,19071,99193,35701,74056,92925,40725,12108,94987,5696,1941,2645,0303,641,82
TraVinh,21-11-2014,986477,33178,20420,42814,94398,76621,28473,22007,09641,36165,15580,62123,8804,6562,2444,6669,567,67
TraVinh,14-11-2014,502463,84913,24190,14331,12030,54100,67233,46998,79615,52527,72315,73768,8209,5436,9032,0779,416,03
TraVinh,07-11-2014,158219,03918,72188,86997,49058,29127,23422,74002,15286,42343,45316,01985,6401,3083,7108,1483,544,17
TraVinh,31-10-2014,609953,93562,69802,18806,84340,44372,64478,72288,30230,98730,46843,86526,2576,6202,7026,3976,917,18
TraVinh,24-10-2014,655483,58113,31545,12124,88340,14748,05694,34002,34498,97920,99463,69555,3433,2096,0006,1137,359,49
TraVinh,17-10-2014,412931,71626,33128,06249,01046,10326,34510,12826,72315,53589,48666,89940,5043,6335,1864,0978,477,57
TraVinh,10-10-2014,938462,22779,16261,82889,14371,05356,51467,78319,06852,30052,66858,69225,1433,2425,6618,7879,777,16
TraVinh,03-10-2014,087948,31732,61128,72751,74646,88956,93192,77080,48056,26595,74907,92295,7240,3842,2892,0671,313,56
TraVinh,26-09-2014,014827,51928,98174,93865,49035,39312,77920,83166,57918,63280,30729,80725,3390,7692,1564,7400,528,35
TraVinh,19-09-2014,583114,94606,44292,89619,58651,54361,55957,07481,57914,75485,76658,29207,4093,6023,4722,6431,201,40
TraVinh,12-09-2014,637183,73100,60754,53116,30821,31824,31690,02033,58012,53352,55963,81545,6968,2528,8707,8545,437,29
TraVinh,05-09-2014,248924,68798,84709,52164,37347,82413,99844,21180,67327,87172,30298,31889,6649,0596,8726,8307,359,95
TraVinh,29-08-2014,842603,24349,04223,00327,00397,50206,68439,39495,04446,89410,84966,53561,4498,7371,4146,2041,881,21
TraVinh,22-08-2014,861500,85769,28945,16177,38175,81951,27874,96506,83829,84198,75529,24611,3310,2404,1386,5704,779,17
TraVinh,15-08-2014,710944,17022,86289,87484,73371,29007,21674,27375,79565,80427,34192,37376,0256,7721,4780,1325,974,73
TraVinh,08-08-2014,741752,36267,80799,18169,56716,30463,88079,23733,99821,01851,79269,68863,5442,7073,4454,2104,078,06
TraVinh,01-08-2014,045698,10855,99275,69733,67791,17625,31710,12242,76032,81842,80926,77394,2690,0047,2572,3953,262,97
TraVinh,25-07-2014,698215,50475,04797,33556,01687,04228,81086,39587,18142,65079,09162,02912,6711,3637,1014,6107,018,41
TraVinh,18-07-2014,008570,86968,32774,66340,29359,12501,74069,10238,11256,00510,68695,03061,2368,0336,4089,8107,531,66
TraVinh,11-07-2014,575290,34463,40411,22142,82784,87360,14206,80778,23805,30239,13130,07715,1899,5772,0435,4965,488,41
TraVinh,04-07-2014,571783,93586,83770,22299,53814,83928,96931,81830,41009,21705,09913,35030,0929,9438,6457,8476,856,68
TraVinh,27-06-2014,170675,99795,94672,46999,33279,65345,66963,87790,85115,82743,24348,66410,6568,5576,1688,3637,962,32
TraVinh,20-06-2014,502640,11942,12224,22865,26615,40943,75950,44200,02635,67524,70269,65705,4733,6896,0069,7901,026,63
TraVinh,13-06-2014,408006,57363,76116,88700,23372,74133,48903,73953,97123,49261,42773,32461,2516,4472,5069,1242,525,44
TraVinh,06-06-2014,276638,06565,06984,12660,03804,55561,57509,54386,58290,15311,70361,98626,6915,2766,0984,4687,471,11
TraVinh,30-05-2014,608850,37318,84402,72631,65668,32943,85100,48266,35083,26502,01115,34289,0419,1803,1548,6750,039,88
TraVinh,23-05-2014,083599,44348,01348,82645,20488,35886,50876,20199,25571,99771,38778,35484,9997,2137,6222,5614,643,74
TraVinh,16-05-2014,409440,59526,94915,54713,81737,92847,92963,38226,89821,42811,29975,94975,9484,3263,1390,3164,814,04
TraVinh,09-05-2014,542449,48449,39313,24135,08416,00846,83161,69651,52501,70761,14334,03957,9161,7284,2377,2023,032,09
TraVinh,02-05-2014,690403,47544,12936,14535,45978,36383,62525,15587,97394,06975,03674,20376,2997,8590,2683,1004,236,50
TraVinh,25-04-2014,520868,60583,75204,35293,88764,07447,26279,39636,96116,62650,90730,44171,6178,6117,3333,6124,918,84
TraVinh,18-04-2014,909685,54926,54708,68707,83797,44419,50174,70001,17304,67924,92140,83881,2228,2648,3602,7354,503,62
TraVinh,11-04-2014,342701,34912,55891,36763,44968,04490,50491,15133,91805,33376,99205,03327,8255,7976,4105,2077,178,66
TraVinh,04-04-2014,736226,86083,91741,86045,65554,72888,77814,97766,30816,44158,94166,49197,1498,7252,5011,2597,518,22
TraVinh,28-03-2014,794933,68077,38018,55272,36184,63407,23270,25497,92987,06947,24995,94832,7797,9401,8862,1642,351,25
TraVinh,21-03-2014,753588,89016,67180,84683,29009,68570,85146,05290,18697,86862,11824,10517,1095,0335,2046,6838,377,45
TraVinh,14-03-2014,617718,16478,67049,43312,00961,67012,03359,41051,67260,10155,90377,58945,6292,9467,0648,6179,900,95
TraVinh,07-03-2014,394921,06201,76272,83709,33668,24179,69225,16801,88980,46738,58705,61387,2417,8861,8279,8259,243,27
TraVinh,28-02-2014,785407,24596,87719,86549,66295,14474,43500,70701,60202,13599,76332,96317,3026,7924,7447,3574,431,73
TraVinh,21-02-2014,891576,32595,66885,90273,62820,47800,64860,88830,11246,51596,36767,47327,3061,0796,0347,0028,421,32
TraVinh,14-02-2014,023957,81176,49210,24942,93184,59807,76577,75368,67631,19447,39844,76769,9989,1568,3948,8525,378,46
TraVinh,07-02-2014,602408,22789,51494,73705,78324,06293,72710,19175,42017,94331,44532,00513,8580,5092,9774,9923,149,77
TraVinh,31-01-2014,384823,58700,57353,77692,74707,78869,59676,39583,18479,40772,94257,68091,5838,1353,0297,6602,448,98
TraVinh,24-01-2014,712543,67407,26246,39143,18764,33379,51739,81330,41754,74939,27585,31539,7782,8977,8740,3200,560,41
TraVinh,17-01-2014,010941,29118,65550,19666,33375,93942,98041,09243,86386,74995,44594,07102,8260,0338,5303,9239,891,09
TraVinh,10-01-2014,816611,02236,31857,64691,38280,61161,40767,83798,99823,43529,90104,40929,0625,8208,1977,3497,243,22
TraVinh,03-01-2014,286103,50706,25761,35814,17903,05041,80209,54936,43806,50749,23663,08915,9789,2363,3245,1338,709,27
TraVinh,27-12-2013,902424,46291,31822,58501,88052,37990,34260,62613,50695,19487,13556,28335,1317,3476,7444,6596,827,25
TraVinh,20-12-2013,580377,78447,75456,17190,80017,07183,62848,35152,01539,36887,38139,32155,3964,8536,5406,0242,321,74
TraVinh,13-12-2013,668885,91889,64990,90762,12878,42040,79346,06244,44243,81958,72382,11938,0215,5164,3806,4287,593,46
TraVinh,06-12-2013,456390,57164,40332,60423,72639,21263,05970,86926,30083,34044,34643,99891,0150,1276,6637,1297,854,42
TraVinh,29-11-2013,671550,98887,14947,62049,98061,71964,98196,64347,34176,04035,50449,54725,1334,0932,6987,5946,025,71
TraVinh,22-11-2013,838472,99522,12375,10837,58709,61492,73020,52822,03932,96198,07870,36541,6739,4000,6308,8222,672,33
TraVinh,15-11-2013,613572,61729,18184,48997,78840,46327,34274,31412,79505,46113,28853,53566,1176,0623,5296,6865,465,44
TraVinh,08-11-2013,772693,64494,38608,82182,85894,02016,59119,07054,35034,13946,59970,92226,6838,6341,1547,8248,752,11
TraVinh,01-11-2013,800477,24056,29945,66353,85536,51289,42340,10712,13286,64051,12969,49120,7537,9238,2031,8405,998,73
TraVinh,25-10-2013,295485,51297,24936,89887,26649,37819,79266,62136,89693,01243,05131,00819,0691,5185,3455,6209,967,18
TraVinh,18-10-2013,846447,62305,20357,65694,85489,12517,48139,31373,91491,44374,39546,29977,9037,1791,8676,4909,839,12
TraVinh,11-10-2013,078685,27999,28370,78207,94030,82939,95572,57369,61537,07531,50019,81232,9109,2041,5871,4755,666,09
TraVinh,04-10-2013,198715,34430,01401,96213,56629,51909,42210,33768,48479,14592,59768,09884,3454,1165,5029,9817,282,34
TraVinh,27-09-2013,473375,48393,35215,48364,21861,07594,19278,84946,00197,94295,35173,52284,0402,2868,8871,7933,378,74
TraVinh,20-09-2013,627201,56590,46698,19580,77100,69322,86847,69838,61557,30252,33494,91098,5662,7426,8906,4045,702,85
TraVinh,13-09-2013,141912,59435,34280,51085,78852,09417,94796,77257,84067,70615,92691,46732,0855,4249,8821,3804,932,82
TraVinh,06-09-2013,745716,22237,93334,04807,12887,77729,22694,31066,52948,22238,74794,11253,5547,3306,5009,4049,570,50
TraVinh,30-08-2013,496404,08959,74605,41856,75307,57053,51076,01468,28874,26924,94734,95585,1374,1195,3286,8937,387,46
TraVinh,23-08-2013,543527,47478,83481,38997,03609,60031,94709,17262,95983,20217,10437,38267,9549,5596,3366,5509,881,57
TraVinh,16-08-2013,628639,53896,55319,67396,81286,89364,57313,08121,67626,56880,79913,05666,9585,6445,0364,4913,278,26
TraVinh,09-08-2013,306390,58748,56892,62549,93682,23953,05678,33596,64273,67658,64957,98179,5280,4619,8338,5155,496,28
TraVinh,02-08-2013,474167,78925,15157,13160,95307,40311,08523,81094,53795,29730,73463,37115,7083,9583,1452,8701,386,95
TraVinh,26-07-2013,115581,94047,23577,52511,45386,07802,41325,39242,04361,15382,37303,14163,5033,8461,9420,5843,049,64
TraVinh,19-07-2013,031972,15154,17017,86389,19507,21583,86287,26738,47624,28092,41953,66248,6965,5803,5856,5629,721,51
TraVinh,12-07-2013,636279,43863,38850,63257,00438,58842,73328,69021,85048,09174,24724,73067,4047,9541,1452,5551,699,88
TraVinh,05-07-2013,496991,14151,73354,76747,20938,46168,40807,16443,99124,83108,50175,95371,7124,9738,0214,7047,390,11
TraVinh,28-06-2013,642554,66736,99520,99849,48143,25914,05510,51295,05554,99212,62327,82685,2778,3163,4267,7754,133,50
TraVinh,21-06-2013,874210,61843,07295,25182,90151,79165,06407,34900,02873,87740,31247,01660,3398,9769,4971,9870,557,13
TraVinh,14-06-2013,235208,32584,66916,77527,56151,90467,39884,37998,95161,22808,41645,32620,6913,2817,5465,0709,163,02
TraVinh,07-06-2013,373506,99897,58927,36723,28475,24455,02381,56500,26072,56009,88290,27409,0254,4229,8551,6987,446,92
TraVinh,31-05-2013,016858,25229,58292,84407,48337,23582,21066,42660,46939,13592,87520,66016,7650,3714,0372,7773,255,71
TraVinh,24-05-2013,404557,58802,74436,76677,23171,39358,13069,18864,39430,63109,87854,45019,0301,8258,1879,8148,942,40
TraVinh,17-05-2013,827548,72842,66040,98446,63373,99639,59060,70996,05749,47047,02142,43590,2226,3472,8729,1412,622,26
TraVinh,10-05-2013,765231,68787,74677,47774,31869,18921,28156,14043,01510,25258,16740,44680,4517,4012,9796,9732,431,31
TraVinh,03-05-2013,128038,38497,26273,06510,15139,26627,86828,15423,54483,12242,12166,61290,5914,9468,6805,0127,837,35
TraVinh,26-04-2013,763271,68217,81911,41795,68110,17878,10332,18452,60742,64060,41776,66389,2354,7885,5199,2805,911,64
TraVinh,19-04-2013,221273,07393,36542,00230,51295,91004,44958,33652,51439,80817,57865,74648,8924,3478,0839,4925,135,85
TraVinh,12-04-2013,854342,70842,17855,48643,96872,08623,55389,08857,90685,43231,06442,54953,1790,3474,3371,4419,904,72
TraVinh,05-04-2013,754287,31044,04419,70533,92624,26159,17826,98854,92997,40303,41616,03889,3381,6841,5007,7182,999,47
TraVinh,29-03-2013,138592,35270,67028,41393,64214,26771,48929,39400,54819,63655,78613,73644,1542,2105,0834,7607,902,40
TraVinh,22-03-2013,512390,55140,29832,37355,55203,47677,94938,55555,31919,96998,76025,82969,2928,3920,5108,3310,773,97
TraVinh,15-03-2013,275945,34127,64081,55807,69233,53970,20716,98010,44649,30652,30157,29069,5712,0543,1254,6186,966,75
TraVinh,08-03-2013,349702,37678,83831,77778,93377,55591,01271,47771,65066,41706,47897,03840,0086,6465,8762,3846,427,30
TraVinh,01-03-2013,599796,75630,26833,21930,94490,95520,97957,07734,72113,74836,23945,08744,3882,2340,8395,2452,337,29
TraVinh,22-02-2013,929995,68498,49369,12838,93886,08568,62711,83269,39945,48943,93162,46790,0628,5480,4514,2261,037,57
TraVinh,15-02-2013,427684,72510,18993,09643,40539,10817,84116,94463,92053,16236,26416,56748,9267,7173,7409,0701,903,70
TraVinh,08-02-2013,599074,25309,43892,04696,17544,27603,45983,28443,22797,47009,31816,83646,5164,7894,8095,8885,102,49
TraVinh,01-02-2013,593266,35830,90097,29782,79295,49633,41947,12058,55903,81473,66832,88457,3719,2611,2290,8819,182,04
TraVinh,25-01-2013,295858,75663,06668,44656,66324,55941,26531,37070,41563,74044,84150,53606,5594,7502,3599,8895,967,62
TraVinh,18-01-2013,398307,90197,17746,22041,86051,27557,37891,08283,38474,17309,28804,78869,9505,5862,9632,8702,502,49
TraVinh,11-01-2013,633603,53806,24540,54239,98462,37588,42500,77500,76388,70591,92609,50258,3313,6734,5007,9224,978,35
TraVinh,04-01-2013,067191,85364,78037,24328,61543,83315,46703,06185,30071,26206,79462,29577,7678,7294,7904,2604,423,54
TraVinh,28-12-2012,999287,45427,89354,17577,28188,77879,17446,74585,00049,75004,89364,35767,0521,9806,9938,4745,391,52
TraVinh,21-12-2012,263198,58462,73416,23727,27134,74679,46220,48789,72874,32587,21858,44446,1168,0971,1350,6799,584,70
TraVinh,14-12-2012,899814,20754,68660,76358,58608,91705,03397,37112,12824,38639,07665,05605,3939,9551,4753,5018,267,93
TraVinh,07-12-2012,206757,56325,07222,01464,23072,82282,92854,00140,93434,00698,33264,29225,8292,2193,7219,9567,883,05
TraVinh,30-11-2012,656951,26787,25488,27388,05620,29119,72652,21214,65390,29276,61319,79203,5611,6348,8713,8021,729,33
TraVinh,23-11-2012,854764,95963,06047,59495,23466,30498,49060,93937,44660,47859,54410,79189,6376,2755,6585,9939,777,21
TraVinh,16-11-2012,992607,42340,96901,61171,41819,84253,33256,55146,31545,41556,62527,83981,9811,1380,4799,8513,093,95
TraVinh,09-11-2012,236873,03895,41900,71533,80821,87451,38441,14204,39439,95001,62512,04643,7471,4816,9266,2373,374,45
TraVinh,02-11-2012,575958,22945,10055,11196,20006,53953,08844,06980,15734,50656,85454,60062,3100,1756,7274,9234,830,54
TraVinh,26-10-2012,136706,83054,12504,19064,10312,91537,27251,92185,03618,86581,23114,03404,5065,7536,6049,3363,358,28
TraVinh,19-10-2012,935245,08995,03016,38986,42978,64943,01721,32658,57248,58287,99335,96479,2134,5673,3381,1928,738,40
TraVinh,12-10-2012,268075,76255,59865,26702,80401,35548,06304,09697,25454,60840,08183,69481,0544,1720,3846,7033,969,76
TraVinh,05-10-2012,344618,63020,42366,60506,37451,09360,03711,32320,70317,47535,17418,81940,3098,2732,4684,6863,065,09
TraVinh,28-09-2012,418505,83073,99851,50568,65396,12747,53601,75778,15007,62890,85711,14061,1118,9628,6633,1214,630,17
TraVinh,21-09-2012,171696,79144,12434,37724,84204,97676,50161,83721,44036,31980,91736,41375,3211,3347,6667,6396,989,15
TraVinh,14-09-2012,839654,21391,39343,56489,00862,05435,54346,23918,70566,76296,27356,25208,0679,0283,8237,0726,413,94
TraVinh,07-09-2012,884694,05904,32904,52505,15596,12672,00900,37047,68354,82142,62268,86732,0029,6418,7688,6523,527,94
TraVinh,31-08-2012,872417,20151,86106,20981,65917,94124,31569,76647,74983,45902,71187,10184,2634,5146,7333,6852,291,49
TraVinh,24-08-2012,629021,27864,71717,46493,93701,82353,42134,09448,84098,18189,68511,07420,8379,5821,6967,4771,923,27
TraVinh,17-08-2012,013617,67680,10477,38943,09588,73675,23331,73104,70621,90552,73525,87867,2476,2210,6086,5091,002,61
TraVinh,10-08-2012,336784,99882,25166,89713,77014,29201,16593,43155,12720,97313,51645,95923,0452,6327,3241,0318,681,62
TraVinh,03-08-2012,110416,04768,56596,10688,88013,78550,09597,71439,04403,02354,27286,01668,3888,6858,7413,4003,532,79
TraVinh,27-07-2012,570545,24966,67539,15514,42005,93304,85353,23239,42928,86512,64434,59899,5468,9781,1759,7257,637,66
TraVinh,20-07-2012,559940,20068,36423,79899,05017,87356,38192,37001,64337,73162,70902,54917,4954,3040,5598,9804,499,67
TraVinh,13-07-2012,637428,71098,06977,41193,93821,68792,33597,27885,80891,17625,18038,58714,9241,6559,1902,6494,902,13
TraVinh,06-07-2012,147227,94923,91771,17660,88212,48442,94353,03947,68262,80714,10778,13795,7901,7311,3976,7724,808,02
TraVinh,29-06-2012,061735,33165,02777,71802,94484,47006,84427,91467,20989,71471,94175,54549,2380,0191,8927,3220,739,12
TraVinh,22-06-2012,430665,41386,84714,29159,00533,29524,68575,10244,32218,64421,19904,59438,2337,1741,0468,0151,981,01
TraVinh,15-06-2012,157874,16386,36802,79830,36633,79290,05320,07597,16467,68149,71554,78633,2682,6485,7102,0463,649,55
TraVinh,08-06-2012,705139,86082,22045,20661,85269,51818,12772,34448,57937,59637,33367,43047,7523,9039,5453,6550,012,94
TraVinh,02-06-2012,831025,12467,94934,23858,60960,99597,64802,17863,13997,61516,68004,13279,6673,7804,1994,7718,910,89
TraVinh,01-06-2012,831025,12467,94934,23858,60960,99597,64802,17863,13997,61516,68004,13279,6673,7804,1994,7718,910,89
TraVinh,25-05-2012,487607,26735,23160,99583,50449,84368,08524,03430,57550,76905,14698,93613,1616,0702,8025,7736,065,54
TraVinh,18-05-2012,926501,51394,08908,85750,61293,85000,93260,57361,95661,55120,37384,57634,5575,2569,3380,2814,107,04
TraVinh,11-05-2012,064775,85098,93148,05194,13450,40142,06170,76950,62554,49564,12508,41390,5758,7042,7276,2011,411,62
TraVinh,04-05-2012,924661,00998,77683,13225,72894,42453,01365,82850,71801,92243,95264,25382,6529,5184,5578,3351,011,37
TraVinh,27-04-2012,966740,65716,01709,51211,33124,19166,70735,40067,98699,61211,39449,36709,8553,7753,9370,6770,008,66
TraVinh,20-04-2012,239905,91289,72967,78535,15838,95162,13716,20747,05682,26439,19920,36963,3716,2282,5188,5337,079,90
TraVinh,13-04-2012,462970,33384,48801,12051,63481,40161,23670,31458,20183,06018,11842,22706,3642,5470,9183,2882,554,41
TraVinh,06-04-2012,311309,94308,88542,66445,31782,25420,43185,60180,33886,42590,38610,18359,9856,7260,8948,9119,486,73
TraVinh,30-03-2012,410551,26548,19807,43081,11359,83890,00659,93923,92000,09018,78435,96253,7783,4903,9691,7222,419,66
TraVinh,23-03-2012,344552,71746,72937,73557,65161,47903,51421,27735,59122,24861,36097,88234,0096,4020,6913,8377,504,94
TraVinh,16-03-2012,657878,24318,64111,02493,05826,54863,34645,74228,63320,29210,02485,21632,1473,1373,7849,2803,915,19
TraVinh,09-03-2012,339862,65302,70053,57977,85639,42852,29464,79613,04942,52982,73242,98732,6709,4841,6055,5643,408,56
TraVinh,02-03-2012,245530,66749,48811,97339,24335,31288,23001,86425,82849,23884,69312,06242,7610,3147,2396,3827,641,20
TraVinh,24-02-2012,969063,04233,14267,02867,68623,01667,03603,38914,22679,28801,32295,11330,3189,9988,3675,6572,599,55
TraVinh,21-02-2012,295240,24478,95326,77141,12269,87968,79978,58080,65428,61203,87377,09463,5435,6478,5488,4023,190,65
TraVinh,17-02-2012,295240,24478,95326,77141,12269,87968,79978,58080,65428,61203,87377,09463,5435,6478,5488,4023,190,65
TraVinh,10-02-2012,889730,16908,64276,64317,42265,85646,74694,33699,46968,87776,54240,78616,1676,2525,6295,0042,569,24
TraVinh,03-02-2012,533626,33933,19375,27945,10468,64970,68407,34613,43599,31979,09975,06929,8805,1349,2394,0365,995,82
TraVinh,27-01-2012,279166,88138,91364,47974,48048,49079,39188,13015,31295,21368,09572,94679,3159,7080,1844,3110,293,20
TraVinh,20-01-2012,013047,72981,03312,16987,74925,34023,08769,60050,32335,05341,13020,65492,6650,8956,8682,3505,420,33
TraVinh,13-01-2012,762322,00066,76998,27283,21242,51064,70970,82436,97575,59658,47404,94697,5630,1909,5991,2424,826,68
TraVinh,06-01-2012,766938,59061,44425,04480,18262,21483,80434,77287,53433,03533,64254,08331,3664,0236,4479,6272,733,73
TraVinh,30-12-2011,549728,36992,31391,33089,54130,15671,42894,91794,35755,69379,50531,47573,7680,8836,5149,7566,227,61
TraVinh,23-12-2011,392881,55947,72305,96118,77395,44003,30982,82074,94944,07584,47724,23301,1251,9335,2302,8169,873,40
TraVinh,16-12-2011,766076,32323,59032,51442,65975,58580,50428,97368,81601,53248,47667,48582,6670,0702,4753,3670,491,39
TraVinh,09-12-2011,663389,64995,68087,77090,57652,07640,79583,15395,02443,05961,67177,12281,8294,6791,9166,8655,493,01
TraVinh,02-12-2011,244852,92176,59867,74750,35919,41620,85321,57330,97043,47551,43731,28121,5152,5751,7975,2940,072,26
TraVinh,25-11-2011,034376,84951,68393,61811,92892,40442,95685,32532,45793,77489,75120,45175,1605,0489,5001,7609,003,18
TraVinh,18-11-2011,362518,97656,64031,39068,26763,80828,51597,00976,34621,34332,37395,94637,2552,5166,2335,1667,024,00
TraVinh,11-11-2011,785997,88370,20869,22142,18792,22497,36504,71143,33308,06873,26075,10932,9802,8665,4523,8004,393,98
TraVinh,04-11-2011,527001,31740,95805,54831,04702,84763,21599,40604,31945,13154,76422,45869,3079,0105,8740,2155,150,30
TraVinh,28-10-2011,565676,75528,21688,12887,74517,12051,38526,08985,96160,83227,00510,04682,3651,9730,2654,8389,824,61
TraVinh,21-10-2011,780927,44180,38846,56734,09526,25173,74898,98848,67461,90307,73467,66711,3084,7628,5700,2873,091,46
TraVinh,15-10-2011,088521,99003,49830,42964,16627,73924,13350,64230,65005,10350,36759,64475,8879,1670,2482,1775,694,21
TraVinh,14-10-2011,088521,99003,49830,42964,16627,73924,13350,64230,65005,10350,36759,64475,8879,1670,2482,1775,694,21
TraVinh,07-10-2011,514979,30308,16313,16185,85262,35318,50867,66904,39230,86496,71420,32088,8714,4929,4581,9639,935,23
TraVinh,30-09-2011,052046,76814,05103,45430,58185,80253,37635,59622,16886,75669,14203,80567,2054,4175,3411,5883,410,11
TraVinh,23-09-2011,222036,08361,98278,33341,44878,28395,25571,37252,22897,86414,24664,62168,9074,5517,5201,4198,539,45
TraVinh,16-09-2011,744117,05007,78358,49880,04876,94757,79268,90188,75874,63702,65654,55630,6813,2199,2763,5645,511,22
TraVinh,09-09-2011,064747,79004,70043,02419,12778,11363,31566,62588,60001,62703,29576,24702,8161,6642,4004,6209,031,68
TraVinh,02-09-2011,288454,50205,32924,10820,00840,68126,49050,92105,66249,60638,87237,64190,7007,4118,9376,4974,505,37
TraVinh,26-08-2011,695709,92248,40223,56560,11120,68120,62104,07936,65791,08682,79930,85855,7239,5306,9113,1165,514,70
TraVinh,19-08-2011,578110,72927,08490,77945,86550,89862,81154,64037,29553,45155,94242,47678,9306,3149,5654,3274,280,16
TraVinh,12-08-2011,650885,48391,53666,86412,64627,80028,59256,06166,69172,43559,61647,62816,2489,3224,5126,3219,763,03
TraVinh,05-08-2011,687578,79072,78957,17999,68945,35858,76092,37500,72402,05980,56294,46619,0399,9465,0171,7363,130,02
TraVinh,29-07-2011,726353,13418,66094,88263,20308,75947,79028,71582,16580,04925,15735,33214,8054,0652,5396,0079,686,27
TraVinh,22-07-2011,802320,84689,90071,36172,21370,71395,46437,74919,27428,05791,31945,31225,6786,3299,0019,0307,725,32
TraVinh,15-07-2011,348521,04548,17821,24027,09007,63632,74570,20830,78326,43959,15902,33309,1371,1428,6223,8757,501,92
TraVinh,08-07-2011,055739,47289,42434,40283,89192,88438,43703,82644,70472,57174,54647,13838,8524,5778,1299,9339,889,81
TraVinh,01-07-2011,151840,63231,87116,56425,78009,64602,70093,28174,72107,56423,79134,13043,8321,3919,0198,5980,632,52
TraVinh,24-06-2011,654468,40686,90780,80354,37018,07626,63822,32675,88610,59544,90302,16523,1406,4362,5455,5644,507,94
TraVinh,17-06-2011,267129,48909,50814,63731,24836,24908,90195,82865,31810,74181,24288,31040,8518,4959,9074,3917,247,29
TraVinh,10-06-2011,025301,85320,18332,92520,99813,43946,68709,56635,50106,15211,36255,91823,0151,8079,6564,9094,175,53
TraVinh,03-06-2011,848389,69530,25555,68563,26328,45660,78084,09996,29904,30900,03168,42389,1187,4842,0035,3068,016,06
TraVinh,27-05-2011,869121,24585,61549,29834,19364,17347,65427,35226,05215,61584,02839,39766,6497,6756,7548,3773,192,30
TraVinh,20-05-2011,277397,15386,73472,41364,60842,15881,13121,51147,73161,28714,17620,27926,3768,0881,7941,4631,419,06
TraVinh,13-05-2011,847307,77955,95196,28232,15560,69626,15013,72775,45814,21605,33420,14656,3233,5932,0112,2075,101,31
TraVinh,06-05-2011,893073,29617,31627,17899,24603,96602,16775,47690,72276,79154,11292,24106,3322,5236,4797,9961,448,50
TraVinh,29-04-2011,202946,43532,32990,47748,29016,78224,50234,70963,24587,55763,53021,15640,3075,1671,0343,7481,678,94
TraVinh,22-04-2011,052640,93707,17404,06148,16110,23144,56365,87767,74988,76678,19765,67094,9979,6831,2967,5987,631,30
TraVinh,15-04-2011,764449,40011,55825,21954,52872,13554,67432,84303,08458,58763,53220,45789,4029,9607,7077,4316,572,38
TraVinh,08-04-2011,315700,95013,74034,47121,80368,29435,45836,69383,09085,26956,09697,26779,9588,3300,0384,8942,320,81
TraVinh,01-04-2011,035826,80707,38414,36551,56029,12999,35727,51105,38907,51041,09402,96170,2926,7212,9916,5510,249,92
TraVinh,25-03-2011,419106,55598,33873,52058,39102,77661,14424,47041,20005,04755,96560,78547,5434,1658,0087,6071,911,28
TraVinh,18-03-2011,337176,01167,86162,01385,51210,75715,80787,52644,94390,27449,55430,39026,9349,6647,9374,0859,448,09
TraVinh,11-03-2011,723945,85561,94422,26721,97946,65368,89263,89141,07617,08843,32192,20187,4577,9590,8610,3031,811,35
TraVinh,04-03-2011,873553,91308,84864,53852,75910,00337,18042,27766,97004,19259,38668,31317,3376,2067,0655,3271,619,18
TraVinh,25-02-2011,254913,68786,97407,45669,10313,40224,87497,53915,59098,69662,69670,70183,0218,8570,9728,7102,984,39
TraVinh,18-02-2011,128072,86520,21292,68460,83312,39391,38117,10674,05974,25524,38969,31201,5887,0517,3913,6227,382,40
TraVinh,11-02-2011,126362,51223,77608,75774,13570,34332,83674,95760,67080,58016,06785,94653,1747,5191,6149,1003,473,77
TraVinh,04-02-2011,072551,14220,55832,71827,99774,22426,86239,79149,08648,30623,86652,76966,0544,3046,3619,5176,972,92
TraVinh,28-01-2011,978358,21360,33779,86946,33798,21862,81433,83461,88610,21396,85030,12633,6628,2612,3128,3162,623,52
TraVinh,21-01-2011,508705,65011,50695,58371,80764,66045,65683,73208,51263,17053,39262,64371,5587,5201,4920,0511,411,65
TraVinh,14-01-2011,530153,76587,27051,81429,17196,69177,78623,56308,22966,89961,09628,61186,7062,8215,8510,7491,551,80
TraVinh,07-01-2011,215682,84834,59369,84289,43899,54365,22228,69528,41928,71924,12106,73909,5023,0471,0141,7069,891,59
TraVinh,31-12-2010,225472,89043,07951,45366,01681,80908,42877,17872,83851,30229,54936,50048,6840,7900,0981,1408,294,79
TraVinh,24-12-2010,972031,91909,72655,43923,74305,05317,42116,51103,76976,07432,42808,81328,5468,5257,7948,7967,251,28
TraVinh,17-12-2010,932937,51583,69809,03913,62500,63927,61877,12646,06025,82545,09376,64983,2457,3180,1980,2782,426,56
TraVinh,10-12-2010,725997,80639,00490,55211,35640,48635,90686,82578,50872,40854,50745,52208,6311,3653,7678,2550,655,62
TraVinh,03-12-2010,686626,72034,98870,65087,97581,34670,64487,45908,77634,44755,39621,09749,6834,0673,7412,6224,402,96
TraVinh,26-11-2010,498426,67350,60162,56608,61914,61362,67428,24240,30465,49035,54139,54784,2083,7263,3360,2534,491,15
TraVinh,19-11-2010,554469,76949,59769,13819,15961,27873,62851,00017,22138,61635,82074,80364,7058,6113,7927,9765,100,79
TraVinh,12-11-2010,717816,49248,85325,02893,66965,88578,80607,72321,21153,33442,09037,28169,9748,1427,9545,5572,506,90
TraVinh,05-11-2010,115599,22301,41032,05814,06444,87155,13217,17594,58987,23465,88097,98326,8175,2381,4133,4296,992,47
TraVinh,29-10-2010,944399,21524,82356,67629,15471,30527,13816,10084,14798,17299,52363,61453,2777,1863,4422,2833,504,99
TraVinh,22-10-2010,625596,49605,11301,09777,30065,78956,15996,65217,43910,97150,63137,27393,0505,4018,0209,5774,879,85
TraVinh,15-10-2010,022019,23270,16688,24965,89341,45181,26730,16421,13104,00319,08320,01809,5943,3052,6697,8310,615,45
TraVinh,08-10-2010,609956,53257,00650,48246,57037,92360,46519,82507,16238,65449,54421,37780,3945,3323,9209,5377,692,58
TraVinh,01-10-2010,194592,45092,63077,23310,01875,62042,79358,94452,60732,05146,99327,60176,8298,7762,8953,1175,195,00
TraVinh,24-09-2010,295488,30362,25573,95449,58384,83166,86818,32488,26479,85630,18841,34029,0469,1164,9896,0536,120,43
TraVinh,17-09-2010,580404,56056,91114,45377,43761,78634,90670,20760,47341,86097,42051,27340,0706,0887,8798,1171,902,86
TraVinh,10-09-2010,940341,74595,92099,96173,06574,19407,62335,10356,28743,21092,47296,05851,5695,4576,8368,9669,930,90
TraVinh,03-09-2010,993008,50025,42049,63424,06306,18308,50822,07578,84262,66317,34399,05608,8620,7220,7975,6128,209,74
TraVinh,27-08-2010,015837,97692,01205,34953,72332,68785,43507,52201,39978,24346,96948,10188,3223,7022,8303,3900,956,10
TraVinh,20-08-2010,802269,69365,19347,33037,60310,68332,60880,69433,29129,91096,59005,02696,3942,7105,3834,3961,351,57
TraVinh,13-08-2010,430778,36873,03402,40940,91243,93967,11500,73315,55175,16828,83160,91696,9769,9812,7145,3040,697,47
TraVinh,06-08-2010,167033,11495,35102,87943,35276,48859,40881,69606,97906,04231,32378,27463,1133,7834,5507,6426,198,48
TraVinh,30-07-2010,597488,87923,89349,08969,88392,21465,85686,39816,78451,90877,70421,13476,5946,5513,6640,5895,410,55
TraVinh,23-07-2010,343369,49218,66918,46636,50116,97066,03337,09576,09759,79302,20507,89601,5177,2392,5611,7440,458,36
TraVinh,16-07-2010,582147,27914,51647,25610,44757,96232,21733,70027,56914,30291,95859,58334,6146,1132,6798,5600,213,30
TraVinh,09-07-2010,258706,92977,51368,76475,78168,64348,39398,12584,19217,76220,19474,10330,2550,0940,3626,9352,820,10
TraVinh,02-07-2010,113856,42214,46618,29126,87394,67883,16542,44793,66778,91241,42853,66244,9658,9572,9165,6608,564,60
TraVinh,25-06-2010,511239,99332,86139,59065,53982,28438,66762,75695,74105,69793,05027,01902,3405,5864,9318,1152,674,57
TraVinh,18-06-2010,845540,21991,05869,92783,46406,82347,81703,15977,95562,20294,36210,82005,9192,1052,4629,5641,557,44
TraVinh,11-06-2010,507008,00362,88806,47580,76546,21780,88312,43758,92597,50265,45400,31243,7796,1743,5360,4310,875,55
TraVinh,04-06-2010,206193,44851,43857,74459,33759,39086,69372,43902,35252,06930,29572,82194,3262,2760,3472,9021,750,33
TraVinh,28-05-2010,844714,24421,70255,81550,96844,26145,85056,08030,03949,35968,86991,65786,7524,5731,1205,8377,042,29
TraVinh,21-05-2010,691274,49751,31748,34228,69743,61489,69636,04822,43139,31735,88960,15096,7744,6441,0195,4217,287,14
TraVinh,14-05-2010,878760,40258,60633,39785,57755,18579,46296,00792,27769,49028,93394,42320,3562,7411,0254,4533,084,67
TraVinh,07-05-2010,428335,76489,38789,67974,05918,04826,64681,96561,82696,85037,93430,58482,7054,8541,0078,1837,605,63
TraVinh,30-04-2010,082283,61324,05711,15493,90213,47423,49021,92724,15591,57260,87429,63676,6384,6976,9568,6823,141,50
TraVinh,23-04-2010,954747,15775,85269,58813,33820,42442,87906,28251,88230,67448,40608,94994,5020,5919,1165,9995,614,25
TraVinh,16-04-2010,332759,60242,74030,59540,32803,71016,83932,05406,60771,98829,71450,77147,8937,1075,4149,4278,844,43
TraVinh,09-04-2010,445228,95445,05169,50970,65800,89397,39482,60640,68428,31595,70968,53238,3186,4752,8282,8404,611,09
TraVinh,02-04-2010,598440,63268,06917,37361,39363,69806,08547,39638,08541,32423,70999,84951,2579,1916,8234,7761,739,57
TraVinh,26-03-2010,345625,21398,71596,24634,56440,48995,32227,68171,27567,67655,29339,54907,3820,9687,1633,2531,816,83
TraVinh,19-03-2010,880780,07637,84242,37133,83500,77090,90034,33783,55539,28179,91010,93447,0119,7757,0814,7114,476,80
TraVinh,12-03-2010,406715,00678,33732,37021,64915,14295,00063,21951,84561,00573,39313,82127,8745,1645,9198,2625,039,72
TraVinh,05-03-2010,196342,41797,28050,80500,03625,65229,87963,46048,22381,78519,63283,29907,9446,7742,7210,0517,831,52
TraVinh,26-02-2010,694363,94306,83403,63745,50060,79591,25509,06962,92090,63218,85753,29750,7004,9186,7753,9966,139,34
TraVinh,19-02-2010,408781,90094,30875,18045,95927,51209,96317,04735,82939,93552,79906,03054,4672,7047,5834,4117,849,17
TraVinh,12-02-2010,051318,45004,79821,34990,57058,32613,07009,47396,15282,36411,99878,60240,0438,8391,6460,9365,223,30
TraVinh,05-02-2010,232457,08719,76769,52427,17187,57084,84195,29335,78856,11098,95295,91544,7824,9716,2701,2737,113,29
TraVinh,29-01-2010,983663,52255,11869,18834,57695,09383,78250,77856,22225,45781,55218,38935,7257,5416,3385,7288,516,38
TraVinh,22-01-2010,317412,34022,65782,19289,08480,40173,81398,01275,99941,17848,73444,95955,7617,2884,7933,6338,581,46
TraVinh,15-01-2010,153195,15969,87476,26631,16268,38223,32022,63572,67727,29246,77123,93941,6890,4381,3241,6013,894,42
TraVinh,08-01-2010,522609,80409,21687,44263,34465,39027,86836,88872,79872,19907,86173,13530,0880,1274,8108,7195,020,90
TraVinh,01-01-2010,173508,22656,39183,20918,72267,68223,47957,00171,50655,28123,85373,86004,4268,1710,3949,0644,068,62
TraVinh,25-12-2009,270766,38704,51749,40550,61630,84450,94303,83269,25340,92207,90736,00216,5389,2967,2443,7131,571,13
TraVinh,18-12-2009,324094,25478,72509,45371,89498,16728,25126,26952,45551,64506,92364,70911,7727,3937,7110,6433,994,91
TraVinh,11-12-2009,025753,28559,02467,35077,51922,53223,63283,14171,58068,61678,25738,51186,3889,8635,8117,9598,377,58
TraVinh,04-12-2009,745495,81173,65195,25154,07627,92845,26573,82234,70625,16170,46741,74002,0855,2567,3916,5436,643,20
TraVinh,27-11-2009,937754,88334,09437,14752,67844,07906,69375,50093,27352,74943,12866,79045,7019,3485,0132,0192,826,40
TraVinh,20-11-2009,780350,51497,99129,70497,17541,32036,74536,44179,99125,19717,28209,64735,4259,4144,4551,7102,977,35
TraVinh,13-11-2009,985658,90153,40122,80207,16472,70012,52962,96973,91536,20737,10536,46433,9237,6921,6213,0827,318,91
TraVinh,06-11-2009,018906,46832,45283,46850,82365,33986,91587,37101,99379,70199,10954,39093,3003,7010,1933,6917,402,70
TraVinh,30-10-2009,913625,51131,55047,27088,23375,09941,38353,52753,05894,90073,96114,33269,9250,9966,8902,2195,045,17
TraVinh,23-10-2009,967040,89522,86975,41978,15082,06939,43694,39467,46085,17719,75737,57191,4140,5310,0980,9559,706,19
TraVinh,16-10-2009,093660,93711,49069,40116,46906,38665,32317,01013,70648,17402,40031,03607,2641,1315,8925,9997,072,09
TraVinh,09-10-2009,056923,70336,75018,92801,11447,86927,30007,77042,75620,74423,76772,84294,0866,8487,2850,7619,177,83
TraVinh,02-10-2009,50666,95963,83665,54313,69711,28037,83156,47218,54282,14088,34923,29920,8915,0961,5393,5650,218,35,00
TraVinh,25-09-2009,08013,55873,97347,77760,77365,41097,91328,73125,49297,89365,88024,47674,9885,6051,7243,4854,296,46,00
TraVinh,18-09-2009,40628,49193,33057,74534,94782,13175,53628,47595,31782,75984,74491,81908,9203,9473,9871,2335,676,54,00
TraVinh,11-09-2009,70549,14100,41396,26290,17322,01722,99257,46393,56399,93842,81113,69404,6341,4061,0209,6214,654,89,00
TraVinh,04-09-2009,31345,12749,17630,37746,48666,94417,67837,26161,70524,00390,68541,53885,6850,9039,3075,9833,398,03,00
TraVinh,28-08-2009,55061,27038,18234,81713,29592,03865,63842,51650,17533,64863,68400,54685,9535,0732,4705,7628,456,90,00
TraVinh,21-08-2009,51108,77299,01682,42033,97887,64269,48526,86995,44931,90036,84052,41008,2335,7958,1785,8221,184,73,00
TraVinh,14-08-2009,06444,64148,56798,13457,03193,53851,30886,42190,12536,92520,91136,84599,8091,9042,9804,8156,469,71,00
TraVinh,07-08-2009,46741,39842,36156,66512,77945,82465,20386,23765,47129,17874,78948,50220,4453,4911,9816,6652,092,35,00
TraVinh,31-07-2009,48054,78412,29278,16317,42352,74506,75790,73672,53440,84532,61980,54769,8171,4652,8669,3745,315,88,00
TraVinh,24-07-2009,16516,59132,67097,33597,17526,83986,55493,93083,35307,16457,04616,70163,3810,5961,8331,8146,499,04,00
TraVinh,17-07-2009,74671,53713,93213,77237,29764,21421,31379,56771,14224,30575,77353,06718,8366,0110,4049,6184,947,13,00
TraVinh,10-07-2009,78509,79059,90210,13410,62402,86151,97351,63115,66551,61711,55831,98787,5060,2325,2987,0079,945,74,00
TraVinh,03-07-2009,39187,53658,73632,00527,24859,85097,49059,15152,03683,22158,83473,10706,6735,5325,5438,8634,831,60,00
TraVinh,26-06-2009,77203,72936,02533,52744,77479,38433,17468,31896,45346,48443,08739,06749,8408,4852,5364,8048,714,85,00
TraVinh,19-06-2009,54560,20875,98465,84560,62376,81991,75151,48713,59958,20239,52757,80646,6754,9822,9812,7206,800,41,00
TraVinh,12-06-2009,59054,52930,11831,36571,66855,31420,06728,34707,00012,73815,67718,84137,5263,2622,3720,7766,410,53,00
TraVinh,05-06-2009,46716,57544,46227,56530,42534,52085,07987,29323,67073,13520,97711,63680,6149,7823,1723,0880,129,43,00
TraVinh,29-05-2009,34717,14446,55647,98263,21175,27093,97335,17050,23774,41278,28568,48775,6618,6887,0817,5464,534,89,00
TraVinh,22-05-2009,80531,99034,52721,55008,17162,41263,08039,08753,82749,62394,22061,30522,1025,1905,3299,1105,185,35,00
TraVinh,15-05-2009,95255,11882,41303,62926,63160,67091,23699,46152,49120,42999,60965,51961,8326,9920,1003,4654,456,70,00
TraVinh,08-05-2009,39914,41743,93438,52846,18618,09038,11544,92645,35389,53062,39318,82156,6623,3559,0539,4512,692,56,00
TraVinh,01-05-2009,55095,98825,41207,19027,05654,36839,87905,91185,32726,79054,62930,04341,3257,6227,4541,5231,846,87,00
TraVinh,24-04-2009,55228,78985,44324,51039,49788,22647,61731,25976,57534,05224,04304,55791,7581,7530,3172,6603,376,74,00
TraVinh,17-04-2009,35612,75385,21050,35699,96768,06419,38264,66358,68093,84673,62620,05501,8360,4687,7684,2121,154,81,00
TraVinh,10-04-2009,64350,39624,06096,21532,74581,29461,81838,65192,03421,47388,08654,96282,8165,0126,6451,2178,693,59,00
TraVinh,03-04-2009,06616,45293,39278,57276,04776,12823,88288,77505,13196,29059,15421,73002,9786,0344,9998,1169,857,39,00
TraVinh,27-03-2009,93985,18573,81620,76271,01945,05794,63082,53121,88866,87203,53633,53711,9598,0469,6283,7012,100,98,00
TraVinh,20-03-2009,52519,82821,83050,53728,18847,18136,08539,43450,59326,63518,78195,92532,9086,2395,9031,2647,449,28,00
TraVinh,13-03-2009,98496,27878,94935,25870,28143,80173,57567,00161,40813,73342,32777,16164,6663,4735,2718,4614,645,56,00
TraVinh,06-03-2009,11966,71385,77121,71313,78669,05217,84752,77639,86592,14720,78735,20530,6030,2907,7610,6470,637,08,00
TraVinh,27-02-2009,71739,11948,46014,93792,79014,20010,51133,96282,69755,19752,66834,89210,6162,2788,5906,0016,127,29,00
TraVinh,20-02-2009,24449,09158,53351,41771,85751,59473,44484,48217,12070,06630,30554,39172,9725,8281,3732,9802,515,67,00
TraVinh,13-02-2009,11693,62204,43583,97418,92354,83832,10488,90590,32233,60444,76473,22370,5903,3626,3193,1296,956,51,00
TraVinh,06-02-2009,24974,96777,53656,48675,96612,06188,28870,31940,64888,32816,16341,60486,7893,0294,1014,6577,193,08,00
TraVinh,30-01-2009,71315,39483,71204,84474,63958,38527,63360,10420,36789,67152,43013,35653,0929,4455,8697,4624,698,16,00
TraVinh,23-01-2009,49897,57674,74739,15041,02071,37049,91398,05888,10258,33312,50680,53193,3353,3456,1818,4283,228,84,00
TraVinh,16-01-2009,46583,75663,97796,56232,22764,41065,26640,20000,58840,27216,20080,93791,3619,1374,7161,3543,798,95,00
TraVinh,09-01-2009,64625,33553,60118,88304,05352,51134,17270,52469,52548,49072,51853,78499,4652,9621,5714,3907,052,84,00
TraVinh,02-01-2009,22576,90886,79440,24468,83104,87761,51608,48310,10249,91519,43213,80302,1838,9173,5267,5889,473,10,00
TraVinh,26-12-2008,81640,29415,41174,05269,30632,10061,44873,35234,60891,33675,96843,34639,9559,9620,1601,8198,510,48,00
TraVinh,19-12-2008,99230,79435,56075,05089,12953,15562,79827,94306,78462,98438,63502,23814,9441,1108,6872,2704,547,20,00
TraVinh,12-12-2008,10174,35163,43115,19381,74119,09088,81286,45514,51482,29196,86832,71436,0179,9114,9262,8372,471,00
TraVinh,05-12-2008,46536,28395,85063,57553,00163,47303,24366,56038,60024,96904,44632,74079,0586,9909,6982,5436,021,34,00
TraVinh,28-11-2008,04676,83920,49329,67648,26680,50944,47659,11564,47401,92127,68735,27263,7782,5053,6376,0751,744,76,00
TraVinh,21-11-2008,72919,79398,16406,28143,83528,02663,52727,92151,19072,27200,68551,32976,8933,3969,1986,1069,651,98,00
TraVinh,14-11-2008,45529,34035,58102,36699,92264,94629,06061,14778,32110,22081,03951,63651,1841,0787,6597,4783,990,43,00
TraVinh,07-11-2008,51943,79879,75703,83496,07958,54926,32071,05986,88537,67539,80098,82075,9058,2942,9993,2163,653,03,00
TraVinh,31-10-2008,80848,55303,10580,84156,23707,91292,41586,80560,63560,94870,71102,46055,2014,1182,0755,3649,363,99,00
TraVinh,24-10-2008,64396,76222,57188,64472,29666,74393,31428,31179,28799,54386,29443,84254,7438,0615,9977,9751,789,59,00
TraVinh,17-10-2008,94610,41246,26309,96947,30105,25586,68291,46336,42704,52653,49552,20268,4214,7870,8665,4171,369,82,00
TraVinh,10-10-2008,21523,25713,22997,28476,98546,74507,40336,23315,85504,24877,01189,69143,1715,7904,2826,6708,016,80,00
TraVinh,03-10-2008,45442,03946,55012,46426,97353,39680,63979,07392,57051,12781,11259,79498,9348,6165,3770,9758,210,96,00
TraVinh,19-09-2008,95784,16373,60577,46780,58880,48043,44248,98809,74528,43491,41276,61294,1908,5745,7280,2231,879,91,00
TraVinh,12-09-2008,51113,50264,92576,92090,11435,20176,09990,55178,90517,54639,59577,06263,6363,4048,2086,9167,761,60,00
TraVinh,05-09-2008,27116,29020,55483,40593,75217,22071,91100,54367,78942,58935,87976,02276,4391,5743,4491,8658,784,35,00
TraVinh,29-08-2008,69567,63077,36122,95602,35942,08267,02319,44994,83631,44017,23485,35118,5305,1985,4452,1778,627,51,00
TraVinh,22-08-2008,59767,62654,10896,45647,33805,07483,84211,88558,36294,69737,24230,71524,6316,3779,1554,1046,577,48,00
TraVinh,15-08-2008,12078,81582,02104,25268,26833,12215,78270,94687,79299,86770,65048,32056,4598,0221,8088,8080,224,62,00
TraVinh,08-08-2008,60511,09395,39846,90134,30743,16559,87761,84643,22220,91652,33963,23139,1731,1665,6825,3507,869,80,00
TraVinh,01-08-2008,46289,18105,34087,82810,87008,35169,05100,50313,71334,40761,35554,97279,4396,9110,0044,0068,868,84,00
TraVinh,25-07-2008,98467,73212,64716,05446,92036,76953,74760,07365,68598,29436,07535,05109,3626,8938,8393,4264,579,78,00
TraVinh,18-07-2008,85985,72624,41630,73755,24052,42706,69154,81609,76279,94040,41637,07361,0053,6710,8499,8830,515,67,00
TraVinh,11-07-2008,94449,17706,07197,27328,59788,92021,56719,37587,48784,00637,65264,57673,9900,1429,5513,7392,692,52,00
TraVinh,04-07-2008,74257,39466,27712,63207,81939,85733,59131,88052,38350,31528,74839,79565,5300,3917,8373,0917,648,20,00
TraVinh,20-06-2008,70916,67860,91726,52522,84868,49604,59327,62231,07113,73706,99402,76881,3305,6634,1291,9879,056,69,00
TraVinh,13-06-2008,64408,78154,04762,40247,97675,31771,12227,94121,59192,03193,94257,57173,5281,6855,4309,8087,505,58,00
TraVinh,06-06-2008,18197,15534,27251,99629,13391,75690,75846,72437,63154,44638,06102,62455,0608,2659,1104,2932,022,89,00
TraVinh,30-05-2008,96029,87987,75289,25544,13340,14020,37213,55473,79103,36498,18553,18483,1661,1013,0718,8533,101,21,00
TraVinh,23-05-2008,66478,69704,56975,59865,23114,49091,35025,17781,72860,15208,73772,32273,0464,1980,6901,4043,024,45,00
TraVinh,16-05-2008,76436,54606,39068,11292,27921,93700,86942,13683,60535,54902,05338,89927,3830,7082,6421,3662,178,07,00
TraVinh,09-05-2008,40509,23615,17803,83608,74109,76336,27373,87764,57482,58745,91783,42369,0063,4508,4414,2810,038,11,00
TraVinh,02-05-2008,34158,69198,35512,07815,18578,51803,75544,64819,65320,86089,57756,63794,4478,2756,3098,8104,369,30,00
TraVinh,25-04-2008,81464,06439,64748,74661,15026,35411,77734,28636,54068,60236,34636,1303,3309,5221,1986,4134,978,51,00
TraVinh,18-04-2008,84084,27241,94461,05305,73662,80110,39859,64311,75785,58018,91807,1451,3146,5982,8792,4131,327,89,00
TraVinh,11-04-2008,62311,04494,47839,63037,24952,66759,00306,85276,68496,38002,89118,4332,2079,2104,6129,6288,113,88,00
TraVinh,04-04-2008,61715,44811,61727,04552,80480,36257,15036,03675,51786,96506,39392,1274,3480,2943,3246,4612,966,82,00
TraVinh,28-03-2008,82462,49075,71052,22137,78508,89020,83936,88074,74064,80006,39557,1276,4914,4226,3830,5571,537,63,00
TraVinh,21-03-2008,25511,91501,81577,57155,00173,75354,17012,50679,00450,32700,83299,2049,3507,1886,4716,8760,544,50,00
TraVinh,14-03-2008,29318,62005,04777,93500,03921,70751,30635,35777,02192,63276,20901,2587,9426,1227,9653,3120,115,57,00
TraVinh,07-03-2008,11037,99251,51196,74481,17534,82799,60028,38755,45956,44922,66579,1532,3898,9739,0449,9288,952,63,00
TraVinh,29-02-2008,40612,44001,82749,37071,97524,24004,30965,59953,91629,17363,98289,8271,4611,7085,6576,9699,165,56,00
TraVinh,22-02-2008,00980,25772,33859,11031,47934,25270,17779,20851,17649,76274,17081,8145,5992,0719,3576,6494,257,66,00
TraVinh,15-02-2008,39264,52974,20954,33168,93454,52050,68103,74488,51329,50091,62465,4704,3198,7690,1683,5837,079,05,00
TraVinh,08-02-2008,78219,45982,98488,04639,98322,94652,68384,29104,83907,34436,43909,5522,6426,9397,2658,7317,509,76,00
TraVinh,01-02-2008,21371,86067,39601,92973,61758,83820,02072,64656,39215,50952,69947,0660,9008,4708,8772,4765,091,51,00
TraVinh,25-01-2008,67048,26737,73127,44204,34279,20198,95450,28177,74134,51214,79392,8973,6701,1981,6908,6172,150,50,00
TraVinh,18-01-2008,26699,09012,43972,85295,98986,13395,68117,19731,04678,93448,13508,7553,9442,5929,7512,3293,227,78,00
TraVinh,11-01-2008,20556,92571,02572,80891,83150,91780,74447,73115,46801,37025,42944,3292,8081,3568,8604,7764,373,54,00
TraVinh,04-01-2008,48379,39054,53306,82756,22672,14569,05340,31281,29670,46824,26552,7775,8515,2976,4781,2666,965,88,00
TraVinh,28-12-2007,77786,25039,22329,54320,94071,40285,15600,52659,97959,43678,75508,82200,6129,3747,3071,5172,875,43,00
TraVinh,21-12-2007,46331,67439,14316,76434,31652,01259,55140,51895,48173,83466,10554,89983,7069,1432,2574,6196,450,49,00
TraVinh,14-12-2007,42448,53350,37927,36098,05558,51033,86680,07062,91578,11644,87386,19674,5063,9029,9555,2625,741,74,00
TraVinh,07-12-2007,58695,05050,49022,36002,03898,08592,13349,05802,07581,20518,89481,54901,8917,3276,2389,8267,958,15,00
TraVinh,30-11-2007,13900,50862,83817,13193,85161,91961,22713,06410,78867,39332,41959,53759,8072,2329,6947,2649,668,77,00
TraVinh,23-11-2007,64466,50094,87249,24938,84770,75650,36617,42840,44142,40515,87200,52228,4798,3925,8272,2683,659,05,00
TraVinh,16-11-2007,15302,69631,43757,84855,54141,24661,95330,48658,89853,94501,99986,78006,4774,4731,7766,8619,985,47,00
TraVinh,09-11-2007,30703,63970,90876,73064,50981,11639,54447,25323,33636,63289,30800,41962,0539,7326,0979,0138,960,96,00
TraVinh,02-11-2007,37738,12378,65277,42297,36681,65863,87033,74424,73025,73856,09149,71620,1253,0464,2491,7259,094,49,00
TraVinh,26-10-2007,06308,01008,92353,66397,98762,02037,89029,46307,12392,16996,38908,24247,4917,9762,8357,6548,319,93,00
TraVinh,19-10-2007,39874,62973,15238,02820,97777,58322,86801,50632,45313,36521,16830,17193,5783,5420,2923,7226,813,42,00
TraVinh,12-10-2007,92157,08827,46017,97360,39103,30704,21918,47115,99950,05487,49397,11632,4667,9873,1301,8197,251,82,00
TraVinh,05-10-2007,25195,55827,84370,66329,20738,94590,95514,62569,68976,71961,12299,60027,3239,4004,2790,2557,484,79,00
TraVinh,28-09-2007,00290,97653,40313,97284,18454,88064,27630,50121,12889,61788,39522,56929,1716,4969,6069,4570,814,91,00
TraVinh,21-09-2007,31917,54480,92242,61960,21202,23791,25960,77503,90119,10847,12147,86486,3096,9194,1152,8973,010,37,00
TraVinh,14-09-2007,51412,01038,17791,07080,92790,33337,22735,02275,25007,79975,07500,57627,0730,2652,5367,5797,986,33,00
TraVinh,07-09-2007,14463,27436,87919,22048,55597,94604,08416,77062,81442,72304,97059,89767,8195,1915,2048,8349,925,37,00
TraVinh,31-08-2007,66659,58413,68812,80713,49572,23669,69084,79162,03990,87124,50871,54214,0854,0155,0515,3592,473,69,00
TraVinh,24-08-2007,10218,44001,64907,97475,38040,73844,02053,54589,85240,81137,05700,36693,0458,9148,9353,5087,879,89,00
TraVinh,17-08-2007,80014,44790,79195,45419,42334,89450,66718,14138,00363,12585,92609,34963,1821,8046,1855,6320,622,92,00
TraVinh,10-08-2007,98194,52489,42884,04529,10090,56036,78909,32950,01088,04398,46741,51660,6080,8388,3995,4008,862,41,00
TraVinh,03-08-2007,76813,48787,27868,40217,88094,51577,48952,15296,57646,46444,72392,19645,0728,9149,3472,8318,124,36,00
TraVinh,27-07-2007,01901,63835,72123,09320,96012,24230,85311,32937,68589,93717,98709,79834,4268,9897,8362,3001,360,20,00
TraVinh,20-07-2007,88305,13436,83972,29733,02990,89458,68430,51091,23833,89569,04746,54494,9670,2638,2803,1155,395,71,00
TraVinh,13-07-2007,82297,33886,35779,59281,44952,65172,74754,57630,17141,28338,35258,92946,0213,5799,5536,1108,860,67,00
TraVinh,06-07-2007,59807,36460,94027,07189,16008,90498,04330,61588,82595,64758,36624,51675,8737,6015,5586,7478,816,45,00
TraVinh,29-06-2007,21478,57480,03366,45317,45772,04927,65614,39795,73585,09467,89896,33245,5001,4145,8370,8823,950,11,00
TraVinh,22-06-2007,27956,79518,98742,05523,61100,72025,35385,22194,63950,03977,59440,77279,6845,5985,3963,4058,981,36,00
TraVinh,15-06-2007,79201,19585,69545,69707,16876,84984,87823,32611,11179,79802,10439,95842,0624,6890,7870,4627,014,68,00
TraVinh,08-06-2007,67255,60492,36779,98808,86034,06809,67911,35580,31683,64254,34460,14645,6148,0687,7532,6322,584,40,00
TraVinh,01-06-2007,86591,73185,84865,86459,28549,75715,38715,32981,50652,07399,10515,89635,2875,6897,6042,1151,015,45,00
TraVinh,25-05-2007,97293,38971,99237,18254,25012,15104,09237,26765,51810,20755,65611,81455,3311,6203,8016,5486,325,79,00
TraVinh,18-05-2007,85410,93880,40315,17705,14684,85675,77697,25431,90023,51241,87343,95762,0698,3890,8176,7622,770,42,00
TraVinh,11-05-2007,88282,41407,45644,09592,36423,13661,14475,11223,76172,16681,23716,30030,8829,3121,1031,1409,688,18,00
TraVinh,04-05-2007,92559,46768,82317,50658,70175,79567,71844,43941,65388,60696,11732,52195,2094,9433,4595,1718,656,91,00
TraVinh,27-04-2007,41082,16734,64101,40058,19424,81866,50887,44468,28272,78000,91862,23881,5110,8172,0325,1668,402,35,00
TraVinh,20-04-2007,33358,69884,44660,43741,75148,15194,96253,05685,51161,80584,92319,82597,7460,8050,6214,3614,886,15,00
TraVinh,13-04-2007,29213,34672,19896,29783,55200,21217,13118,71878,31107,91875,93915,47166,9369,8468,7113,7511,604,81,00
TraVinh,06-04-2007,64479,14657,84018,90088,43551,84770,92322,60201,97802,98640,06422,04825,7642,4984,9860,6503,958,13,00
TraVinh,30-03-2007,61693,48843,88506,90060,25164,55918,20252,06094,38868,30101,34125,14403,6788,2620,0428,4384,313,58,00
TraVinh,23-03-2007,52111,04987,06840,28824,24561,07587,47473,28984,57002,64547,61148,35911,1062,5094,7282,8259,397,33,00
TraVinh,16-03-2007,64864,24225,15543,23350,25616,63086,79095,83470,64909,92983,80166,27895,4109,1444,3746,8994,625,49,00
TraVinh,09-03-2007,51035,12447,87549,30779,14563,40510,49661,72862,57765,86525,48534,39519,8703,3830,1597,9996,565,17,00
TraVinh,23-02-2007,48756,27882,57520,70734,60073,06600,80699,26943,84437,96037,83061,10898,9589,9079,4795,0527,088,30,00
TraVinh,16-02-2007,23056,09522,92420,30671,15344,81313,72323,82631,66852,45525,97002,36664,2325,3053,7975,2598,987,46,00
TraVinh,09-02-2007,44847,64029,06192,35089,89581,51712,01272,98691,17943,33171,91488,21491,4984,1252,1888,1403,706,51,00
TraVinh,02-02-2007,96925,62701,47656,51623,02790,18438,96560,54109,61598,33435,53932,64163,7438,0390,4987,4439,730,72,00
TraVinh,26-01-2007,93382,86167,54459,69978,88558,42047,99288,44155,65722,93584,89419,03841,6014,8896,1738,4647,459,59,00
TraVinh,19-01-2007,36526,39853,86496,86093,90664,93351,02977,04751,29968,49803,52514,65299,2953,0840,0313,9591,268,44,00
TraVinh,12-01-2007,77279,11844,49498,91833,00712,08783,41326,54813,82779,59915,95982,01605,1025,7294,2825,1416,671,21,00
TraVinh,05-01-2007,95281,91727,93858,76979,57866,63957,19117,89806,44694,52982,85727,49653,6907,4384,8819,2840,484,62,00
TraVinh,29-12-2006,51059,30297,71012,63454,08517,38866,87923,21170,77356,97793,72036,94207,7578,8876,3156,8119,078,61,00