VungTau,26-06-2018,449976,15945,25641,29555,73867,49099,65037,78460,78156,43607,12490,37609,9126,6664,4033,2416,416,84
VungTau,12-06-2018,697959,79186,54227,79336,02510,83821,53551,35584,53426,03126,02951,24614,0054,5967,8983,3856,341,58
VungTau,05-06-2018,419450,22783,40021,32776,45559,33941,73932,79841,13472,83841,83636,57695,4971,3308,4924,4919,255,44
VungTau,29-05-2018,629474,71810,35002,75012,54606,27406,02269,85698,42691,02196,77695,74418,2329,3784,9825,0472,169,69
VungTau,22-05-2018,785018,01123,39346,00481,77479,79007,63331,34122,78615,84404,59515,60905,1167,9521,1149,7662,505,44
VungTau,15-05-2018,067898,32578,83413,57273,42422,52543,35456,18575,17145,64830,31446,24205,7514,1658,8555,9396,006,98
VungTau,08-05-2018,493208,96082,28589,03188,66896,17700,20398,89251,41507,77627,69396,38502,2155,9517,1422,0304,190,33
VungTau,01-05-2018,822257,51282,94047,65829,98669,51255,57251,41723,97928,71170,78012,22896,0710,7176,1084,3496,673,86
VungTau,24-04-2018,750429,71111,75366,52553,14891,64252,20893,91890,86470,69859,11956,20008,7435,3250,5927,8723,432,29
VungTau,17-04-2018,747840,81254,92592,33711,49950,43612,29795,65035,65498,90072,70990,08913,4403,9353,8082,2294,912,12
VungTau,10-04-2018,451744,13605,97486,24628,18428,93842,06436,91686,48285,99393,96293,33497,1818,3076,3031,9529,618,08
VungTau,10-04-2018,451744,13605,97486,24628,18428,93842,06436,91686,48285,99393,96293,33497,1818,3076,3031,9529,618,08
VungTau,03-04-2018,154215,94216,40235,70765,63826,92922,22823,78875,98820,71085,20859,93862,2404,1704,5716,4601,595,10
VungTau,27-03-2018,142992,16716,76983,11614,65108,13005,66303,85147,93601,66516,06564,29041,6369,2971,9881,6499,609,76
VungTau,20-03-2018,778765,05164,11616,27446,05466,37393,71149,80420,49342,67809,55296,91177,4559,1237,9881,8164,067,18
VungTau,13-03-2018,717397,00623,48250,92988,90731,66481,24239,37490,87579,30940,99935,51530,3519,7959,2733,9273,661,58
VungTau,06-03-2018,144119,93262,34833,57209,17354,25187,77703,08237,32274,30188,97133,36985,3487,3096,0872,6936,755,92
VungTau,27-02-2018,157403,96581,20140,79878,19973,70709,43183,29765,70585,67249,24651,99762,5229,5909,5665,7915,197,96
VungTau,20-02-2018,726150,85853,44213,64321,27581,73737,95766,42865,08083,28953,62310,99189,9946,9615,5897,1890,805,58
VungTau,13-02-2018,289357,40503,07570,27549,45773,88073,31054,00716,33273,71306,02834,22745,3264,3118,7992,8557,974,57
VungTau,06-02-2018,168043,96561,84641,99347,27664,86026,73302,02824,70471,69778,70538,66506,6381,2905,4589,8540,390,69
VungTau,30-01-2018,748484,95341,54843,27378,19696,75800,79918,56009,89464,07037,67720,56350,0759,0446,8025,6208,556,84
VungTau,23-01-2018,384748,14370,79947,14927,04419,55702,72942,59600,77547,10146,97920,98852,0705,5983,2026,3686,483,21
VungTau,16-01-2018,922617,40945,03008,29247,88518,03673,51341,82074,40171,46190,92849,77827,5336,8907,5519,3341,156,42
VungTau,09-01-2018,771447,20258,43613,95685,81703,95026,84246,38488,31253,03472,01645,11610,8433,9710,9358,6875,749,83
VungTau,02-01-2018,298866,94005,37958,64643,42889,55557,07285,91209,64295,93332,34157,64068,4943,2629,2596,6395,182,76
VungTau,26-12-2017,854935,67069,25545,77425,19042,68190,59696,73600,26434,79891,92435,01450,1282,3156,7116,3260,220,49
VungTau,19-12-2017,511077,94875,39695,31043,26817,64632,33017,61145,84807,64963,31325,72748,3038,6301,7545,1354,732,34
VungTau,12-12-2017,223365,93161,02465,33287,39787,97715,70201,56399,35010,41338,54488,28620,6890,3555,5345,2705,264,40
VungTau,05-12-2017,670173,79186,14735,23312,43877,51086,19911,52608,26087,54436,49441,27511,4518,1381,2182,4409,054,08
VungTau,28-11-2017,214153,90466,71659,37163,29315,08032,21278,81479,60771,99193,65910,28290,6164,9183,1114,4441,188,64
VungTau,14-11-2017,769324,96618,41747,80263,45781,80840,80559,18645,09535,41675,38482,09588,0156,3151,4326,2878,318,37
VungTau,07-11-2017,855660,76876,50843,65223,32848,09530,31487,66984,36411,06453,75552,29030,3918,5535,0778,6998,922,37
VungTau,31-10-2017,137749,62552,04134,95181,84605,76437,29951,03792,19715,37791,45360,06414,6346,9208,4642,8009,897,19
VungTau,24-10-2017,638519,79668,35406,29380,61805,75127,51508,44081,48758,39476,77286,79563,2340,9352,0998,6142,333,23
VungTau,17-10-2017,625263,79609,84821,16519,64626,41549,01836,17825,08103,29888,86440,29727,5391,5481,3494,8329,768,38
VungTau,10-10-2017,094110,03779,87719,09901,94073,22701,80171,71984,61178,24982,47793,29869,8622,2090,6174,0926,132,23
VungTau,03-10-2017,830615,82249,83000,74949,14866,73311,63601,35998,83847,37797,04207,36044,4615,5117,3356,6741,447,10
VungTau,26-09-2017,108928,88256,09702,35456,00029,53716,48331,30742,99953,34736,92838,37866,5558,0721,4930,3245,329,83
VungTau,12-09-2017,561565,73373,01150,41935,12865,52611,75995,71812,10795,26718,38267,99790,7003,8153,2720,5054,015,26
VungTau,05-09-2017,632484,41945,31715,00511,17280,85786,79259,39080,23666,99044,07396,60742,7159,9724,3598,3940,588,58
VungTau,29-08-2017,640367,50666,23926,32776,49767,32884,69327,17644,27856,30853,38436,88563,3665,6759,9729,3012,206,10
VungTau,22-08-2017,657666,68608,25128,33880,60177,92670,38348,69462,56682,07750,18461,84944,2403,1766,3203,3467,513,74
VungTau,15-08-2017,485216,84972,14285,77377,07072,18084,19634,49432,45725,40365,26532,17055,2191,2936,9085,8363,083,67
VungTau,01-08-2017,461876,90707,13491,84860,60277,54814,69344,31282,71782,25524,43783,72093,1983,4883,9594,0612,697,91
VungTau,25-07-2017,286616,98393,53300,71126,29245,90259,59675,40874,78867,03822,95659,67666,5189,6938,9438,1879,453,18
VungTau,11-07-2017,095828,79791,05615,49172,98326,69469,19905,26092,25783,52670,22293,69543,6058,7994,0565,9951,281,26
VungTau,04-07-2017,361870,70324,69337,80124,67320,23769,46704,89171,67064,98577,14763,99177,5578,4846,0158,6629,317,27
VungTau,27-06-2017,608163,91867,84652,29951,57334,36211,18868,55046,11481,82173,42965,05495,5154,1981,5483,1336,053,13
VungTau,20-06-2017,424932,43914,06651,07441,59503,31862,81714,96121,86195,91247,73436,53192,1681,9965,8168,0677,366,73
VungTau,13-06-2017,660318,55414,35247,65840,59581,25719,42743,77815,93812,41159,81411,21543,2295,0902,4341,1791,373,25
VungTau,06-06-2017,384284,58013,62632,17868,34598,12361,54302,29127,06572,47746,04277,22530,3399,0337,9139,9539,399,12
VungTau,30-05-2017,911192,68364,48113,83798,86455,59067,94307,64297,38878,54619,67209,62923,0176,6593,3713,2166,764,69
VungTau,23-05-2017,909542,76858,96781,08956,13126,60948,17097,62530,29074,38666,20998,40809,7598,2592,4300,5877,625,38
VungTau,16-05-2017,708041,81801,43017,75487,21187,43379,66962,09661,30891,72935,58671,80357,3312,9081,0377,3250,207,63
VungTau,09-05-2017,524672,19149,16773,79354,64059,43938,09994,21085,48845,86404,68157,80060,6047,6763,7320,5782,312,08
VungTau,25-04-2017,039257,31401,31822,42276,00828,18806,45023,53113,03748,33447,63389,45964,9285,2310,1255,6581,705,03
VungTau,18-04-2017,691434,38414,26090,83250,14404,40338,24262,80845,35331,68221,55827,42212,5274,6436,5558,2801,211,55
VungTau,11-04-2017,993832,86032,18312,54783,17325,83204,48396,56347,87591,38524,23001,67370,2739,3218,2102,9168,835,61
VungTau,04-04-2017,998622,84925,83384,66693,27871,59112,61163,27884,20675,62110,80307,57522,5703,5521,9067,7285,364,44
VungTau,28-03-2017,748323,48390,58591,43666,65960,87121,86110,91136,24054,06333,13695,89350,2917,8653,4865,3840,315,10
VungTau,21-03-2017,062949,08528,31824,48882,96001,70041,47686,21571,46571,14493,03623,47494,1640,5463,7447,0257,721,17
VungTau,14-03-2017,423306,89746,58414,05458,31098,17725,48330,40427,16484,58045,02186,20376,3248,4008,4321,5639,960,48
VungTau,07-03-2017,668989,33795,65002,10816,98162,65914,36112,91741,42118,16211,12148,96167,8174,5729,8807,3851,452,31
VungTau,28-02-2017,178338,46086,53994,15621,83520,58620,36723,34962,06945,16925,51307,65858,7637,4184,5097,8065,443,56
VungTau,21-02-2017,770748,69360,81433,57520,07034,26183,58882,09113,42318,83534,60967,50977,5189,2102,7896,5251,804,06
VungTau,14-02-2017,562586,77862,96528,93714,56634,01855,91880,69564,82285,36680,06204,25562,1770,2560,0023,6689,626,42
VungTau,07-02-2017,170988,09162,10470,79978,09608,28446,90293,34302,47050,17809,71676,28870,2309,3616,5594,9223,259,43
VungTau,31-01-2017,569465,80547,69723,52311,75307,27391,08319,77724,48556,26905,58011,46098,9723,9381,2662,6836,888,02
VungTau,24-01-2017,351035,80281,77219,62007,25918,87910,96308,00245,04697,39272,42899,20259,4303,2192,9461,0618,246,94
VungTau,17-01-2017,835558,97562,46433,04455,78461,64846,02531,22855,48139,46986,31499,00309,8355,9865,6707,3911,887,14
VungTau,10-01-2017,589396,64474,94380,03621,96162,31634,84832,32959,63421,59916,98917,09596,1159,4177,8637,6368,285,77
VungTau,03-01-2017,673506,36648,47541,16651,76520,50218,17989,01157,59300,97302,05200,20158,9217,0988,1749,9844,989,97
VungTau,27-12-2016,082618,75439,96587,83910,17168,29420,40746,02222,06761,17767,83102,31085,4178,1742,4742,6399,740,13
VungTau,20-12-2016,282964,64586,43357,94144,37732,10751,67188,84931,78610,83870,91815,46947,4984,2477,2187,5017,946,37
VungTau,13-12-2016,779969,06959,78786,88183,38974,78804,47179,22258,34133,30747,24485,79032,3490,3158,2179,4896,531,51
VungTau,06-12-2016,175013,86247,76128,29886,54901,13284,13066,99571,36860,19347,40278,36558,7412,9271,5619,2751,781,70
VungTau,29-11-2016,311832,94804,30082,25118,31198,37504,89762,18844,33325,65866,11087,11130,4041,9211,0561,0678,014,97
VungTau,22-11-2016,439268,37869,80913,30630,08839,74106,27558,45861,09580,01623,94518,91351,3714,7899,6683,2975,944,58
VungTau,15-11-2016,032957,74329,61658,76135,63095,66183,83312,84175,62319,79963,90967,46886,1654,4354,4647,8345,062,68
VungTau,08-11-2016,597347,66591,24640,29969,87257,61210,97121,21805,39365,35855,61202,14040,3852,3977,8744,0603,088,48
VungTau,01-11-2016,691906,07236,58301,22806,71005,89668,18042,34749,49992,00130,78446,66702,4110,6221,4488,5483,835,85
VungTau,25-10-2016,812723,64838,07086,84229,05580,99773,65532,12499,81663,46742,95915,71438,1233,7013,6415,4100,286,81
VungTau,18-10-2016,820213,02499,92872,46634,96114,16103,23076,39712,16850,58228,30147,68533,4769,6524,5682,5071,084,73
VungTau,11-10-2016,513802,55966,52990,23553,83644,67310,61253,84275,66439,23134,42609,83646,7754,6941,6475,3172,852,43
VungTau,04-10-2016,685396,65170,26849,92452,30649,73290,73629,44422,89617,20828,35273,46068,3219,7327,6147,0101,090,70
VungTau,27-09-2016,991534,90350,36240,45615,60353,09835,84268,40682,00716,60484,06045,46076,2430,1794,3997,9271,124,50
VungTau,20-09-2016,889824,94440,82286,02365,87582,21587,92658,34993,72159,32055,13760,56910,7189,2991,2098,1383,451,69
VungTau,13-09-2016,579344,93829,18477,92169,37221,48017,14240,56773,15327,99604,80954,17164,3814,1459,7799,7119,286,11
VungTau,06-09-2016,142595,21160,25374,21627,46420,06139,50346,00492,25182,80411,47943,44503,0979,0114,8281,6332,079,62
VungTau,30-08-2016,126773,28027,51706,85080,36687,21480,59419,46678,44863,19043,12314,04662,7480,6675,7888,2813,198,30
VungTau,23-08-2016,982419,36793,22209,29878,17066,96532,12111,27264,27964,26843,24097,95955,0891,0200,0253,0786,592,50
VungTau,16-08-2016,059293,81959,76423,75317,52889,98927,30043,83005,14767,24991,42844,15284,8421,7855,7770,7572,247,82
VungTau,09-08-2016,378773,19380,26345,90869,89421,76951,92877,35966,71288,55934,56250,80627,7032,0165,0867,7155,337,69
VungTau,26-07-2016,286262,23647,06935,07138,54006,03256,89619,84991,83111,06302,69579,20599,7740,8664,3946,1729,319,99
VungTau,19-07-2016,242368,67473,77603,18153,78712,61792,95303,49409,90628,26068,91984,44717,1738,2858,9769,9808,250,37
VungTau,12-07-2016,527458,62633,14592,74136,11286,21849,19481,66610,10593,51965,41889,28234,3557,1221,7456,8713,918,38
VungTau,05-07-2016,733038,18584,25709,06576,66919,36711,41338,29247,02002,99363,48084,17561,7939,4308,2162,2794,782,16
VungTau,28-06-2016,858890,25258,48816,93306,28036,92934,52760,57483,51362,39421,21789,71726,7145,2475,2799,9573,090,40
VungTau,21-06-2016,517196,33841,94589,78806,64441,29070,57069,70214,37498,28516,79585,55414,3368,3493,5112,1917,208,78
VungTau,14-06-2016,184799,02672,47571,22650,40598,24381,16116,81249,90662,16169,29164,10766,2491,4780,0595,7304,392,67
VungTau,07-06-2016,100312,05279,97096,35950,19991,59178,22210,52796,13039,86074,17893,87212,0968,0456,6191,2687,417,63
VungTau,31-05-2016,285276,69717,93047,20181,89442,16588,68455,74535,53859,22789,03528,80894,9845,2230,4239,7028,677,70
VungTau,24-05-2016,061934,95909,92080,82157,68600,34508,22473,69716,53386,02649,01859,46134,6115,7882,7233,4729,358,48
VungTau,17-05-2016,669321,24640,60091,20788,12651,05605,13328,82996,38800,68758,18897,36021,5223,0721,5432,4525,883,35
VungTau,10-05-2016,503746,30796,93972,19455,54301,44121,10942,91897,41162,67001,80249,54706,4265,3766,0522,6652,086,18
VungTau,03-05-2016,877434,29954,31421,24940,52081,77590,32938,71137,36757,66336,04740,44840,5846,7180,5571,2512,450,09
VungTau,26-04-2016,629966,33753,50842,57258,67867,99929,77040,90596,09906,45501,16633,22846,8174,3556,6528,0182,387,74
VungTau,19-04-2016,250033,82279,31163,19334,84209,97986,97806,04615,71357,58838,06980,09856,2641,7605,4787,8433,284,45
VungTau,12-04-2016,399812,06572,48585,92605,13697,26264,75610,29938,69443,42100,12108,99502,4663,8579,5780,1002,410,78
VungTau,05-04-2016,429969,91338,91572,84425,10569,89934,70936,69116,61460,29508,75690,37180,6222,2580,7215,1736,508,40
VungTau,29-03-2016,675302,69616,38523,48516,59477,32130,11868,02260,78474,00636,01506,88960,8089,3316,5057,0433,439,68
VungTau,22-03-2016,892199,08406,71516,55120,92648,10880,19859,61968,78553,59695,91612,28862,6764,7741,6033,7235,985,06
VungTau,15-03-2016,399404,73710,12118,16640,36262,84533,35635,48032,16965,58632,43508,62124,3551,0574,8984,4340,799,51
VungTau,08-03-2016,035196,01609,13999,13356,28132,13088,31526,41443,84345,37345,39143,07732,4082,7061,3557,1771,604,86
VungTau,01-03-2016,853960,08482,70407,87044,71524,21223,31563,52899,04549,85581,63815,38712,3068,9945,7555,3717,433,76
VungTau,23-02-2016,693913,25231,21330,53122,30175,87422,65136,01350,41554,39873,53690,01455,1783,2031,1933,6979,183,77
VungTau,16-02-2016,442472,61027,05037,74354,22082,41027,94042,18380,67792,94577,38907,33695,2502,6970,2596,1926,665,67
VungTau,09-02-2016,302987,85205,22142,28960,21399,96466,72370,56702,79992,78752,77317,74330,5690,5490,2501,2565,737,40
VungTau,02-02-2016,847591,96942,22537,18356,43556,98315,16825,95633,73779,36778,81863,96228,0460,8402,8659,3836,154,62
VungTau,26-01-2016,036497,47374,70634,59321,24657,86103,92121,22060,95013,31120,67976,02712,3698,6296,8468,2801,451,01
VungTau,19-01-2016,664716,58910,56201,19737,31090,45129,91749,50398,57845,81196,53587,15811,5102,9737,5706,3507,357,09
VungTau,12-01-2016,765259,48679,81137,89976,75150,35557,17238,69606,06667,96575,27300,12393,4918,8802,0108,3183,151,06
VungTau,05-01-2016,138673,53749,95603,58821,93959,78800,96631,61593,15216,75414,33096,68484,4722,2384,8467,6838,562,30
VungTau,29-12-2015,192793,37813,45204,30420,23960,07622,74209,63217,72432,78162,13094,88202,3914,7515,5568,9956,742,35
VungTau,22-12-2015,357576,32310,96454,73212,23621,10077,40958,61356,16472,54586,97933,02161,3095,0909,4005,5250,954,84
VungTau,15-12-2015,494736,64178,02437,33560,18221,73597,99351,34732,75600,48375,05810,97494,3900,4360,8041,8285,051,25
VungTau,08-12-2015,547974,39175,35419,39537,48567,95834,86457,29925,35804,57489,36831,22793,9457,4963,8269,4251,480,41
VungTau,01-12-2015,843879,50120,07246,69190,56258,84051,19377,09250,86245,92741,09705,00910,5433,9981,5580,9195,594,25
VungTau,24-11-2015,690829,14087,12969,69966,81996,23748,46369,32528,00421,29211,87015,30007,7415,2505,7469,6271,125,01
VungTau,17-11-2015,439370,83666,54804,30518,89623,80824,26246,83422,38865,28025,22347,78078,8473,7740,2031,6701,727,42
VungTau,10-11-2015,935985,89038,95299,03739,31208,58905,65724,57287,16590,28975,82185,12948,0970,8318,7132,5567,073,71
VungTau,03-11-2015,885266,31566,63174,42267,71210,94200,88631,38438,78510,18287,33588,31390,3675,3321,2194,2960,766,68
VungTau,27-10-2015,860733,86158,58084,06393,35103,55578,33860,33987,89738,96699,16282,22967,4285,1979,2616,7075,708,99
VungTau,20-10-2015,612304,36151,55278,47811,52312,99762,22709,05689,67569,94625,73796,07703,9805,0110,7752,5201,583,88
VungTau,13-10-2015,817455,74638,82785,73759,26043,49858,17358,65433,12789,78967,81387,46056,8192,9829,1514,6623,190,24
VungTau,06-10-2015,158047,48314,76048,90039,55222,66382,32948,01042,28571,05902,00356,97449,0372,1613,4958,7271,885,41
VungTau,29-09-2015,045005,93586,16080,88742,26323,93637,78675,47125,31719,60870,43443,84725,5146,2658,6959,1373,519,06
VungTau,22-09-2015,731055,15339,85665,27942,64016,65088,91075,36064,81037,76319,18944,28742,8912,1578,4083,2487,518,28
VungTau,15-09-2015,101134,07990,71496,49845,67076,57443,44459,02307,61251,41429,33393,21913,5932,9810,2183,3069,628,98
VungTau,08-09-2015,097439,42213,22406,21599,77971,90421,21494,63783,18540,75609,18359,45436,7286,2394,6403,9821,500,81
VungTau,01-09-2015,389030,88590,55605,77416,59436,95364,80377,93846,64932,92678,34935,51367,8188,3938,1842,6990,362,98
VungTau,25-08-2015,367921,84073,58100,03231,91603,56392,72126,07998,15607,01489,35421,07916,0197,5087,0675,9647,379,09
VungTau,18-08-2015,044741,47997,87940,12527,87344,03136,73311,47341,18743,78483,63379,97031,4501,6332,8290,2164,177,23
VungTau,11-08-2015,825826,19755,17117,27750,10340,65596,25354,14842,49221,05731,66472,04949,3179,9809,7676,8827,939,20
VungTau,04-08-2015,742830,92748,58912,56365,96462,41455,71851,24900,25127,95763,63827,02044,1651,9497,3778,4563,437,77
VungTau,28-07-2015,089262,90797,49954,93401,43350,75761,38901,93292,78733,51374,86244,47516,8797,8507,6340,8858,572,38
VungTau,21-07-2015,730827,87790,69780,37657,05481,59024,52014,93748,35358,39157,21108,64954,7465,2657,7199,5150,554,73
VungTau,14-07-2015,898035,88608,51673,21793,78139,47864,64486,76485,41212,75571,07842,86287,7017,9057,6429,0098,030,90
VungTau,07-07-2015,238573,76844,46882,77639,80792,27377,17483,48450,87671,74609,30806,33041,6948,9381,2215,6458,089,23
VungTau,30-06-2015,765309,68600,10204,78798,89657,02932,59085,12744,93301,83109,69350,97034,4326,7247,6803,5198,153,35
VungTau,23-06-2015,267399,34600,31192,23942,25219,98804,75445,46737,64494,21532,07153,71646,6230,9533,6290,8521,869,42
VungTau,16-06-2015,267308,51068,46241,51076,29115,33421,92940,27791,95606,09856,88288,53241,6505,2076,3737,2432,292,33
VungTau,09-06-2015,432595,11024,18998,92947,99622,14452,65407,76915,06664,90745,89796,37747,2443,0663,3484,9237,039,13
VungTau,02-06-2015,046838,50131,68801,40113,36725,66615,27935,39519,19001,81838,13898,72118,6763,8692,1371,0821,551,70
VungTau,26-05-2015,947561,92746,97835,86542,18186,63758,21830,98459,09820,84678,61528,10455,1263,9884,3152,5860,045,48
VungTau,19-05-2015,148040,80857,71426,15843,94099,89829,33444,10395,95972,80247,85209,11442,7335,1121,1611,3603,063,49
VungTau,12-05-2015,519342,49596,01867,93558,15465,02755,46609,03558,35348,42384,66011,99720,2739,2057,8491,0308,511,14
VungTau,05-05-2015,606232,95606,94784,75052,83944,73241,24496,16042,42324,43619,42013,43172,4221,0691,9059,4270,833,38
VungTau,28-04-2015,299437,44526,73927,34548,01870,51685,09029,17383,83265,45692,23151,39792,2213,6342,0613,5263,370,33
VungTau,21-04-2015,842555,05365,80870,78699,77498,52498,47957,99035,01404,78041,29987,98229,6473,0370,4597,9941,193,23
VungTau,14-04-2015,186501,82231,18402,52787,04431,19207,20936,49209,49144,75802,01882,43966,7278,0538,4973,3475,867,02
VungTau,07-04-2015,966778,35674,54071,65589,83606,24945,53077,11320,29277,26985,71507,00476,8525,8837,8124,4457,404,57
VungTau,31-03-2015,038423,19571,83329,30358,01064,52117,64130,62515,60156,01862,03203,49695,4446,2437,6356,3433,213,20
VungTau,24-03-2015,818140,65917,37457,64400,64248,89867,81127,98248,87700,63486,68878,23737,1351,6508,0434,0199,917,33
VungTau,17-03-2015,586792,96663,35042,95312,53841,64372,27764,99303,55190,97264,71830,48003,9405,0989,7614,2775,067,62
VungTau,10-03-2015,504531,33164,85134,95767,87642,67734,52810,09398,41320,09988,29470,31209,4958,8949,0492,0018,347,97
VungTau,03-03-2015,337046,94656,97773,49040,21118,53309,11118,78162,22091,56084,33854,10171,3120,5024,5009,0498,061,60
VungTau,24-02-2015,078308,19092,36030,43888,02687,00897,60983,05496,53049,10182,01880,94571,7246,0528,0068,9187,683,01
VungTau,17-02-2015,868709,37252,53521,82017,11545,21155,46191,18652,03053,49458,93720,12781,7964,8648,6037,2852,342,39
VungTau,10-02-2015,478266,89810,85766,69168,30296,52264,93900,14961,35286,78922,34738,19654,7840,5653,8007,7898,929,62
VungTau,03-02-2015,504315,36934,53211,64755,80873,57320,22755,36553,14642,63962,27192,31748,4976,1344,4966,6241,558,73
VungTau,27-01-2015,415190,38293,94509,66652,74066,41914,61368,21577,44909,53473,32575,53554,8752,4924,0169,8966,084,87
VungTau,20-01-2015,056486,45901,54329,07043,29843,56070,63886,90965,12793,39603,47605,99137,0582,5327,3450,0343,710,89
VungTau,13-01-2015,934663,15721,51574,25516,48863,26063,89313,04135,99905,66403,01061,69023,5014,5419,9552,2867,071,48
VungTau,06-01-2015,904807,15821,32146,58085,20635,48028,72181,53704,72032,70693,19867,47415,9914,9827,1014,7293,429,37
VungTau,30-12-2014,342708,23922,29659,13509,89723,70464,38069,41341,56916,35313,11310,28516,1336,2487,3996,8006,613,06
VungTau,23-12-2014,219884,51400,11430,93328,34978,57415,16586,85016,02755,36144,74259,28079,6968,7925,4126,4214,170,13
VungTau,16-12-2014,417582,46162,20800,30493,29708,89464,99729,12765,92430,94999,22720,31506,5791,4577,4033,2628,986,16
VungTau,09-12-2014,098388,51512,67449,69179,32137,57021,40403,42342,78132,07078,40534,36725,9412,6064,0621,5072,352,50
VungTau,02-12-2014,170704,80661,44401,60543,25524,39711,60129,81870,32153,52678,71456,59869,0766,1902,3781,8066,968,60
VungTau,25-11-2014,879557,12028,26856,28431,02470,59249,35096,98268,87882,23150,46080,79438,1589,0353,2439,3982,862,88
VungTau,18-11-2014,537271,66481,65024,68416,10185,42605,55819,29138,39675,61929,46952,04884,5069,5851,2844,4492,695,91
VungTau,11-11-2014,255811,05047,76340,55484,16134,19012,76816,39783,72435,08554,59746,24716,3989,8823,2069,2994,916,56
VungTau,04-11-2014,482544,45565,52211,17896,42884,16801,61661,82492,11464,86704,96039,26251,5668,7817,8959,8176,579,76
VungTau,28-10-2014,223144,04899,79684,67493,92055,61806,41415,48466,04508,85232,41255,64337,1977,3355,3426,2074,261,37
VungTau,21-10-2014,061428,60285,50385,39483,82877,68073,51813,57960,14954,92121,18424,27768,6895,2874,3515,1062,129,61
VungTau,14-10-2014,495453,76747,37856,20139,44479,60373,78465,02587,13439,97952,18845,37827,4338,8660,8345,1842,970,07
VungTau,07-10-2014,075227,62826,05099,08968,26560,31154,52742,02644,21275,94372,50677,08802,2268,7550,0191,8629,364,05
VungTau,30-09-2014,704101,35380,39275,49091,53603,60220,83649,67287,61777,54892,81663,07651,6634,3717,4968,5852,376,66
VungTau,23-09-2014,018600,89418,02198,02806,93626,74547,48544,45966,31256,46470,25944,92171,0178,5032,0593,2416,847,30
VungTau,16-09-2014,303394,43859,61410,10524,83653,68482,89930,00188,90119,80508,07401,88551,4189,4741,8521,1945,767,66
VungTau,09-09-2014,244678,63964,71906,74778,62881,57367,73441,71358,43833,43193,43942,97365,3805,9123,3396,3867,561,40
VungTau,02-09-2014,486879,63010,94078,23126,11297,64730,62016,71271,96630,51999,39289,36289,8537,1148,7301,6013,290,98
VungTau,26-08-2014,204570,91510,20505,22855,00089,83619,18243,62425,91517,88431,02568,26388,6155,3464,0328,6039,903,80
VungTau,19-08-2014,496195,56785,14733,04265,14779,66423,63087,66763,14537,52446,62151,76005,0929,3086,9707,5932,606,21
VungTau,12-08-2014,859696,02731,32204,68681,76441,98451,08050,95617,81443,61854,20489,08869,8334,8285,2929,3968,740,36
VungTau,05-08-2014,018618,49717,94122,37028,18228,81144,25722,34685,98408,21549,18784,33016,2562,4498,2774,2646,832,21
VungTau,29-07-2014,505033,82025,88036,90952,75617,48464,76852,69496,25408,42175,30722,52880,2297,2127,3846,6561,859,39
VungTau,22-07-2014,831669,38363,16668,11811,11478,29115,96076,36477,68223,84480,73182,90274,3323,4953,4543,9676,992,55
VungTau,15-07-2014,410741,22144,56421,35761,67570,63164,16400,13933,36433,74226,52458,65677,8970,6158,9154,7058,680,06
VungTau,08-07-2014,541665,74487,76285,19184,81976,41465,56496,95410,03145,69144,47331,59503,2845,0067,4026,1543,972,99
VungTau,01-07-2014,877523,02905,33636,90322,83509,57328,14345,92039,39008,57347,90772,59599,6434,1586,9817,9966,731,10
VungTau,24-06-2014,708054,92223,22874,70565,09401,62890,37645,75509,40749,85767,40234,00312,0332,6644,3528,7191,798,13
VungTau,17-06-2014,133072,99254,41570,50795,85203,36766,89980,99942,63042,88308,88129,64462,6342,0392,1277,3159,469,03
VungTau,10-06-2014,329356,55946,58323,35129,35741,04366,66112,12078,52201,13727,26254,34466,5677,6080,8376,8835,053,66
VungTau,03-06-2014,041497,29405,59886,79509,45671,90101,15553,04553,04059,70272,25490,15842,1954,5759,1632,6993,850,01
VungTau,27-05-2014,497603,04683,03247,05669,53841,67242,28433,37820,71129,43580,18621,02929,8850,3712,1079,6373,516,13
VungTau,20-05-2014,797196,31787,81887,07113,85300,24885,02899,78613,55027,09540,15743,88099,7732,9444,7513,4098,983,59
VungTau,13-05-2014,633796,61515,39466,32742,03337,44115,70326,39801,36511,77792,57494,48216,4647,1787,5451,1811,754,33
VungTau,06-05-2014,417425,58832,99700,24267,10607,47511,26683,22482,44010,70362,31857,38775,2856,9235,8038,4595,375,96
VungTau,29-04-2014,014403,46266,14054,47368,95883,66166,00834,29313,77208,82850,35438,43991,4210,5182,8975,6921,872,62
VungTau,23-04-2014,017604,18029,89185,50302,26589,74801,12425,87746,30060,76764,55159,93831,8538,4458,1129,4759,821,76
VungTau,22-04-2014,017604,18029,89185,50302,26589,74801,12425,87746,30060,76764,55159,93831,8538,4458,1129,4759,821,76
VungTau,15-04-2014,353462,39871,61748,71532,29523,94964,80883,64680,33037,55099,70723,61796,0042,5115,6091,9024,451,75
VungTau,08-04-2014,376146,76098,83928,76375,83809,98316,68932,03414,04770,80899,87006,18379,3233,7850,7881,1928,675,80
VungTau,01-04-2014,988334,11949,71722,26116,66843,08296,42164,78725,92090,52234,03823,73182,2434,2513,3996,7651,672,55
VungTau,25-03-2014,687120,89119,15472,83232,95138,04121,42437,78734,99600,12037,02514,54111,0440,6409,1097,1810,938,17
VungTau,18-03-2014,572462,57916,71421,51962,48954,46201,32298,20101,58819,35929,98592,26033,6432,7606,8370,5914,276,49
VungTau,11-03-2014,900192,21450,35915,99696,23130,88786,97823,20035,58564,88436,34045,73674,1707,1334,0061,0878,652,21
VungTau,04-03-2014,725973,79166,54575,00101,63465,89333,78518,61846,01986,81024,55127,14346,3954,7406,3929,4495,053,27
VungTau,25-02-2014,233293,66582,37570,63502,43997,80294,93323,42629,57726,21503,23830,07750,0018,0313,1264,7904,761,24
VungTau,18-02-2014,813455,87499,94745,48251,19404,97628,81394,14161,50998,39733,53294,37834,8042,1634,5975,6564,798,06
VungTau,11-02-2014,191648,38856,53895,55854,31103,23790,33216,13095,23621,80473,94590,44787,8651,2520,7644,3027,935,68
VungTau,04-02-2014,857221,69743,88765,08047,22230,64156,90182,66095,19316,08199,51283,21663,5203,6259,7290,5364,019,25
VungTau,28-01-2014,492726,87338,80252,53551,48962,23997,70233,92148,91991,91458,55767,39966,4941,0036,9504,2707,713,03
VungTau,21-01-2014,671686,26466,35849,59074,83757,11770,90602,83628,01652,32820,01903,12628,5628,7590,7009,2425,006,19
VungTau,14-01-2014,560792,94563,04874,76728,47676,94586,67258,95218,21207,42852,05881,61354,8278,2850,8870,4662,589,61
VungTau,07-01-2014,480958,36659,74324,16148,09382,92961,18296,66489,89919,05553,53700,21527,7402,3911,0153,0578,325,25
VungTau,31-12-2013,434416,05241,82229,97592,49748,68827,31356,32163,16504,58326,17252,33394,6164,2863,8304,2881,784,16
VungTau,24-12-2013,227433,47205,72343,68173,13457,17692,76058,94118,88783,60082,80346,85768,7930,3455,3973,7303,714,38
VungTau,17-12-2013,891231,67443,78069,37919,57100,30592,22128,17577,72459,71533,09646,24050,0603,0533,6468,9208,482,79
VungTau,10-12-2013,806385,21717,25927,96124,95373,10433,52318,76323,82959,18273,31564,97071,3662,8821,0693,5321,758,40
VungTau,03-12-2013,709140,99929,85351,15183,91386,77254,71132,86795,24239,14846,90018,81149,6041,7478,7808,9103,330,31
VungTau,26-11-2013,381466,07262,77328,88946,93797,30878,36161,74877,87130,28188,46268,50079,6909,0515,6697,8858,949,90
VungTau,19-11-2013,574195,82208,18600,85026,43882,57328,78563,31963,55634,67383,57547,09167,5606,5065,7724,6022,871,54
VungTau,12-11-2013,589767,34029,71332,78617,08679,00428,64813,33663,65040,32653,46744,18332,6178,5943,4954,2129,310,31
VungTau,05-11-2013,390604,91492,11717,87016,09729,92633,82848,80100,95080,15441,30180,55110,2865,3658,7004,6241,884,06
VungTau,29-10-2013,534666,44124,75165,67268,73713,96810,46429,91448,49350,23217,60999,57394,1230,6760,9399,2197,834,46
VungTau,22-10-2013,472163,74647,38870,65709,87752,27653,98277,42898,68669,86449,82865,47816,2739,3959,8303,8743,802,40
VungTau,15-10-2013,168148,88835,21024,42347,16463,61524,76679,14608,09267,54852,37869,40573,5456,9051,0934,3158,600,31
VungTau,08-10-2013,095835,72951,80521,62190,48366,20652,40923,10223,78253,93706,51529,31741,5016,6974,4905,5207,382,34
VungTau,01-10-2013,058656,95845,32179,94335,17303,23645,02551,77802,70870,91076,14558,86258,7172,2025,6125,1493,644,74
VungTau,24-09-2013,182195,23271,43938,77133,24125,89303,63886,58607,83283,49903,10932,25837,7455,3435,8668,6339,258,49
VungTau,17-09-2013,597460,33876,99691,15907,59809,35697,48127,35448,88817,14001,87642,11602,7937,7111,2110,3358,843,14
VungTau,10-09-2013,947932,13154,29821,54459,73926,99864,87083,51587,71771,55569,09970,13115,2122,1887,3397,8880,469,08
VungTau,03-09-2013,531738,67339,39918,20722,93643,04867,13283,29372,11630,99212,81872,37549,1348,1460,4695,6551,506,26
VungTau,27-08-2013,407821,59445,63692,95891,85252,05706,25549,79115,64249,38620,44269,02165,8247,0839,5366,9697,180,06
VungTau,20-08-2013,933137,40278,64065,88105,41247,67292,98520,13196,45164,15539,97286,87023,2316,1067,1027,7266,662,15
VungTau,13-08-2013,418150,39405,84150,23073,78428,09319,76136,43541,32702,58445,17732,85462,4422,2710,5386,6047,423,58
VungTau,06-08-2013,692150,45726,07412,25690,56383,69525,40642,60706,17877,12345,74582,66343,5582,1397,3403,3016,798,93
VungTau,30-07-2013,385476,38112,88678,34215,08211,50852,73464,88472,13496,89045,15140,95120,1483,8470,3942,3667,088,57
VungTau,23-07-2013,857859,45238,29614,97095,21940,74252,67923,19245,75726,98215,28605,25279,1946,7928,6024,7407,328,56
VungTau,16-07-2013,015879,34408,32642,88543,15164,57961,69342,22426,03016,28089,33081,41562,8663,2871,3350,4629,206,21
VungTau,09-07-2013,969896,31977,80155,43327,24749,85426,30334,84775,44886,18323,92956,42320,1153,3541,0667,4259,023,82
VungTau,02-07-2013,743565,40357,16250,58088,40626,36538,95683,18368,62498,87756,76365,28784,8073,9222,1222,3097,629,22
VungTau,25-06-2013,124561,41140,86710,97014,25652,77323,22534,11916,90128,18042,49654,09998,9803,8405,0940,8256,865,75
VungTau,18-06-2013,026549,18027,33315,75290,04657,69383,85573,64164,79288,57586,46192,47507,1810,8133,4559,8185,635,85
VungTau,11-06-2013,564266,00173,74901,94664,42295,15985,23687,68012,41674,17913,36501,49496,9574,8317,7712,2850,671,22
VungTau,04-06-2013,886136,45838,80719,68641,24073,63509,81611,69848,94268,87009,96965,31255,5917,1185,6557,7651,997,52
VungTau,28-05-2013,520323,42592,39535,21877,88157,02438,31001,64302,06731,77334,15934,77887,7736,5623,9131,3695,499,94
VungTau,21-05-2013,928234,88809,41432,07688,88985,01885,74500,58499,67624,03675,16209,00370,2685,8981,6797,4917,703,59
VungTau,14-05-2013,697738,84666,45435,87561,64997,87814,93236,71624,64597,14260,00134,86044,6054,4457,4201,3653,755,79
VungTau,07-05-2013,995507,36509,60843,23645,32594,84361,76625,52406,39628,85267,34795,58035,1702,4895,3559,7016,004,60
VungTau,30-04-2013,837205,66672,93468,83058,68758,10498,10850,11232,54256,34370,77924,69641,2117,2545,7106,5472,456,11
VungTau,23-04-2013,611908,37901,88582,46700,77490,06893,11233,96149,56364,69140,31472,02772,6434,0084,2407,2501,150,36
VungTau,16-04-2013,488636,47409,21940,88452,63463,07696,76076,77376,77087,29575,07362,14582,4082,9421,7156,3407,220,17
VungTau,09-04-2013,148165,40426,95311,26520,97498,71538,40316,23415,02307,78600,36701,61288,0919,5786,7435,0893,449,17
VungTau,02-04-2013,992522,74197,70438,70908,36736,24848,37728,58912,77046,40246,99039,96277,7331,6816,7380,3569,556,78
VungTau,26-03-2013,633556,07545,23745,49076,81501,23529,10206,21931,68422,84214,63851,87034,6185,9558,2159,3003,979,98
VungTau,19-03-2013,078990,91106,29221,68899,58940,47261,92349,78080,55907,57742,18278,67820,2384,0313,8834,4985,529,88
VungTau,12-03-2013,195670,79000,49386,68106,76046,60961,74720,75495,53202,81550,04856,87913,3820,7488,2383,8617,879,36
VungTau,05-03-2013,491381,76708,64188,60236,66197,37867,46506,29409,02228,16230,79337,47516,8175,0633,7333,2930,298,95
VungTau,26-02-2013,303188,34477,88408,47309,86608,43318,19512,75256,44028,59642,82859,74114,4154,4312,5908,8911,254,09
VungTau,19-02-2013,020823,85502,76172,66208,44493,89217,01182,56688,50341,17148,96241,69801,8484,8471,9657,6770,536,51
VungTau,12-02-2013,003480,12609,18706,96901,88291,21815,28004,43068,48341,17531,02339,80079,5725,3454,9142,2130,444,90
VungTau,05-02-2013,142332,15424,99273,85842,96801,46355,59004,29366,95718,73195,65991,20988,3955,0712,1870,2340,650,16
VungTau,29-01-2013,415569,53169,48838,98234,56906,15095,10946,86253,08955,89925,57261,76576,7873,0558,9784,2258,507,09
VungTau,22-01-2013,329075,08698,18118,85297,73668,01866,37341,27586,72592,97361,52282,94181,4154,8651,2090,5535,608,85
VungTau,15-01-2013,029553,60799,64930,58232,24231,84566,57117,78981,65285,64930,70055,54556,2025,2668,8601,4633,772,61
VungTau,08-01-2013,403408,95495,99046,81425,32139,83280,09670,73213,16229,83308,94318,55453,7333,9055,8446,8741,032,51
VungTau,01-01-2013,454560,80625,40615,18387,83173,26245,81573,31165,36387,62874,60210,07150,3940,4676,7717,0102,413,85
VungTau,25-12-2012,477696,14564,23660,74731,50064,35587,00875,01758,46744,06452,56708,83349,1261,1584,6631,6004,946,59
VungTau,18-12-2012,973328,40721,18218,80051,71278,78353,74576,85132,51136,09279,79664,88424,4695,2858,4578,8516,397,69
VungTau,11-12-2012,031133,93493,44755,28540,96713,55632,96541,36366,20533,37965,82173,28041,2417,4656,0000,2036,286,91
VungTau,04-12-2012,776396,72882,33100,52304,89970,91955,00656,71760,00583,16167,82312,02532,8328,6126,4383,2241,929,76
VungTau,27-11-2012,550043,84095,49890,67168,39186,51646,23445,08946,40960,81551,82158,78344,5096,2583,6105,3017,510,86
VungTau,20-11-2012,479839,71082,29978,70572,06110,41335,64552,17234,43195,55104,38983,66009,3190,1278,1445,6383,129,88
VungTau,13-11-2012,787285,97000,07685,74590,54095,05669,87949,65544,34752,76190,61917,61558,7280,4463,8195,9099,339,27
VungTau,06-11-2012,012559,34459,00494,81268,18827,42261,60910,93282,92735,16261,87011,06609,9325,2688,5242,8815,391,76
VungTau,30-10-2012,121963,43173,10143,38445,44434,56927,18435,50864,19861,18567,08332,55718,3700,0817,2719,9788,366,20
VungTau,23-10-2012,347047,07391,15765,77212,64390,26456,48246,81765,31442,45679,13931,60105,0860,7324,5204,4371,803,12
VungTau,16-10-2012,646215,58529,75870,03522,24286,61052,47365,39945,60688,25128,64541,58720,6429,1464,0679,9673,081,57
VungTau,09-10-2012,517424,21530,36174,04610,04463,46387,62898,87196,80714,75297,80239,00697,2320,6919,5489,1098,805,07
VungTau,02-10-2012,132395,46408,01324,93511,47976,07774,91285,18501,24122,61531,57679,50505,6161,1233,9974,5249,272,88
VungTau,25-09-2012,686056,97096,52473,72127,58037,00730,83708,46324,61659,37675,93314,76697,9892,9011,0880,1529,803,32
VungTau,18-09-2012,230031,53738,77000,21609,54820,64064,88418,52323,80093,61018,81435,78799,4391,9960,4049,4898,290,91
VungTau,11-09-2012,755782,71472,06545,45100,27024,08562,17077,75909,00710,99780,76537,21087,0470,2006,0354,2425,719,04
VungTau,04-09-2012,296222,44725,70041,29646,13291,59218,26461,31606,19310,97410,97170,09419,8687,9476,3324,3930,073,72
VungTau,28-08-2012,013829,11736,31078,08833,47839,70858,36894,10935,79567,15046,13195,28840,4091,4793,3723,0586,171,23
VungTau,21-08-2012,181171,20335,87762,58451,48397,06031,51036,21589,27683,96866,61422,52598,8334,3247,3865,5040,494,65
VungTau,14-08-2012,072952,47692,33523,95515,53070,43931,78791,45054,03531,67915,12969,52012,1276,2323,1292,1173,196,35
VungTau,07-08-2012,54705,65863,85951,72544,90844,92030,47335,24988,96624,22756,79801,77203,5572,7603,9728,0079,122,30
VungTau,31-07-2012,666676,88359,51479,28501,66013,19395,73759,28158,47874,66313,27102,87872,2130,8637,1406,2120,047,92
VungTau,24-07-2012,686938,73001,55867,20622,25196,04288,70980,06935,17894,68602,99739,75096,5707,0463,0075,8881,133,74
VungTau,17-07-2012,445646,41671,10696,23972,77790,72175,81945,08452,41189,91903,93400,42090,2357,7643,6019,7198,615,43
VungTau,10-07-2012,415830,75551,29239,80034,46901,34232,00522,59348,32108,97081,17264,01263,8993,3241,9415,3573,546,58
VungTau,03-07-2012,079940,17448,03402,01469,83834,33577,47371,08291,88078,07524,94330,97835,4937,8056,5114,0440,046,79
VungTau,26-06-2012,161709,87486,45120,99200,47780,92409,03943,32600,90785,62553,57120,89166,6507,5686,1352,4208,488,19
VungTau,19-06-2012,869829,15417,51588,21419,01632,66196,62740,59097,52838,78476,57649,66930,2307,2543,6675,3778,472,37
VungTau,12-06-2012,095398,32972,71066,43811,01304,44334,51615,17309,23019,72115,16324,60446,8894,1681,1577,8735,698,90
VungTau,05-06-2012,342437,63686,16171,15686,95548,04532,22651,42663,15963,51529,27771,29172,8980,0324,2225,5593,922,20
VungTau,30-05-2012,424767,06368,83331,61799,18408,71234,87273,03469,85583,09226,25423,82711,7668,1145,9698,6066,318,89
VungTau,29-05-2012,424767,06368,83331,61799,18408,71234,87273,03469,85583,09226,25423,82711,7668,1145,9698,6066,318,89
VungTau,22-05-2012,119997,03035,28872,74552,08478,68920,98658,70910,19593,88397,80267,75036,4483,2738,7196,6697,101,05
VungTau,15-05-2012,364679,82896,34050,14243,61114,95993,80577,88945,81762,44138,06598,52702,4998,0927,0025,8877,569,88
VungTau,08-05-2012,496879,25984,15672,15153,19924,14611,04789,99282,89794,19894,75123,76852,4826,6574,2182,5080,310,79
VungTau,01-05-2012,837591,45532,19970,82271,78191,33537,20282,41993,52161,01157,89688,31222,6800,1748,0114,9202,902,23
VungTau,24-04-2012,330352,75055,03252,26946,20275,57500,34366,12727,66294,26320,59101,88770,5133,0930,8959,4068,312,04
VungTau,17-04-2012,870155,88214,19584,39699,17131,96813,39116,49570,00050,70329,34541,75155,3166,6561,0927,0892,160,71
VungTau,10-04-2012,723695,29800,64249,92230,04751,98421,49747,92468,31016,83294,69636,07137,2580,3452,8044,7566,721,59
VungTau,03-04-2012,682907,61504,77572,45418,96984,72005,72810,94654,26728,71856,01667,57751,9535,1283,3410,1447,172,31
VungTau,27-03-2012,478251,89783,62091,99146,37766,64240,29190,88487,38492,13785,17130,47918,3172,5174,5081,2633,010,34
VungTau,20-03-2012,043993,71079,49158,07972,46077,07606,74865,92080,07098,30954,80152,70331,0099,2408,5678,6616,585,08
VungTau,13-03-2012,573440,99119,28154,98047,91156,60585,21842,54092,15433,04380,32217,13591,4812,7894,0379,7339,648,74
VungTau,06-03-2012,511506,84737,81934,12866,55221,46397,56006,66933,04099,67983,60394,72095,1390,3966,1253,7357,670,04
VungTau,28-02-2012,700470,12892,27898,51771,82915,83413,75475,29140,10987,92544,31936,20571,0354,8582,8879,7298,399,66
VungTau,21-02-2012,345096,59025,71969,55222,08860,58430,77148,33169,39258,71124,55664,00335,6851,1188,0707,4038,875,40
VungTau,14-02-2012,983694,51422,52347,57161,23888,23971,82592,59541,36806,00429,26741,22421,6634,7204,2942,2891,320,71
VungTau,07-02-2012,535037,43833,64432,23443,22549,03833,18971,71295,57898,23216,26792,66850,4280,3280,2079,4198,537,73
VungTau,31-01-2012,201408,04256,08983,69614,22390,99871,05013,79813,28714,14479,03855,19733,8371,1864,2586,3589,390,42
VungTau,24-01-2012,203389,28653,40579,05757,36679,80015,07750,29151,46125,26118,63622,65861,4625,1097,4312,3883,199,29
VungTau,17-01-2012,064878,15416,53895,75157,22512,09063,16810,23117,60715,49860,90198,21812,8831,1858,7124,4463,001,94
VungTau,10-01-2012,282359,58602,60224,09807,85811,97246,88240,03179,39281,80654,76326,62155,1785,2897,4044,7405,200,95
VungTau,03-01-2012,643446,01708,63189,37666,25753,87029,73810,74331,67723,54515,75108,50065,7211,7328,2936,9831,248,21
VungTau,27-12-2011,684886,01911,15410,69340,82090,08749,52084,01462,38098,71491,36214,48009,2127,2982,7509,7743,708,16
VungTau,20-12-2011,274406,30336,79924,27672,56566,80660,82927,02039,06455,14623,51540,49678,4368,2753,7561,2924,276,61
VungTau,13-12-2011,395024,26095,04897,26868,54127,99926,97229,86576,30123,41687,47784,35026,9360,1276,0387,9054,377,05
VungTau,06-12-2011,383456,82852,11489,07255,21746,89874,85636,24948,68739,62770,29140,12410,4220,9319,4020,3729,166,87
VungTau,29-11-2011,142998,79390,21876,67740,49531,80804,18215,35126,50459,12823,14566,82588,0068,9724,3628,0521,600,12
VungTau,22-11-2011,758931,78845,55559,09817,72691,49393,90295,12874,34408,68334,77747,22764,6126,1894,8865,0128,840,33
VungTau,15-11-2011,226919,26036,51536,96789,69477,72208,02788,39346,64265,18710,75277,09534,8789,6080,2467,6900,530,63
VungTau,08-11-2011,693934,33105,51161,28204,09123,75544,29923,55203,61184,20219,41601,65948,2651,9649,6224,6859,727,36
VungTau,01-11-2011,821315,68146,77371,28373,36634,50367,24158,77740,53240,09268,26846,12084,6870,5711,8393,8284,251,44
VungTau,25-10-2011,330475,59036,43592,80181,81582,61162,46777,59902,56199,61587,36168,23098,9251,9472,7127,1858,602,77
VungTau,18-10-2011,815742,33269,97151,88308,10677,30493,65534,09361,93468,59326,16060,67871,7899,9071,5300,9157,741,08
VungTau,11-10-2011,452159,49721,87249,19019,78643,08563,29626,76128,66719,27793,37992,08633,8566,8273,6022,9146,623,11
VungTau,04-10-2011,157100,75746,96350,51384,03113,88923,87851,79975,37015,06347,85627,48452,2504,0968,4085,6265,071,77
VungTau,27-09-2011,904552,10058,60966,38072,56841,14432,38860,27301,40652,63566,05199,91001,8121,5039,4926,6393,564,66
VungTau,20-09-2011,208867,79331,18249,82350,37367,84656,75078,86967,08163,63340,81983,31629,8534,1710,1176,1279,822,77
VungTau,13-09-2011,399551,96266,11138,32404,71447,87859,48368,77564,52731,89516,92390,47168,4515,4869,8343,1190,886,82
VungTau,06-09-2011,628724,91104,63670,37974,84585,26075,74521,28988,34494,07984,40608,91092,2771,3467,8645,3713,504,27
VungTau,30-08-2011,805645,11515,31123,35128,01606,27224,24404,05155,91753,21981,20483,92318,1819,6325,7027,6577,243,77
VungTau,23-08-2011,286523,21342,09455,13211,48241,68661,58152,98270,22365,51217,17070,93641,4128,7452,7889,1156,045,24
VungTau,16-08-2011,232916,10257,27837,03184,85741,41708,23716,25057,86150,34143,55712,37393,7044,0442,6162,6311,123,46
VungTau,09-08-2011,961831,66216,98937,38385,03698,60364,49189,77175,92264,58035,44369,90012,1792,7835,2449,1350,852,64
VungTau,02-08-2011,442550,66218,25767,06064,46734,34871,52510,09609,57217,07399,51237,45075,8488,2299,6063,9678,867,02
VungTau,26-07-2011,904954,33824,04450,50958,20818,36283,47033,00243,97701,65085,61868,77779,1624,5209,8704,8273,031,24
VungTau,19-07-2011,021310,00316,55968,72187,82817,18268,52144,97417,04569,62792,46210,69078,1003,3782,2165,8718,548,19
VungTau,12-07-2011,443888,17397,04079,10662,55753,81398,05119,03170,77493,80131,72036,84015,1165,3975,6005,0157,861,28
VungTau,05-07-2011,627580,29692,73878,05859,89118,22509,83016,12888,95170,91204,36020,70325,6788,0575,4305,2007,102,50
VungTau,28-06-2011,502082,76265,73710,71553,29112,65422,12376,02291,51909,22222,36261,99587,4750,3142,7858,6045,022,53
VungTau,21-06-2011,434528,23545,52966,12709,79638,33464,13741,86462,67764,11126,57134,21946,9136,4348,7114,2217,203,91
VungTau,14-06-2011,669818,67901,20938,97307,88103,47548,34546,57169,42738,60526,42028,05605,0981,9462,9434,3982,964,51
VungTau,07-06-2011,110528,55822,00509,63980,82640,53967,28933,02820,14974,92878,19536,16803,2249,4978,3401,2046,847,96
VungTau,31-05-2011,689595,54616,35391,70428,74424,07803,55686,38411,96684,56664,33530,35754,3077,8079,3952,6793,718,28
VungTau,24-05-2011,159331,14281,41606,97600,22714,75778,46575,67243,39710,77160,66453,94635,5424,2351,4355,6432,404,91
VungTau,17-05-2011,296327,22781,15687,77814,95616,14736,40310,00893,95131,06293,37643,74901,9499,3306,1866,6543,140,76
VungTau,10-05-2011,178775,84321,57890,62619,02376,76832,12878,05059,67271,48924,36849,15574,0683,0588,6272,6241,510,40
VungTau,03-05-2011,993684,67020,00840,10826,78906,59494,26694,38571,44408,19673,92835,32232,3402,8426,7386,4177,241,00
VungTau,26-04-2011,053991,12209,11129,66084,13509,19422,43246,98684,32842,47299,72708,25270,9072,0583,5733,4391,796,46
VungTau,19-04-2011,980513,55953,25141,50086,20625,47210,70350,42054,59513,52467,76672,78088,2910,1132,9134,6054,583,49
VungTau,12-04-2011,409484,13007,53998,56327,14712,58598,87545,67471,71162,18537,39659,41245,1596,5030,9961,6944,329,23
VungTau,05-04-2011,753067,63142,88265,80731,22827,55385,74105,25928,29842,41686,70792,62408,4253,4634,1708,0725,522,74
VungTau,29-03-2011,864367,26425,60659,06210,76328,70149,37938,18467,93232,77516,62646,02538,5987,2840,3196,5389,952,72
VungTau,22-03-2011,191162,14728,99006,70233,98091,54337,12046,51955,99675,93554,29896,74731,7191,8769,8178,8039,214,55
VungTau,15-03-2011,771990,70137,26760,46792,00507,39270,09061,18490,30243,24266,84714,60265,8310,1933,9079,2985,604,10
VungTau,08-03-2011,627663,47609,64589,87007,78342,52888,82751,38910,75098,84512,65677,98532,5707,1433,2853,7430,081,18
VungTau,01-03-2011,888297,44257,33831,90719,91651,42054,57458,37633,36891,76865,97752,02487,1363,4877,3684,3024,121,34
VungTau,22-02-2011,907807,15701,01417,39765,41622,55475,06484,64682,86517,00144,27379,17965,3657,4284,7657,7923,573,85
VungTau,15-02-2011,125673,45521,45674,26294,00463,05627,47100,37400,52591,64592,52815,22753,9829,3261,5319,8984,064,68
VungTau,08-02-2011,812009,41737,76951,37210,93631,59599,26323,78602,91276,86109,04545,35774,3756,4584,9817,4227,978,02
VungTau,01-02-2011,914054,51101,13281,46294,90582,16406,26615,45569,44670,11054,81313,21373,9295,0281,0196,7832,113,53
VungTau,25-01-2011,126683,33528,52312,97221,85850,18914,75478,41896,85451,29781,68323,33725,4056,8244,8793,9176,286,80
VungTau,18-01-2011,985079,16250,79973,58236,90727,05635,63698,46767,77860,47167,84730,95032,9768,6972,0657,7432,035,32
VungTau,11-01-2011,280817,50726,43369,58393,00362,86777,20510,06010,47458,93902,32377,14691,5026,6477,2636,0759,311,91
VungTau,04-01-2011,437970,32792,01622,16032,16781,18712,00043,15628,66822,51356,73533,24592,8625,2102,1045,1746,577,67
VungTau,28-12-2010,446572,35989,94846,17367,83240,14563,38016,60451,43440,59091,33857,61501,4944,5493,0808,3201,906,99
VungTau,21-12-2010,518262,80766,12505,07935,64933,62290,25966,09620,48057,94691,02440,52053,2921,8817,8147,8448,334,81
VungTau,14-12-2010,757297,69723,09519,85742,07698,61005,94692,75862,87140,35932,42548,77087,9252,3060,1544,6292,172,93
VungTau,07-12-2010,910170,37976,52486,19147,10385,34211,37354,60639,16309,10693,11394,69331,1663,8560,3180,2837,597,99
VungTau,30-11-2010,036777,81175,07924,02137,81040,18894,05900,21610,69061,65481,09264,16578,4917,8099,7891,8807,166,11
VungTau,23-11-2010,159052,07888,18105,83817,41214,44411,15209,19485,46969,85162,83355,47678,2304,8600,4077,5728,157,73
VungTau,16-11-2010,988711,26902,36501,31406,99058,98509,52033,86670,91286,82434,79724,10447,6660,2502,1595,7851,847,79
VungTau,09-11-2010,344457,48043,56196,38030,72003,07004,81540,37568,50132,74200,09042,98486,6646,1070,0416,3428,514,95
VungTau,02-11-2010,565390,51359,44216,58657,28160,76399,11102,17820,99223,11731,52236,41014,7198,6486,1273,5721,203,11
VungTau,26-10-2010,858985,16855,77371,57444,59775,67750,99878,92400,12704,29635,45874,80064,2215,1543,1683,2123,547,12
VungTau,19-10-2010,147724,14234,31042,37216,42125,39250,68893,87968,71005,05113,85460,08226,8682,9669,4489,6564,905,11
VungTau,12-10-2010,632681,16349,56183,90693,57439,70941,43907,76680,13331,46029,96627,54058,8336,2395,0040,7113,597,11
VungTau,05-10-2010,109721,50201,30863,00305,70241,28091,34575,80432,44986,48030,28328,94633,0406,1718,2723,3265,027,90
VungTau,28-09-2010,786817,13985,80803,63396,17641,57239,23964,80749,37273,21596,38832,38714,2516,0793,7690,8185,280,72
VungTau,21-09-2010,010843,42241,70001,27690,08757,20270,20191,60869,45790,64915,13167,79629,0508,4294,5715,1028,256,11
VungTau,14-09-2010,825121,37536,37897,52452,11302,67057,07568,39513,73096,35353,35061,30241,5564,3239,2485,3607,134,07
VungTau,07-09-2010,956706,45033,45503,46359,26615,29122,90479,41686,63038,87547,84211,58661,2658,6188,8197,9912,878,33
VungTau,31-08-2010,707182,28213,84844,43472,40233,17979,24955,54348,29443,24764,38748,42457,9349,9726,3486,2666,166,13
VungTau,24-08-2010,067712,03139,21880,25588,35536,26114,92642,53846,88869,87307,97225,48056,7715,3008,2495,3640,001,09
VungTau,17-08-2010,854234,09142,21151,69900,26935,13574,48837,34691,73626,78780,18630,26754,5847,3271,9781,6649,157,14
VungTau,10-08-2010,961404,59642,59850,64210,18913,28034,94015,66047,41207,01220,23985,26330,0596,7414,6610,4480,698,69
VungTau,03-08-2010,662579,48436,60720,39868,24384,49956,17014,25955,68928,01657,54835,35531,5006,2459,2361,4274,603,54
VungTau,27-07-2010,388036,15682,42023,26414,67822,52017,16529,57086,47224,80521,62953,69760,8635,1165,4856,7598,164,88
VungTau,20-07-2010,652420,65942,18898,15384,86700,78383,49008,57587,21191,46190,93979,30872,2919,3977,4847,8958,859,75
VungTau,13-07-2010,362030,15875,30054,77535,52545,89528,68481,78225,96023,96930,26415,64846,3254,3784,3395,5221,049,87
VungTau,06-07-2010,992377,78677,84222,25362,64298,94739,79191,03167,21804,15403,94829,42462,2545,6067,8360,4981,357,18
VungTau,29-06-2010,741524,65520,06244,39520,18060,21882,43006,05368,14564,15707,27436,74388,8611,1143,5778,7513,205,61
VungTau,22-06-2010,455734,39150,39294,51371,87692,64327,78392,42996,10435,38108,18675,99658,0221,4377,8526,5363,979,76
VungTau,15-06-2010,318747,23103,95063,04741,34685,10960,22727,65371,68090,09445,44878,73310,5265,9713,1991,4215,956,72
VungTau,08-06-2010,942724,72599,66227,98672,90244,39470,18322,04773,92454,91440,16074,82624,1218,8200,3245,6473,146,67
VungTau,01-06-2010,284370,97240,81418,44418,83725,67215,42469,59581,76719,12662,02540,82316,8652,5494,1352,0037,538,09
VungTau,25-05-2010,146032,86529,99317,02552,89564,12108,15295,99422,99027,86913,70729,25250,9253,0790,1156,3622,154,15
VungTau,18-05-2010,129681,36483,16830,67726,19638,28212,75985,94488,68422,87968,50049,76527,7966,9000,1400,9882,585,28
VungTau,11-05-2010,346932,90813,58653,35187,71708,77355,45884,51209,35483,61655,74475,02932,0522,5551,4549,4199,050,62
VungTau,04-05-2010,964740,38129,33562,80656,36761,53319,10939,94573,80618,20485,19742,91923,7266,5785,3521,9445,571,42
VungTau,27-04-2010,284097,60938,59777,55735,02601,77778,15022,93906,39315,14574,23389,62153,1443,1991,4283,6301,197,37
VungTau,20-04-2010,908596,32147,89630,94850,64911,55104,49819,96908,06217,75143,23074,98294,2715,1523,9552,6672,991,06
VungTau,13-04-2010,025066,58598,93361,56400,80102,68936,04175,84612,95316,16528,24899,84066,4480,3211,7061,6674,895,84
VungTau,06-04-2010,123739,32767,28467,27783,36956,40518,17029,72392,27986,31935,42546,76741,0055,1244,1753,2785,625,16
VungTau,30-03-2010,229017,77202,60864,48796,78304,78078,79677,12016,63300,46049,31957,26698,0916,2606,7013,7922,279,16
VungTau,23-03-2010,676652,94333,97831,10451,09946,13379,65834,00153,84472,24855,04302,68186,9621,3584,0428,8253,106,60
VungTau,16-03-2010,501846,92883,21343,31889,40672,77908,62054,73845,49962,68048,45327,77214,5627,6067,4524,7110,576,82
VungTau,09-03-2010,926432,33034,67130,01381,24562,39601,56969,80689,66350,14720,46670,86398,0668,1712,2773,1915,423,73
VungTau,02-03-2010,538402,73531,27700,68184,87110,02487,98096,86411,78292,48590,84995,44321,8086,8200,1640,3269,063,96
VungTau,23-02-2010,952799,15470,50061,59156,86381,88626,33040,53307,63578,07088,93857,83796,2168,9377,2772,9282,698,99
VungTau,16-02-2010,496319,80224,90006,37647,42369,24428,65016,09492,03682,09515,73172,00795,6107,7291,2850,5797,052,96
VungTau,09-02-2010,429511,16899,24162,81231,97430,88561,22097,56476,94946,13100,07527,11571,1794,9898,9852,6506,197,44
VungTau,02-02-2010,519976,43649,01399,78977,95272,72836,85486,52384,58094,46548,09302,96888,0553,4361,8985,3708,352,75
VungTau,26-01-2010,865233,95057,79762,39659,93757,75210,47655,83186,84308,81547,85525,44150,1348,0681,4347,7900,934,88
VungTau,19-01-2010,879239,63800,52812,37849,92834,53481,51884,99953,05644,42583,07975,23916,6452,6178,7574,0301,904,83
VungTau,12-01-2010,330016,49796,35101,66523,13680,11762,50226,59846,69040,99489,90903,73259,4723,7236,5470,3839,464,16
VungTau,05-01-2010,249338,90311,98351,75455,30201,92801,16946,96906,15763,05147,73403,03945,9841,3021,9739,8098,181,04
VungTau,29-12-2009,720836,79250,44098,75035,22532,21104,29344,17456,83355,40370,92817,44187,5384,2850,3195,2445,803,64
VungTau,22-12-2009,495648,38764,54265,46169,07169,02413,76396,40048,61143,51212,86355,32470,1043,1137,8808,1741,879,03
VungTau,15-12-2009,925913,76114,75446,63371,61964,03147,50942,42210,74090,92700,94461,82189,5211,2542,2507,3873,118,18
VungTau,08-12-2009,504545,52319,08400,80214,09415,34873,40678,37623,76621,76276,05400,38875,0569,6107,4850,1326,421,22
VungTau,01-12-2009,281021,61581,20596,84300,10372,64158,09808,00788,26916,66030,51908,08554,4430,5831,3324,5871,882,58
VungTau,24-11-2009,356537,56248,30234,30631,18955,41599,52947,08371,02760,45608,88028,01914,3427,2101,6615,4181,971,49
VungTau,17-11-2009,053188,08107,72170,37234,13861,38875,97116,22280,50122,46325,67257,51270,4979,3099,3937,3425,732,48
VungTau,10-11-2009,122812,32239,89083,44436,83622,93409,22009,00686,86856,36113,74903,23907,5074,0273,7248,6227,682,09
VungTau,03-11-2009,972574,49848,11124,90952,07062,65144,34481,04534,05049,25160,72996,06255,4216,5870,8095,7722,271,41
VungTau,27-10-2009,826572,14082,04899,35314,64266,56621,22471,41303,75798,92404,16481,83955,4678,4907,0619,5866,853,69
VungTau,20-10-2009,962235,56386,69612,73111,63915,58536,04110,01172,49119,36466,95823,90819,2723,1280,5411,8761,362,38
VungTau,13-10-2009,017289,48884,14939,99920,13772,13766,90119,69121,14102,29855,35024,44100,1351,0489,1781,7794,240,08
VungTau,06-10-2009,462111,38493,16826,61361,67398,11349,04163,51498,02428,37638,04823,03245,7858,1851,3997,1086,205,58
VungTau,29-09-2009,91087,75623,52828,99268,86912,77427,07100,48926,84339,20653,54215,70492,5473,0587,5721,4546,027,06
VungTau,22-09-2009,36049,03278,20530,17559,23621,81030,16796,96081,22675,56788,03929,60174,1486,7806,8313,9984,234,18
VungTau,15-09-2009,49671,04009,83334,84944,86090,06021,39865,77889,61210,13344,46186,05841,3701,5949,2726,1526,773,78
VungTau,08-09-2009,11055,46600,69263,57734,15134,03836,30291,97116,71576,99038,27149,92213,3518,3261,7006,2940,549,15
VungTau,01-09-2009,61728,84964,74698,58353,89930,45152,16415,18841,18661,17395,96943,23315,8385,3895,7190,1622,612,00
VungTau,25-08-2009,69189,46685,12383,38661,86076,84233,95819,86998,99093,66054,71259,45353,2044,0643,3393,6765,260,11
VungTau,18-08-2009,44398,54364,73050,67394,67328,68396,12668,39795,21633,11018,31498,39389,2884,8486,7331,0814,217,53
VungTau,11-08-2009,03624,45611,77938,27833,04363,38781,62349,21228,10230,58287,73358,79248,5645,1327,3904,4644,118,35
VungTau,04-08-2009,13282,45602,53124,40280,96245,66730,48163,54488,05173,05253,99892,24370,3670,0370,1841,9166,937,87
VungTau,28-07-2009,36918,64969,02931,14660,09084,65585,79933,76721,77260,01731,80399,58689,3499,9146,4069,7374,758,42
VungTau,21-07-2009,89262,47112,04823,46485,77708,74795,36047,45056,24349,11976,10352,92569,5657,8973,0202,0960,053,27
VungTau,14-07-2009,20652,96545,75676,97639,21900,48622,86781,81078,14041,06094,17253,98212,8140,5864,5980,5625,447,82
VungTau,07-07-2009,69107,45169,59567,83440,17415,16836,90196,50041,98356,47882,57236,65386,0023,0164,2100,1250,735,23
VungTau,30-06-2009,43429,91033,54339,71247,53887,80150,35610,24633,24693,66252,89347,31133,3868,2142,4160,9563,838,36
VungTau,23-06-2009,47089,78145,63443,95793,56987,87064,94858,17057,71418,76133,16423,87466,1350,2845,8625,2408,797,29
VungTau,16-06-2009,90163,83227,48160,44709,27351,98039,67299,92962,06663,40514,14319,09952,3289,7637,4269,2334,851,00
VungTau,09-06-2009,43885,21775,73790,50568,16958,47496,54812,81167,55524,88386,32916,44536,3970,6502,0969,1487,451,00
VungTau,02-06-2009,09476,33423,43411,47380,48060,67771,55625,66268,55221,12257,98872,73335,5875,2567,0526,8482,259,97
VungTau,26-05-2009,00923,44929,20656,67411,21846,57383,21719,85136,66207,64450,13682,53959,4538,6881,7979,4418,732,12
VungTau,19-05-2009,44628,99065,08473,56297,16609,89467,18644,68101,81921,68589,31929,47336,3753,2635,9991,0644,592,86
VungTau,12-05-2009,12815,77618,08434,30392,30739,02853,56482,25433,82264,47925,98118,75608,7818,3070,3965,2697,033,88
VungTau,05-05-2009,42505,41620,31843,33799,48672,50024,89761,92556,80910,41547,16924,85301,4108,1724,0938,3753,253,68
VungTau,28-04-2009,65355,43313,13318,85927,57342,50892,81309,80057,24920,03970,49672,63532,8938,3621,6251,3836,214,43
VungTau,21-04-2009,24412,10658,53476,78622,55136,52316,32946,03459,50692,15774,84538,78380,6180,7002,5343,6745,660,24
VungTau,14-04-2009,60763,91263,59652,55333,44303,57215,30906,10946,39520,62251,01398,20305,4115,7606,0590,6001,884,08
VungTau,07-04-2009,14863,41401,33558,45834,59264,81722,05315,84390,93502,12232,91376,80567,2063,6618,7836,9181,061,52
VungTau,31-03-2009,59839,08675,35877,60592,40117,69995,36831,14404,15797,39125,11619,96192,1788,4625,3411,6114,668,98
VungTau,24-03-2009,39526,62715,95587,63917,40470,67173,22037,00307,18054,85214,06212,57210,2237,6523,2618,2694,248,29
VungTau,17-03-2009,95333,61732,12084,90210,78103,05345,12063,01478,93393,53762,26954,41847,7838,7393,0620,2249,062,23
VungTau,10-03-2009,89180,54872,37590,61198,66383,09488,55898,79218,10444,80830,65078,19471,2006,4239,5292,4850,495,14
VungTau,03-03-2009,26343,92988,82266,67023,82764,80196,76047,64863,63827,24355,99967,75292,3970,4042,7657,9022,138,58
VungTau,24-02-2009,82888,79263,56901,47151,12993,93486,14721,36657,94731,35990,12666,73278,3017,6834,8871,1586,995,25
VungTau,17-02-2009,45980,20630,43217,02352,36985,15487,46553,82158,96945,88302,33294,05189,1695,2284,1828,7880,675,30
VungTau,10-02-2009,64960,08390,36051,20065,02435,68390,96090,65280,47610,48320,84182,42665,3271,0630,0161,1191,410,95
VungTau,03-02-2009,29977,67551,13570,20498,48357,85869,78646,27494,07265,37384,55073,42302,7017,2940,4941,7727,654,65
VungTau,27-01-2009,33286,10532,08407,99466,80159,80009,87585,52681,68744,99216,47481,72250,3679,0697,8139,2488,376,26
VungTau,20-01-2009,39056,13490,01736,17207,71460,08846,47220,51275,60551,76829,69784,43165,5253,1200,8905,7307,732,89
VungTau,13-01-2009,55746,41185,87123,92711,23156,60365,85256,05358,32872,20354,73197,34648,6701,9659,4654,3144,769,47
VungTau,06-01-2009,98324,18338,55043,11573,06046,52995,59458,83207,41608,50991,12497,96637,5286,1831,7226,3355,461,01
VungTau,30-12-2008,79110,95134,65185,22964,25962,52866,92962,99317,35262,18537,75012,17850,0914,5801,1622,5026,090,56
VungTau,23-12-2008,49776,37971,24718,78881,97033,70600,31450,30113,41436,75508,63645,03125,3107,9008,6203,3153,196,55
VungTau,16-12-2008,20282,00941,64581,55512,64301,09036,64434,10949,42154,20418,31919,11457,3347,2733,8839,2567,310,57
VungTau,09-12-2008,48573,15524,33465,07856,30217,17821,72383,74927,04613,83748,74445,74069,7657,4126,7378,6301,594,82
VungTau,02-12-2008,37463,53115,87335,22630,18922,61284,99111,36585,68370,53893,77215,57493,2325,6384,2042,9817,598,27
VungTau,25-11-2008,47100,42311,89243,65025,61147,28642,27399,90672,37720,43534,38015,26805,7528,3672,5299,6448,314,12
VungTau,18-11-2008,76116,19497,03485,14422,16740,87318,21792,20378,35707,92723,14284,89991,8988,6836,6143,4406,610,41
VungTau,11-11-2008,24632,86883,69121,57407,33456,57634,57764,59161,50666,12712,27562,06516,6031,0851,0712,4734,270,56
VungTau,04-11-2008,55357,65639,91730,16087,95474,41596,51148,47586,97225,85867,91592,19116,5582,5866,2527,3943,836,97
VungTau,28-10-2008,63058,13665,49534,35599,26863,27034,37466,30702,39207,83845,79567,54497,7138,0609,6238,8848,153,11
VungTau,21-10-2008,24997,08186,67135,29412,49864,98945,13487,52982,65009,84409,76032,31036,0160,4164,1933,1152,579,39
VungTau,14-10-2008,75288,59500,50870,84545,50295,38707,32453,01865,82999,85946,52877,11186,4854,8892,0611,9784,154,64
VungTau,07-10-2008,20279,71848,33128,80246,60919,39942,55893,67355,71048,52217,02987,46332,3397,5039,7216,3270,902,34
VungTau,30-09-2008,23819,01579,83003,89098,24089,74178,98528,73429,12570,64431,86534,40097,8895,6693,4537,2899,030,56
VungTau,16-09-2008,85469,61820,65233,82098,74124,63406,39434,06756,56225,66969,76280,51209,3418,1988,5613,5769,048,88
VungTau,09-09-2008,48197,17403,91709,30461,13265,94157,80890,61781,82644,73666,93157,07847,6668,3404,5675,8403,901,03
VungTau,02-09-2008,60324,06017,14182,37756,65628,61289,08520,34138,00026,28155,96607,79194,8226,0750,7998,2070,608,78
VungTau,26-08-2008,82159,10843,17574,35750,94445,38666,65804,03555,45305,13368,69618,33313,8495,3154,2675,3552,250,73
VungTau,19-08-2008,76385,34797,01057,48949,61371,61640,04946,77073,68662,09679,06518,48694,6285,9254,0773,2238,474,15
VungTau,12-08-2008,79628,76305,86419,69817,32965,40791,19527,91438,39778,63202,07391,84006,6414,7484,1144,3190,885,53
VungTau,05-08-2008,08874,39968,86394,23454,20360,84026,04580,03535,75670,67082,59030,25240,9473,3503,7861,3891,594,95
VungTau,29-07-2008,62178,29234,97990,94644,67027,20864,01720,25764,51388,91762,01853,57968,4355,9384,0295,1080,855,01
VungTau,22-07-2008,10467,02839,60507,67471,12889,92756,36132,84569,15914,36468,31766,31294,5903,2960,0081,0994,759,00
VungTau,15-07-2008,94032,83484,25030,27572,17418,26772,50119,95502,29923,55509,43302,96665,4004,2745,6466,9701,080,96
VungTau,08-07-2008,36518,47714,30598,84799,14692,77663,88934,87270,54358,57328,92473,88672,6936,6491,8315,8859,273,81
VungTau,01-07-2008,05997,71110,59284,99900,91413,40302,12087,20776,69474,91130,84030,35717,6904,6204,8815,5406,981,98
VungTau,24-06-2008,33639,89994,79653,46834,95070,32772,59711,70710,69535,35231,09001,94531,6214,2986,3039,7412,584,43
VungTau,17-06-2008,34186,27901,81900,63101,78714,00516,77538,27931,98107,69771,01501,04809,9855,9888,8616,3908,009,20
VungTau,10-06-2008,94596,31612,13810,72327,05251,51471,82702,14715,07463,87286,05141,08996,3697,7840,6609,9079,776,49
VungTau,03-06-2008,98600,30149,35856,61959,87035,00045,99549,69890,72124,52791,91706,41687,2996,6603,9489,0682,077,95
VungTau,27-05-2008,64615,75028,94469,19205,45202,88471,21441,83763,31486,80333,97451,28931,0122,6302,5268,1392,776,09
VungTau,20-05-2008,70453,45038,78702,93133,87925,78182,77464,86343,09564,32367,58304,14630,4726,2663,1470,5601,113,86
VungTau,13-05-2008,66850,92490,23247,62975,20146,82128,41119,37609,81693,14830,51648,80707,8252,5187,5542,7077,731,73
VungTau,06-05-2008,31354,34026,79893,38922,53655,96884,78547,02869,75086,81379,92464,13257,8072,7109,3847,1122,610,12
VungTau,29-04-2008,28018,87612,81479,24362,78897,38806,66291,01322,69176,40529,87817,4493,8986,8509,1507,0070,546,27
VungTau,22-04-2008,97026,68013,29056,51762,06795,46533,39888,34178,64422,94784,83776,8699,2793,5185,1475,3754,318,77
VungTau,15-04-2008,36260,22860,50171,64632,72435,65617,47443,20542,56023,94619,95678,0510,8529,0363,8834,3401,157,77
VungTau,08-04-2008,86725,93014,19266,27389,83032,82106,90121,39174,14838,68112,99820,2550,1826,0822,5253,5172,396,88
VungTau,01-04-2008,39075,40013,30880,56025,02626,71575,68897,38147,45607,01068,23053,9043,8999,7252,1460,4703,629,92
VungTau,25-03-2008,05805,10576,10522,99092,91427,15885,23721,72141,72433,75329,63497,2937,9963,5687,8181,2698,981,98
VungTau,18-03-2008,90686,62640,82668,68055,28970,74677,34602,31006,01028,65470,93301,0271,8399,7256,5887,0729,407,44
VungTau,11-03-2008,04870,88303,83654,73581,63669,42702,74733,19087,88818,41232,48600,3970,3615,3745,9747,1536,511,42
VungTau,04-03-2008,33531,02518,40468,18156,69274,14162,99136,57383,26259,33319,84584,3577,0441,5136,6971,9338,304,55
VungTau,26-02-2008,99560,56507,21718,97857,86798,56685,02190,28882,59568,44735,90051,13029,8890,8771,6760,4504,223,08
VungTau,19-02-2008,57977,86722,20592,87224,93651,45724,75364,55607,49772,47277,38493,75033,0604,9080,5783,7244,820,77
VungTau,12-02-2008,45951,64855,14622,84032,33217,73943,11544,19572,96173,48327,17992,16521,8470,5141,2334,4041,667,73
VungTau,05-02-2008,43168,18944,54431,14838,81566,83234,25145,24252,77908,91157,01072,20213,8145,6145,7833,2836,762,80
VungTau,29-01-2008,44259,81005,14382,00732,89916,98571,55621,38200,46181,13070,82587,37352,6807,1173,0237,0329,596,72
VungTau,22-01-2008,04791,37784,91821,72710,64759,51165,80221,33146,59570,67213,16088,32894,6856,7885,0668,1922,144,83
VungTau,15-01-2008,87962,38154,87912,15773,05214,72717,75218,63990,62811,64889,58754,16509,4034,1477,1811,6837,107,20
VungTau,08-01-2008,29267,99998,44973,89500,94930,28285,02583,45341,66434,63342,03862,53470,4054,4307,8522,3618,118,87
VungTau,01-01-2008,85823,86043,57537,96310,04514,32126,81892,15953,85174,10496,72587,10726,0556,4342,3551,8746,839,29
VungTau,25-12-2007,73917,57181,56122,94669,32477,75019,47001,62377,87392,06455,08583,04352,7728,5818,5096,5698,379,40
VungTau,18-12-2007,50974,61217,84647,27564,12737,91942,25554,54750,25602,30758,85928,56189,0571,7392,1015,1433,879,64
VungTau,11-12-2007,93400,63315,24484,97634,93207,38903,26898,99839,18459,27383,88889,73273,7434,9368,8119,5395,686,34
VungTau,04-12-2007,66149,64561,50921,43590,81831,20914,01400,36969,69383,78793,94355,68667,3862,1327,9434,7852,784,19
VungTau,27-11-2007,77882,47978,09463,48146,31298,78030,95136,00020,96273,67565,17802,96813,7330,7508,4186,0409,987,71
VungTau,20-11-2007,26599,69312,23635,04108,36291,56343,90400,40148,04037,35422,11088,17137,5626,6761,6895,3557,327,58
VungTau,13-11-2007,73195,78493,78052,57550,33056,52318,40652,38535,73553,92528,56526,18246,2961,1458,4904,6253,794,49
VungTau,06-11-2007,85736,15479,23051,23066,18749,44248,21983,44106,89332,82813,98713,89076,1496,8505,7430,5315,968,07
VungTau,30-10-2007,51052,36879,28076,30115,85571,34006,82053,56812,66056,21389,00350,36213,8205,0086,4320,9321,080,17
VungTau,23-10-2007,09325,54036,02533,59674,75081,51163,23743,62617,95207,69333,92798,68291,8522,2416,9425,7073,455,48
VungTau,16-10-2007,84224,09213,77416,86760,95675,97573,90679,88589,35954,89352,39971,45052,9271,2082,8342,8548,273,74
VungTau,09-10-2007,15652,67269,16816,36865,75040,47634,79818,03039,68833,19776,33774,48083,5314,5484,7454,0514,382,79
VungTau,02-10-2007,27702,02161,93514,33684,50685,72395,57104,92973,76756,10005,77633,06454,7379,8662,1794,1642,711,83
VungTau,25-09-2007,10638,33589,34041,26542,50976,65588,56626,29404,30527,81175,17365,80881,6448,4014,2401,5081,364,20
VungTau,18-09-2007,95292,42542,54517,90955,81696,99064,30420,41637,68206,99339,60158,89762,9622,6460,5219,0451,071,24
VungTau,11-09-2007,87394,26493,19966,58850,69063,28753,04833,57795,97265,87029,97767,14324,9173,3290,1342,0493,556,10
VungTau,04-09-2007,50467,51114,14502,72555,53381,73204,71976,77981,39023,16082,22370,09911,5411,9285,8711,4958,135,22
VungTau,28-08-2007,75973,53792,32372,69499,82047,10665,67379,75764,70051,07881,26601,49867,5346,4802,2524,0441,063,96
VungTau,21-08-2007,33114,30932,75595,64763,25202,39078,98008,78654,70035,44512,12840,96615,3713,3981,3175,6411,197,82
VungTau,14-08-2007,45400,89178,06639,04244,47548,30390,97009,67318,67783,63979,79307,67180,5870,2153,6003,4030,042,80
VungTau,07-08-2007,73716,06219,65500,60458,97774,23202,44350,80829,12977,81429,27838,10739,9618,1852,3600,6683,263,27
VungTau,31-07-2007,14813,79922,06821,00302,51295,70321,95127,89240,05434,22941,80209,97775,7513,8161,6709,5721,277,64
VungTau,24-07-2007,79542,67953,68482,51688,90046,90689,42994,67565,18606,68848,21512,14692,4241,4735,9023,3784,874,37
VungTau,17-07-2007,88712,32915,52849,75475,67631,92134,67779,61200,96160,96151,08723,81937,3875,9728,4210,3986,170,31
VungTau,10-07-2007,26939,91902,93633,30311,57956,71979,72878,83767,30643,13787,72007,73436,3447,9729,9833,0458,005,27
VungTau,03-07-2007,25892,25411,83852,19997,45488,40558,68727,50410,46515,97979,07297,24968,1969,3861,8012,5458,105,54
VungTau,26-06-2007,59311,50636,05559,51112,62346,20517,39960,58291,59406,28252,64358,05786,1451,4766,9896,0662,570,62
VungTau,19-06-2007,74230,46773,19458,57725,65367,44182,38822,23926,16082,05644,29010,96128,7297,3416,9694,5509,240,34
VungTau,12-06-2007,16169,51131,40894,65364,87107,64356,65951,86323,48352,47223,16957,67721,7284,1413,7885,6761,387,20
VungTau,05-06-2007,70960,76242,81946,19960,07841,10087,07848,92208,41374,62135,16072,71673,3749,4812,7301,5709,835,25
VungTau,29-05-2007,45460,15950,07896,08802,82392,09560,99065,09554,42836,79473,67190,00010,5825,3952,3466,4701,666,28
VungTau,22-05-2007,61134,80201,55472,37675,19298,89555,79285,72894,61656,17970,65971,44799,7715,4155,5585,0849,638,24
VungTau,15-05-2007,56801,90522,18277,68109,22293,79287,76085,83018,68006,39653,59255,45898,6001,4296,3654,9831,622,32
VungTau,08-05-2007,24945,60947,39459,50764,36510,50933,40742,03837,60797,66902,27503,98879,7181,6160,0901,1344,507,03
VungTau,01-05-2007,78694,41301,04400,39981,86636,42911,85224,34705,39525,62218,62849,27281,6072,9658,0307,5470,608,02
VungTau,24-04-2007,92399,86562,21263,20624,23172,04319,12940,46389,37473,45553,41819,18446,5231,8499,8745,9041,286,55
VungTau,17-04-2007,70039,30249,58219,65050,70011,62437,36831,12809,34348,39368,23374,60973,8969,0125,9148,4117,695,49
VungTau,10-04-2007,65588,34512,31034,90692,14306,24273,29618,39897,87684,87365,33309,87145,6401,9982,4397,8650,327,60
VungTau,03-04-2007,13463,41998,75124,29055,35113,24891,49589,21515,72981,21011,59528,85272,6066,9658,8310,9960,223,48
VungTau,27-03-2007,97592,21623,33332,72258,28150,70405,06007,30983,08270,70148,06987,57607,9643,0827,9347,0134,965,23
VungTau,20-03-2007,61688,60549,20694,12146,70776,17225,27317,10996,41837,22188,87364,92800,1250,8390,2001,7561,424,12
VungTau,13-03-2007,53885,50413,81279,85265,92376,52907,71866,27664,11275,71919,10309,60706,8428,0588,4219,6187,383,74
VungTau,06-03-2007,40388,76441,84154,44920,95408,11074,55856,60423,31263,97869,62500,92644,8466,3903,3686,0111,197,31
VungTau,27-02-2007,35376,74620,66078,78827,43508,69073,10073,12462,58518,67865,06881,80727,2270,9624,0107,7565,900,28
VungTau,26-02-2007,99560,56507,21718,97857,86798,56685,02190,28882,59568,44735,90051,13029,8890,8771,6760,4504,223,08
VungTau,20-02-2007,85786,47213,74680,55050,56718,71836,52518,50058,94335,57199,31375,33816,1892,0928,5708,8047,353,28
VungTau,19-02-2007,57977,86722,20592,87224,93651,45724,75364,55607,49772,47277,38493,75033,0604,9080,5783,7244,820,77
VungTau,13-02-2007,84218,02221,32547,94424,37867,05068,78804,15471,04445,08332,61629,64726,1961,6106,4743,2039,752,39
VungTau,12-02-2007,45951,64855,14622,84032,33217,73943,11544,19572,96173,48327,17992,16521,8470,5141,2334,4041,667,73
VungTau,06-02-2007,16913,14327,75550,83208,25358,15263,30350,25934,13903,29384,33223,53429,0683,6044,2767,1186,095,86
VungTau,30-01-2007,98312,52014,49433,56471,61475,06952,65455,14163,66188,62083,30118,20351,3260,5630,9231,4919,585,49
VungTau,23-01-2007,55137,12328,42928,11344,00092,31126,21233,11200,88425,25810,73755,96117,1377,1437,9038,3145,443,48
VungTau,16-01-2007,51356,32181,16975,13654,69122,46700,24200,97115,06103,35500,15894,11389,3127,7702,0241,0685,087,90
VungTau,09-01-2007,15649,71051,15996,06879,21237,82903,61692,53333,34496,10096,69692,50533,6410,9296,4758,8916,139,39
VungTau,08-01-2007,29267,99998,44973,89500,94930,28285,02583,45341,66434,63342,03862,53470,4054,4307,8522,3618,118,87
VungTau,02-01-2007,02728,06538,20203,02298,76808,06135,37856,61170,80435,13875,24981,02491,3863,6265,1103,0291,490,73
VungTau,01-01-2007,85823,86043,57537,96310,04514,32126,81892,15953,85174,10496,72587,10726,0556,4342,3551,8746,839,29